0
0.4061595
0.4144507
0.4144589
0.4144735
0.4144368
0.414477
0.4144462
0.4144861
0.4143666
0.4143535
0.4143748
0.4143668
0.4143601
0.414466
0.4144277
0.4143698
0.414472
0.4152646
0.4154079
0.4153932
0.4153017
0.4153987
0.4153819
0.4154483
0.4154147
0.4154276
0.4153754
0.4153728
0.4154691
0.41543
0.4154287
0.4153427
0.4154302
0.4153358
0.4153478
0.41545
0.4154267
0.4154613
0.4154316
0.415434
0.4154665
0.4154024
0.4154263
0.4154128
0.415335
0.4153396
0.5495651
0.5495657
0.5495736
0.549583
0.5495825
0.5495864
0.5495872
0.5495793
0.5499328
0.5499319
0.5499324
0.5498514
0.5498491
0.5498594
0.5499362
0.5499337
0.5500275
0.5500041
0.5500525
0.5500758
0.5499395
0.5499617
0.550047
0.5499755
0.549996
0.5499336
0.5499516
0.5499769
0.5500092
0.5499955
0.5499498
0.5499912
0.5499873
0.5499369
0.5499328
0.5499219
0.5499489
0.5499043
0.549962
0.5499458
0.5499406
0.5499558
0.5499101
0.5499372
0.5499583
0.549944
0.5499586
0.5498555
0.549871
0.5498949
0.5498496
0.5499344
0.5499001
0.5498865
0.5498399
0.5499043
0.5498617
0.5499369
0.5499417
0.5499247
0.5499757
0.5499795
0.5499622
0.5499335
0.549964
0.5499904
0.5499619
0.5499722
0.5499197
0.5499541
0.5499378
0.5499414
0.5499333
0.5498895
0.5499938
0.5499858
0.5500186
0.5501329
0.5501091
0.5499967
0.5499783
0.5499715
0.5499971
0.5499503
0.5499201
0.5499677
0.5499573
0.5499892
0.5499816
0.5500042
0.5500227
0.5500751
0.5499883
0.5500014
0.5506373
0.5499375
0.5499925
0.5498524
0.5499071
0.5498766
0.5498655
0.5499121
0.5499423
0.5498652
0.5498486
0.5498513
0.5499529
0.549951
0.5499603
0.5499401
0.5499457
0.5499572
0.5498777
0.5498959
0.5499443
0.5499615
0.5499352
0.5498903
0.5498694
0.5498816
0.5499352
0.5499779
0.5499384
0.549939
0.5498682
0.5499358
0.549939
0.549955
0.5498683
0.549867
0.549935
0.5498681
0.5498324
0.5499335
0.5499555
0.5499166
0.5499946
0.5499864
0.549959
0.5499443
0.5499722
0.5500004
0.5499492
0.5499578
0.5499578
0.5499021
0.5499383
0.5499679
0.5498741
0.5499379
0.5499386
0.549973
0.5500112
0.5499526
0.5499962
0.5499603
0.5499652
0.5499407
0.5499559
0.5499058
0.5499421
0.549944
0.549895
0.549974
0.5498775
0.5499366
0.5499811
0.5500007
0.549948
0.5499417
0.5499525
0.5498645
0.5499328
0.3105424
0.3105562
0.549894
0.5498788
0.5499295
0.549948
0.549971
0.5499603
0.5498548
0.5499349
0.5498832
0.549942
0.5499344
0.5499467
0.5499586
0.5499434
0.5499453
0.5499437
0.549935
0.5499269
0.5498964
0.5499181
0.5499402
0.5499387
0.5498701
0.5499609
0.5498825
0.5499499
0.5499402
0.5499331
0.5499937
0.5499146
0.5499956
0.5499394
0.5499876
0.5499184
0.549951
0.5499671
0.5499876
0.5499339
0.5499928
0.5500093
0.5499707
0.3340667
0.4402882
0.5500165
0.5500206
0.5499589
0.5499881
0.54996
0.5500214
0.5500534
0.5500032
0.5500207
0.5499883
0.5500102
0.5500208
0.5500658
0.5500172
0.5499526
0.5500204
0.5499302
0.550013
0.549967
0.5500008
0.3103069
0.5494705
0.5499302
0.310323
0.549898
0.550012
0.5499559
0.5500173
0.549952
0.5500307
0.5499887
0.5500113
0.5500413
0.5500357
0.550038
0.55006
0.5500186
0.55
0.5499692
0.550004
0.5500494
0.5500188
0.5499614
0.5499689
0.5500158
0.5499769
0.5499919
0.5499689
0.5500093
0.5500445
0.5500289
0.5500656
0.5500543
0.5500606
0.5500818
0.5501631
0.5500854
0.5500829
0.5500521
0.550005
0.5500276
0.5500842
0.5499906
0.5500242
0.5500523
0.5500912
0.5500808
0.5501466
0.550031
0.5500585
0.5500236
0.5500064
0.5500143
0.5499751
0.5500562
0.5500322
0.5500673
0.5499824
0.5500622
0.5501777
0.550025
0.5500981
0.5500345
0.5500181
0.5500283
0.5500252
0.5500695
0.5500152
0.5500379
0.5500188
0.5500159
0.5500139
0.550028
0.5500517
0.55003
0.5500207
0.5500292
0.5500053
0.5500171
0.5500466
0.5500317
0.5500556
0.5499709
0.5500231
0.5500377
0.5500139
0.5500267
0.5500181
0.5500035
0.5500335
0.5500677
0.5500466
0.5499939
0.5500265
0.5500203
0.5500335
0.5500323
0.5499464
0.5499581
0.5499715
0.5499474
0.5499609
0.5499884
0.5499784
0.5500354
0.5500505
0.5500208
0.5500184
0.550006
0.5500204
0.5500634
0.5500387
0.5500281
0.5499991
0.5500205
0.5500087
0.5500152
0.5500143
0.5500513
0.5507335
0.550037
0.550033
0.5499514
0.5499582
0.550011
0.5500092
0.5500145
0.5500118
0.5499529
0.5499989
0.5499677
0.5499752
0.5500172
0.5500214
0.5500168
0.5500259
0.550051
0.5499564
0.5500025
0.550041
0.5500316
0.5500208
0.5500565
0.5500299
0.5499728
0.5500171
0.5499623
0.5499669
0.550014
0.5500286
0.5499732
0.5500357
0.5500179
0.5500726
0.5500483
0.5500571
0.5500369
0.550037
0.5500924
0.5500299
0.5500138
0.5500312
0.5499874
0.5500676
0.550025
0.5500232
0.5500211
0.5500098
0.550037
0.5500087
0.5500637
0.550037
0.5500739
0.5500429
0.5500184
0.5500458
0.5500583
0.550122
0.5500473
0.5500318
0.5500556
0.5500473
0.5500401
0.5500796
0.5500189
0.5500724
0.5501007
0.5500094
0.5500258
0.5500124
0.5499797
0.5499725
0.5500185
0.54998
0.5499515
0.5500141
0.5500583
0.5500746
0.5500376
0.5500356
0.5500005
0.5499613
0.5499533
0.5499507
0.5500292
0.5500221
0.5499481
0.5499497
0.5499645
0.5500123
0.5499533
0.5500164
0.5500327
0.5500817
0.5500376
0.5500214
0.5500804
0.5500773
0.5500869
0.550069
0.5500899
0.550028
0.5500741
0.5500479
0.5500152
0.5499811
0.5499753
0.5500438
0.5500434
0.5500457
0.5500774
0.5500425
0.5500432
0.5500224
0.5499823
0.5500916
0.5500607
0.5500303
0.5500388
0.5500367
0.5499705
0.5500118
0.5500237
0.5500627
0.5500402
0.549989
0.5500105
0.5500324
0.5500224
0.5500211
0.5500216
0.5500339
0.5499637
0.5500392
0.5500532
0.5500764
0.5501078
0.5500357
0.5500815
0.5500543
0.5501042
0.5500987
0.5501704
0.5500884
0.5500341
0.5500634
0.5500503
0.5507329
0.5500672
0.5500993
0.5501534
0.5500727
0.5500258
0.550028
0.5500844
0.550046
0.5500024
0.5500394
0.5499954
0.5500457
0.550016
0.5499786
0.5500512
0.5500188
0.5500118
0.5500152
0.5500546
0.5499775
0.5500175
0.5499673
0.5499959
0.5500044
0.5500108
0.5500485
0.5500498
0.5500546
0.5500618
0.5500869
0.5500261
0.5500063
0.5500588
0.5500234
0.5499739
0.549969
0.5499666
0.5499653
0.5500497
0.549973
0.5500559
0.5500565
0.5499823
0.5499748
0.5500132
0.4231093
0.5499486
0.5499709
0.5500593
0.5499744
0.5499781
0.5499685
0.549987
0.5499765
0.5499616
0.5499749
0.5499755
0.5499844
0.5499819
0.5500493
0.5499719
0.5500553
0.5500116
0.550043
0.5500343
0.5500802
0.5500491
0.5500506
0.5500165
0.5499976
0.5499972
0.5500031
0.5500089
0.5499913
0.5500228
0.5500589
0.5500859
0.5500644
0.5500692
0.5500706
0.5500749
0.550122
0.5500266
0.5500777
0.5501003
0.5501197
0.5500454
