0
0.7006273
0.7446653
0.7018238
0.701934
0.701834
0.7018417
0.7018248
0.7018176
0.7020614
0.7020357
0.7018608
0.7020806
0.7020195
0.7021276
0.7021909
0.7021343
0.7021136
0.7021235
0.7021518
0.7021816
0.7022119
0.7022079
0.702158
0.702185
0.7021779
0.702248
0.7021802
0.7022087
0.7022055
0.702201
0.7021963
0.7022164
0.7022111
0.7022428
0.702226
0.7022109
0.7021344
0.702205
0.7021819
0.7022133
0.7022305
0.7021993
0.7022277
0.7022127
0.7020845
0.7022034
0.7021915
0.7022364
0.7022632
0.702189
0.7021762
0.7022061
0.7022865
0.702316
0.7020738
0.7021974
0.702198
0.7022774
0.7022514
0.702194
0.7022082
0.7022267
0.7022232
0.7022035
0.7022341
0.7021981
0.702161
0.7021933
