0.004158603,0.00233493,0.003474395,0.008650976,0.002753166,0.006895578,0.008807674,0.007759978,0.0002146232,0.002347223,0.005587091,0.009787106,0.00525881,0.007031856,0.0002929866,0.00832223,0.001702319,0.004962184,0.002293885,0.001494739,0.005276424,0.003973513,0.002182447,0.0006717014,0.007686267,0.006666062,0.002549573,0.005196406,0.001659935,0.002288728,
0.0002146232,0.007031856,0.004158603,0.007031856,0.0002146232,0.00233493,0.0002146232,0.009787106,0.002637033,0.006895578,0.007759978,0.005196406,0.005112872,0.002753166,0.001702319,0.007686267,0.003474395,0.005276424,0.005276424,0.0002146232,0.008650976,0.007686267,0.0002146232,0.002293885,0.006895578,0.002293885,0.00832223,0.007159049,0.002753166,0.007031856,
0.002637033,0.0002146232,0.007159049,0.0002146232,0.007031856,0.002637033,0.005112872,0.004158603,0.005276424,0.002637033,0.007759978,0.009787106,0.0002146232,0.004158603,0.009787106,0.006895578,0.003447246,0.007159049,0.007159049,0.00233493,0.007159049,0.009787106,0.0002146232,0.002293885,0.00233493,0.009787106,0.007686267,0.007031856,0.006895578,0.002637033,
0.002637033,0.002637033,0.009787106,0.0002146232,0.009787106,0.007759978,0.004158603,0.0002146232,0.0008941889,0.0002146232,0.007159049,0.009787106,0.009787106,0.007031856,0.007159049,0.007031856,0.0002146232,0.007759978,0.007031856,0.00233493,0.0002146232,0.007159049,0.007159049,0.002637033,0.007159049,0.007159049,0.004158603,0.007686267,0.006895578,0.009787106,
0.002637033,0.002637033,0.006895578,0.009787106,0.007031856,0.002637033,0.0002146232,0.007759978,0.007541693,0.002637033,0.006895578,0.009787106,0.007031856,0.009236864,0.007159049,0.002637033,0.002637033,0.0008941889,0.007031856,0.004158603,0.0008941889,0.007159049,0.004158603,0.0002146232,0.007759978,0.0002146232,0.0002146232,0.006895578,0.007159049,0.0008941889,
0.002637033,0.002637033,0.0002146232,0.002637033,0.006895578,0.009236864,0.0008941889,0.006895578,0.002637033,0.009787106,0.006895578,0.002637033,0.006895578,0.006895578,0.006895578,0.0002146232,0.007031856,0.007728911,0.002637033,0.004158603,0.002637033,0.009236864,0.006183227,0.002637033,0.007541693,0.002637033,0.0002146232,0.002637033,0.002637033,0.007939437,
0.002637033,0.002637033,0.0002146232,0.007728911,0.002763839,0.006895578,0.002637033,0.006895578,0.006895578,0.006895578,0.002637033,0.006895578,0.002637033,0.002637033,0.002637033,0.006183227,0.002637033,0.007031856,0.002637033,0.004158603,0.006895578,0.006895578,0.002637033,0.007031856,0.007031856,0.002637033,0.006895578,0.002637033,0.0008941889,0.002637033,
0.002637033,0.002637033,0.005091178,0.007031856,0.006895578,0.006895578,0.006895578,0.002637033,0.002637033,0.006183227,0.004352459,0.002637033,0.007031856,0.007031856,0.002637033,0.002637033,0.002637033,0.008677165,0.0002146232,0.006895578,0.002637033,0.0008941889,0.002637033,0.002637033,0.0008941889,0.002637033,0.002637033,0.006895578,0.002637033,0.006183227,
0.002637033,0.002637033,0.0008941889,0.002637033,0.002637033,0.002637033,0.008677165,0.005091178,0.005091178,0.002637033,0.002637033,0.002637033,0.007031856,0.002637033,0.006895578,0.007340488,0.002821519,0.007031856,0.009854236,0.002637033,0.002637033,0.002637033,0.006183227,0.002637033,0.0008941889,0.0008941889,0.007031856,0.0008941889,0.004352459,0.002637033,
0.002637033,0.002637033,0.002637033,0.007031856,0.001856347,0.008677165,0.002637033,0.0008941889,0.002637033,0.002637033,0.002637033,0.008677165,0.002637033,0.007031856,0.002637033,0.004352459,0.002637033,0.008784238,0.002637033,0.006895578,0.004352459,0.002637033,0.002637033,0.002637033,0.0008941889,0.002637033,0.002637033,0.002637033,0.002637033,0.005091178,
0.002637033,0.002637033,0.002637033,0.002637033,0.008677165,0.002637033,0.002637033,0.002637033,0.004352459,0.002637033,0.002637033,0.002637033,0.004352459,0.002637033,0.008677165,0.0008941889,0.008784238,0.0008941889,0.002637033,0.008677165,0.008677165,0.002637033,0.002637033,0.002637033,0.002637033,0.002637033,0.008677165,0.002637033,0.002637033,0.0008941889,
0.002637033,0.002637033,0.002637033,0.0008941889,0.004352459,0.002637033,0.002637033,0.008677165,0.0008941889,0.002637033,0.002637033,0.002637033,0.002637033,0.002637033,0.002637033,0.002637033,0.002637033,0.002637033,0.002637033,0.002637033,0.008677165,0.002637033,0.002637033,0.004352459,0.0008941889,0.002637033,0.008784238,0.008677165,0.008784238,0.008677165,
0.002637033,0.002637033,0.008677165,0.0007438409,0.008784238,0.002637033,0.002637033,0.008677165,0.002637033,0.002637033,0.008677165,0.0008941889,0.0008941889,0.002637033,0.002637033,0.002637033,0.008784238,0.008784238,0.002637033,0.002637033,0.002637033,0.002637033,0.002637033,0.008677165,0.002637033,0.0008941889,0.002637033,0.002637033,0.002637033,0.002637033,
0.002637033,0.002637033,0.002637033,0.006147655,0.002637033,0.005994056,0.002637033,0.002637033,0.0008941889,0.002637033,0.008677165,0.0008941889,0.002637033,0.008677165,0.002637033,0.0008941889,0.002637033,0.008784238,0.002637033,0.008677165,0.002637033,0.002637033,0.002637033,0.002637033,0.002637033,0.0008941889,0.002637033,0.002637033,0.002637033,0.0008941889,
0.002637033,0.002637033,0.008677165,0.002637033,0.0008941889,0.002637033,0.002637033,0.0008941889,0.008677165,0.008677165,0.002637033,0.005994056,0.002637033,0.005994056,0.008784238,0.002637033,0.0008941889,0.002637033,0.002637033,0.002637033,0.002637033,0.002637033,0.008677165,0.002637033,0.002637033,0.002637033,0.002637033,0.008784238,0.006147655,0.002637033,
0.002637033,0.002637033,0.008677165,0.002637033,0.002637033,0.002637033,0.006147655,0.002637033,0.002637033,0.0008941889,0.0008941889,0.002637033,0.002637033,0.007979696,0.006147655,0.002637033,0.002637033,0.005994056,0.005994056,0.002637033,0.008784238,0.0008941889,0.002637033,0.005994056,0.002637033,0.002637033,0.002637033,0.002637033,0.002637033,0.002637033,
0.002637033,0.002637033,0.006147655,0.002637033,0.002637033,0.002637033,0.002637033,0.002637033,0.0008941889,0.002637033,0.005994056,0.002637033,0.006147655,0.002637033,0.002637033,0.002637033,0.006147655,0.002637033,0.002637033,0.0008941889,0.006147655,0.002637033,0.002637033,0.002637033,0.007979696,0.006147655,0.008267753,0.002637033,0.002637033,0.007843983,
0.002637033,0.002637033,0.0008941889,0.002637033,0.0008941889,0.002637033,0.008267753,0.006147655,0.002637033,0.002637033,0.005657447,0.002637033,0.002637033,0.002637033,0.002637033,0.006147655,0.006147655,0.002637033,0.002637033,0.002637033,0.002637033,0.002637033,0.0008941889,0.002637033,0.002637033,0.002637033,0.002637033,0.006147655,0.0008941889,0.002637033,
0.002637033,0.002637033,0.009531959,0.002637033,0.008267753,0.002637033,0.0008941889,0.002637033,0.002637033,0.002637033,0.005657447,0.002637033,0.002637033,0.002637033,0.008267753,0.008137628,0.006147655,0.002637033,0.002637033,0.002637033,0.002637033,0.002637033,0.0008941889,0.002637033,0.002637033,0.0008941889,0.005657447,0.005657447,0.0008941889,0.005657447,
0.005657447,0.005657447,0.002637033,0.002637033,0.002637033,0.002637033,0.005657447,0.0008941889,0.002637033,0.002637033,0.002637033,0.002637033,0.002637033,0.005657447,0.002637033,0.0008941889,0.002637033,0.007084582,0.0008941889,0.002637033,0.002637033,0.008267753,0.002637033,0.005657447,0.0008941889,0.0008941889,0.002637033,0.002637033,0.002637033,0.005657447,
0.002637033,0.002637033,0.0008941889,0.002637033,0.005657447,0.002637033,0.002637033,0.002637033,0.005657447,0.002637033,0.0008941889,0.0008941889,0.007084582,0.002637033,0.005657447,0.005657447,0.002637033,0.005657447,0.003193311,0.005657447,0.002637033,0.0008941889,0.002637033,0.002637033,0.002637033,0.002637033,0.005657447,0.002637033,0.002637033,0.004474929,
0.002637033,0.002637033,0.002637033,0.002637033,0.002637033,0.002637033,0.005657447,0.007028922,0.005657447,0.002637033,0.002637033,0.002637033,0.004474929,0.0008941889,0.005657447,0.0008941889,0.005657447,0.005657447,0.005657447,0.002637033,0.002637033,0.0008941889,0.002637033,0.002637033,0.002637033,0.004474929,0.002637033,0.005657447,0.002637033,0.003604049,
0.002637033,0.002637033,0.002637033,0.0008941889,0.007028922,0.0008941889,0.002637033,0.005657447,0.002637033,0.005657447,0.002637033,0.007028922,0.005657447,0.002637033,0.005657447,0.003604049,0.005657447,0.002637033,0.002637033,0.002637033,0.002637033,0.004882251,0.002637033,0.004474929,0.005657447,0.002637033,0.003604049,0.002637033,0.0008941889,0.002637033,
0.007028922,0.002637033,0.002637033,0.003604049,0.003604049,0.0008941889,0.003604049,0.005657447,0.002637033,0.002637033,0.002637033,0.005657447,0.002637033,0.002637033,0.002637033,0.002637033,0.002637033,0.007028922,0.004882251,0.0008941889,0.005657447,0.0008941889,0.002637033,0.002637033,0.0008941889,0.002637033,0.002637033,0.0008941889,0.002637033,0.004882251,
0.007028922,0.002637033,0.002637033,0.0008941889,0.002637033,0.002637033,0.002637033,0.002637033,0.0008941889,0.002637033,0.002637033,0.003604049,0.004882251,0.002637033,0.002637033,0.002637033,0.003604049,0.002637033,0.002637033,0.003604049,0.0008941889,0.007028922,0.003604049,0.002637033,0.002637033,0.002637033,0.002637033,0.002637033,0.002637033,0.004882251,
0.007028922,0.002637033,0.0008941889,0.002637033,0.002637033,0.004882251,0.005525602,0.002637033,0.002637033,0.003604049,0.002637033,0.002637033,0.003604049,0.002637033,0.007028922,0.003604049,0.0004539013,0.004882251,0.004882251,0.002637033,0.0008941889,0.002637033,0.002637033,0.003604049,0.003604049,0.002637033,0.003604049,0.002637033,0.002637033,0.0008941889,
0.007028922,0.002637033,0.002637033,0.0004539013,0.004882251,0.002637033,0.002637033,0.002637033,0.0008941889,0.006344793,0.003604049,0.002637033,0.002637033,0.002637033,0.002637033,0.007028922,0.002637033,0.002637033,0.0008941889,0.002637033,0.002637033,0.004882251,0.004882251,0.007080877,0.002637033,0.002637033,0.003604049,0.007028922,0.002637033,0.002637033,
0.007028922,0.007028922,0.002637033,0.0008941889,0.004882251,0.002637033,0.002637033,0.0004539013,0.004882251,0.004882251,0.006344793,0.0004539013,0.002637033,0.002637033,0.006344793,0.002637033,0.002637033,0.007028922,0.006086878,0.007080877,0.002637033,0.002637033,0.002637033,0.002637033,0.0008941889,0.002637033,0.002637033,0.002637033,0.004882251,0.002637033,
0.007028922,0.007028922,0.0008941889,0.002637033,0.002637033,0.0004539013,0.0004539013,0.002637033,0.002637033,0.006344793,0.006086878,0.002637033,0.007291399,0.002637033,0.004882251,0.0004539013,0.0008941889,0.002637033,0.002637033,0.002637033,0.007028922,0.004882251,0.0004539013,0.002637033,0.004882251,0.0004539013,0.002637033,0.002637033,0.002637033,0.007028922,
0.007028922,0.007028922,0.004882251,0.002637033,0.002205756,0.0004539013,0.004882251,0.002637033,0.005774783,0.002637033,0.002637033,0.004882251,0.002637033,0.002637033,0.004882251,0.004882251,0.007028922,0.0004539013,0.0008941889,0.0008941889,0.002637033,0.0008941889,0.0008941889,0.002637033,0.002637033,0.002637033,0.007028922,0.002637033,0.007028922,0.004882251,
0.007028922,0.007028922,0.004882251,0.002637033,0.0004539013,0.002637033,0.002637033,0.004882251,0.004882251,0.002637033,0.0008941889,0.004882251,0.0008941889,0.004882251,0.004882251,0.007028922,0.007028922,0.004882251,0.002637033,0.007028922,0.002637033,0.007028922,0.002637033,0.0008941889,0.006842503,0.002637033,0.002637033,0.002637033,0.007028922,0.007028922,
0.007028922,0.007028922,0.002637033,0.006842503,0.004882251,0.002637033,0.004882251,0.004882251,0.007028922,0.002637033,0.004882251,0.007028922,0.002637033,0.005246958,0.007028922,0.006842503,0.0008941889,0.002637033,0.0008941889,0.0008941889,0.004427161,0.0008941889,0.009398125,0.007028922,0.004882251,0.0008941889,0.002637033,0.0004539013,0.002637033,0.007028922,
0.007028922,0.007028922,0.004882251,0.004882251,0.006842503,0.002637033,0.007028922,0.0008941889,0.005246958,0.0004539013,0.007028922,0.0008941889,0.007028922,0.006842503,0.0004539013,0.0008941889,0.002637033,0.007028922,0.007028922,0.006842503,0.0008941889,0.006842503,0.002637033,0.007028922,0.002637033,0.002637033,0.0008941889,0.004882251,0.002637033,0.0008941889,
0.007028922,0.007028922,0.002637033,0.007028922,0.007028922,0.0008941889,0.009475465,0.002637033,0.007028922,0.006842503,0.007028922,0.004882251,0.007028922,0.003968921,0.0004539013,0.007028922,0.007028922,0.0008941889,0.007028922,0.007028922,0.007028922,0.002637033,0.005246958,0.0008941889,0.007028922,0.004882251,0.002637033,0.002637033,0.007028922,0.006842503,
0.007028922,0.007028922,0.005246958,0.004882251,0.007028922,0.0008941889,0.007028922,0.0008941889,0.007028922,0.007028922,0.007028922,0.005246958,0.007028922,0.004882251,0.007028922,0.006842503,0.007028922,0.002637033,0.004882251,0.007028922,0.007028922,0.0008941889,0.004882251,0.007028922,0.002637033,0.0008941889,0.007028922,0.004882251,0.002637033,0.007028922,
0.007028922,0.007028922,0.0008941889,0.007028922,0.007028922,0.0008941889,0.002637033,0.0008941889,0.004882251,0.004882251,0.007028922,0.004882251,0.007028922,0.0008941889,0.007028922,0.007028922,0.007028922,0.007028922,0.0008941889,0.0008941889,0.006842503,0.006842503,0.007028922,0.007028922,0.007028922,0.004882251,0.004882251,0.007028922,0.007028922,0.004882251,
0.007028922,0.007028922,0.007028922,0.007028922,0.002637033,0.007028922,0.007028922,0.007028922,0.007028922,0.007028922,0.007028922,0.007028922,0.007028922,0.007028922,0.0008941889,0.007028922,0.004882251,0.004882251,0.004882251,0.004882251,0.004882251,0.007028922,0.007028922,0.007028922,0.007028922,0.0008941889,0.004882251,0.007028922,0.004882251,0.0008941889,
0.007028922,0.007028922,0.007028922,0.004882251,0.007028922,0.004737067,0.007028922,0.007028922,0.007028922,0.007028922,0.0008941889,0.004882251,0.007028922,0.007028922,0.007028922,0.007028922,0.002637033,0.007028922,0.007028922,0.007028922,0.007028922,0.007028922,0.007028922,0.007028922,0.004882251,0.004882251,0.007028922,0.007028922,0.007028922,0.007028922,
0.007028922,0.007028922,0.007028922,0.007028922,0.002637033,0.007028922,0.007028922,0.003967482,0.007028922,0.007028922,0.004882251,0.007028922,0.007028922,0.007028922,0.007028922,0.007028922,0.007028922,0.007028922,0.007028922,0.004737067,0.007028922,0.004882251,0.007028922,0.007028922,0.007028922,0.004882251,0.007028922,0.007028922,0.007028922,0.004882251,
0.007028922,0.007028922,0.007028922,0.004882251,0.007028922,0.007028922,0.004882251,0.007028922,0.004882251,0.004882251,0.007028922,0.007028922,0.004882251,0.007028922,0.007028922,0.007028922,0.007028922,0.007028922,0.007028922,0.002637033,0.007028922,0.007028922,0.007028922,0.007028922,0.007028922,0.007734672,0.007028922,0.007028922,0.007028922,0.003967482,
0.007028922,0.007028922,0.003967482,0.007028922,0.007028922,0.007028922,0.007028922,0.007028922,0.004882251,0.007028922,0.004882251,0.007028922,0.003967482,0.002145634,0.007028922,0.003211454,0.002311171,0.004882251,0.007028922,0.007028922,0.007028922,0.004882251,0.007028922,0.003967482,0.007028922,0.004882251,0.004882251,0.004882251,0.007028922,0.004882251,
0.007028922,0.007028922,0.004882251,0.004882251,0.004882251,0.007028922,0.004882251,0.004882251,0.007028922,0.007028922,0.003967482,0.007028922,0.003967482,0.007028922,0.007028922,0.004882251,0.007028922,0.004882251,0.003211454,0.004882251,0.004882251,0.004882251,0.007028922,0.007028922,0.004882251,0.004882251,0.004882251,0.007028922,0.004882251,0.007028922,
0.007028922,0.007028922,0.004882251,0.004882251,0.007028922,0.004882251,0.003967482,0.007028922,0.007028922,0.007774226,0.006455519,0.009705123,0.004882251,0.004882251,0.003967482,0.007028922,0.004882251,0.004882251,0.008519795,0.003967482,0.004882251,0.007028922,0.007028922,0.003967482,0.007028922,0.004882251,0.007028922,0.004882251,0.004882251,0.004882251,
0.008519795,0.007774226,0.003967482,0.004882251,0.009705123,0.004882251,0.004882251,0.008519795,0.004882251,0.004882251,0.004882251,0.004882251,0.004882251,0.004882251,0.004882251,0.007117819,0.004882251,0.007028922,0.004882251,0.003967482,0.007028922,0.004882251,0.004882251,0.003967482,0.004882251,0.007028922,0.004882251,0.007028922,0.004882251,0.004882251,
0.007117819,0.007028922,0.007028922,0.004882251,0.004882251,0.004882251,0.004882251,0.004882251,0.004882251,0.004882251,0.004882251,0.004882251,0.004882251,0.007028922,0.004882251,0.004882251,0.004882251,0.004882251,0.004882251,0.007149421,0.007117819,0.004882251,0.004882251,0.003967482,0.004882251,0.004882251,0.008519795,0.004882251,0.004882251,0.004882251,
0.008519795,0.007149421,0.007117819,0.004882251,0.007149421,0.004882251,0.004882251,0.004882251,0.004882251,0.007028922,0.004882251,0.004882251,0.007028922,0.008519795,0.004882251,0.004882251,0.004882251,0.004882251,0.008519795,0.004882251,0.004882251,8.706689E-05,0.004882251,0.004882251,0.004882251,0.003967482,0.003967482,0.004882251,0.007117819,0.004882251,
0.008519795,0.007149421,0.007028922,0.004882251,0.004882251,0.004882251,0.007149421,0.003967482,0.004882251,0.007149421,0.008644574,0.004882251,0.003967482,0.007117819,0.004882251,0.004882251,0.003967482,0.004882251,0.007028922,0.004882251,0.003967482,0.004882251,0.004882251,0.003967482,0.003967482,0.004882251,0.003967482,0.004882251,0.003967482,0.004882251,
0.008519795,0.008644574,0.003967482,0.004882251,0.007028922,0.007149421,0.004882251,0.007149421,0.004882251,0.003967482,0.007149421,0.004882251,0.007149421,0.004882251,0.004882251,0.007149421,0.004882251,0.004882251,0.004882251,0.004882251,0.004882251,0.004882251,0.003967482,0.004882251,0.003967482,0.003967482,0.004882251,0.008644574,0.007028922,0.003967482,
0.008519795,0.008644574,0.003967482,0.007028922,0.003967482,0.003967482,0.005275923,0.003967482,0.008519795,0.004882251,0.004882251,0.007149421,0.008519795,0.004882251,0.003967482,0.008519795,0.001974961,0.007149421,0.008644574,0.004882251,0.004882251,0.008644574,0.003967482,0.004882251,0.007028922,0.004882251,0.004882251,0.008519795,0.00359377,0.007149421,
0.008519795,0.008519795,0.004882251,0.003967482,0.003967482,0.004882251,0.003967482,0.005275923,0.00387864,0.003967482,0.008644574,0.008644574,0.003967482,0.008519795,0.001974961,0.003967482,0.007028922,0.003967482,0.008519795,0.003967482,0.004882251,0.008519795,0.002277303,0.004882251,0.004882251,0.003967482,0.005275923,0.004882251,0.003967482,0.007028922,
0.008519795,0.008519795,0.004882251,0.003967482,0.004882251,0.003967482,0.004882251,0.009155207,0.001974961,0.009509266,0.00387864,0.00387864,0.004882251,0.007028922,0.005275923,0.004882251,0.008519795,0.003967482,0.003967482,0.003967482,0.008644574,0.007028922,0.003967482,0.008519795,0.002277303,0.004882251,0.003967482,0.009677594,0.004882251,0.003967482,
0.008519795,0.008519795,0.006414161,0.009677594,0.003967482,0.004882251,0.008519795,0.007028922,0.003967482,0.004882251,0.003967482,0.003967482,0.004882251,0.003967482,0.008519795,0.003967482,0.007028922,0.004882251,0.004882251,0.003967482,0.003967482,0.008519795,0.004882251,0.004882251,0.002277303,0.003967482,0.003967482,0.003967482,0.003967482,0.004882251,
0.008519795,0.008519795,0.003967482,0.004882251,0.009677594,0.008519795,0.003967482,0.003967482,0.004882251,0.008519795,0.008519795,0.004882251,0.002277303,0.009677594,0.006414161,0.008519795,0.003967482,0.003967482,0.008519795,0.008519795,0.008519795,0.004882251,0.005308687,0.003967482,0.008519795,0.0004237783,0.003967482,0.003967482,0.007028922,0.007028922,
0.008519795,0.008519795,0.008519795,0.003967482,0.008519795,0.009677594,0.008519795,0.008519795,0.009677594,0.005308687,0.004882251,0.004882251,0.0004237783,0.008519795,0.002277303,0.005308687,0.009677594,0.004882251,0.008519795,0.004882251,0.006414161,0.003967482,0.004882251,0.007028922,0.003967482,0.008519795,0.004882251,0.004882251,0.003967482,0.008519795,
0.008519795,0.008519795,0.008519795,0.005308687,0.002277303,0.008519795,0.005308687,0.009677594,0.008519795,0.008519795,0.007028922,0.008519795,0.004882251,0.009677594,0.008519795,0.003967482,0.008519795,0.008605056,0.0004237783,0.007028922,0.008519795,0.009677594,0.005308687,0.008519795,0.007028922,0.008519795,0.009677594,0.008519795,0.004882251,0.007028922,
0.008519795,0.008605056,0.008519795,0.005308687,0.004882251,0.008519795,0.009677594,0.007028922,0.007028922,0.009677594,0.008519795,0.009677594,0.009677594,0.008519795,0.005308687,0.008519795,0.008519795,0.009677594,0.009677594,0.005308687,0.004882251,0.005308687,0.008519795,0.008519795,0.007028922,0.005308687,0.009677594,0.009677594,0.004882251,0.0004237783,
0.008519795,0.008519795,0.009677594,0.009677594,0.009677594,0.007028922,0.008519795,0.005308687,0.008605056,0.005308687,0.008605056,0.009677594,0.005308687,0.005308687,0.009677594,0.005308687,0.009677594,0.005308687,0.005308687,0.008519795,0.007028922,0.008605056,0.005308687,0.007028922,0.008519795,0.004882251,0.004882251,0.008519795,0.005308687,0.008519795,
0.008519795,0.008519795,0.005308687,0.005308687,0.008519795,0.005308687,0.009677594,0.005308687,0.007028922,0.009677594,0.009677594,0.008605056,0.008519795,0.008519795,0.005308687,0.005308687,0.004882251,0.008519795,0.009677594,0.008605056,0.008605056,0.005308687,0.005308687,0.007028922,0.004882251,0.008519795,0.008519795,0.008519795,0.008519795,0.008519795,
0.008519795,0.008519795,0.008519795,0.008519795,0.009677594,0.00613086,0.008519795,0.009677594,0.005308687,0.004882251,0.007028922,0.004882251,0.008605056,0.009677594,0.008519795,0.008605056,0.008519795,0.008519795,0.008519795,0.008519795,0.008519795,0.008519795,0.009677594,0.005308687,0.008519795,0.008605056,0.005308687,0.008605056,0.008605056,0.008519795,
0.008605056,0.008519795,0.005308687,0.005308687,0.008519795,0.008519795,0.004882251,0.008519795,0.008605056,0.004882251,0.008605056,0.009677594,0.008519795,0.005308687,0.004882251,0.008519795,0.008605056,0.00613086,0.008519795,0.008605056,0.007028922,0.008519795,0.008605056,0.008519795,0.008519795,0.007028922,0.008605056,0.008605056,0.008605056,0.008605056,
0.008519795,0.008519795,0.008519795,0.004882251,0.005980299,0.008605056,0.004882251,0.008605056,0.008519795,0.009677594,0.008519795,0.005308687,0.008519795,0.00613086,0.008605056,0.008519795,0.008605056,0.008519795,0.008519795,0.008519795,0.008605056,0.004882251,0.008519795,0.008605056,0.00613086,0.008519795,0.008605056,0.005308687,0.008519795,0.004882251,
0.008519795,0.008519795,0.00613086,0.008519795,0.008519795,0.004882251,0.00613086,0.009677594,0.00613086,0.008605056,0.009677594,0.008519795,0.008519795,0.005980299,0.008519795,0.008605056,0.008605056,0.00613086,0.00613086,0.008519795,0.008519795,0.007051845,0.00613086,0.008605056,0.008605056,0.008519795,0.008519795,0.009677594,0.008605056,0.005308687,
0.008519795,0.008519795,0.008519795,0.008519795,0.008519795,0.005980299,0.009677594,0.00613086,0.005980299,0.008519795,0.008519795,0.008519795,0.008519795,0.008605056,0.00613086,0.008519795,0.004882251,0.008519795,0.008519795,0.009677594,0.00613086,0.008519795,0.008519795,0.008605056,0.001912043,0.008519795,0.008519795,0.008519795,0.008519795,0.008519795,
0.008519795,0.008605056,0.008519795,0.008519795,0.008519795,0.008519795,0.009677594,0.008519795,0.008519795,0.008519795,0.008519795,0.008519795,0.00613086,0.004882251,0.00613086,0.009677594,0.008519795,0.008519795,0.008519795,0.008519795,0.008519795,0.008519795,0.009677594,0.001912043,0.008519795,0.008519795,0.008519795,0.008519795,0.008519795,0.004882251,
0.008519795,0.008519795,0.004882251,0.008519795,0.001912043,0.008519795,0.00613086,0.00613086,0.008519795,0.008519795,0.008519795,0.008519795,0.008519795,0.008519795,0.008519795,0.008519795,0.008519795,0.008519795,0.009677594,0.004882251,0.008519795,0.005814622,0.004882251,0.008519795,0.008519795,0.008519795,0.00613086,0.008519795,0.008519795,0.008519795,
0.008519795,0.008519795,0.004882251,0.004882251,0.008879215,0.008519795,0.008519795,0.00613086,0.009677594,0.004882251,0.008519795,0.008519795,0.009490185,0.008519795,0.008519795,0.008519795,0.008519795,0.008519795,0.00613086,0.008519795,0.008519795,0.009400729,0.009677594,0.008519795,0.008519795,0.008519795,0.009677594,0.008519795,0.008519795,0.008519795,
0.008519795,0.008519795,0.004882251,0.001835961,0.008519795,0.00613086,0.008519795,0.004882251,0.008519795,0.009490185,0.008519795,0.009677594,0.008519795,0.008519795,0.008519795,0.008519795,0.009677594,0.004882251,0.008519795,0.008519795,0.008519795,0.008519795,0.008950405,0.00613086,0.006537327,0.009677594,0.008519795,0.008519795,0.004882251,0.009677594,
0.008519795,0.008519795,0.004882251,0.008519795,0.009677594,0.006537327,0.004882251,0.009677594,0.008519795,0.008519795,0.008519795,0.009677594,0.008519795,0.008950405,0.008519795,0.009677594,0.008519795,0.009490185,0.008519795,0.008519795,0.004882251,0.008519795,0.009677594,0.008519795,0.004882251,0.008950405,0.008519795,0.009677594,0.008519795,0.008519795,
0.008519795,0.008519795,0.008519795,0.008519795,0.009677594,0.009677594,0.005536932,0.009677594,0.00410119,0.004882251,0.008950405,0.008519795,0.004882251,0.009677594,0.006537327,0.009677594,0.008519795,0.008519795,0.008519795,0.009677594,0.004882251,0.008950405,0.008950405,0.008950405,0.008519795,0.001450324,0.004882251,0.008519795,0.008519795,0.008519795,
0.008519795,0.008519795,0.008519795,0.008950405,0.004882251,0.0003843093,0.009677594,0.008519795,0.008519795,0.008519795,0.008519795,0.008950405,0.004882251,0.006537327,0.009677594,0.009677594,0.008950405,0.009677594,0.004882251,0.004882251,0.008519795,0.009677594,0.008519795,0.004882251,0.008519795,0.008519795,0.008519795,0.008519795,0.009677594,0.004330031,
0.008519795,0.008519795,0.008950405,0.008519795,0.004882251,0.008519795,0.004330031,0.009677594,0.009677594,0.009677594,0.008519795,0.004882251,0.008950405,0.004882251,0.009677594,0.008519795,0.008519795,0.004882251,0.009677594,0.0001408517,0.008519795,0.004882251,0.004882251,0.008519795,0.008519795,0.009677594,0.009677594,0.008519795,0.008519795,0.006537327,
0.008519795,0.008519795,0.008519795,0.008519795,0.008519795,0.008519795,0.008519795,0.009677594,0.004882251,0.004882251,0.008519795,0.008519795,0.008519795,0.009677594,0.004882251,0.004882251,0.009677594,0.008519795,0.008519795,0.009677594,0.004882251,0.008519795,0.008519795,0.004882251,0.009677594,0.008519795,0.008519795,0.004330031,0.009677594,0.009677594,
0.008519795,0.008519795,0.008519795,0.004882251,0.008519795,0.008519795,0.004882251,0.008519795,0.008519795,0.008519795,0.008519795,0.004882251,0.008519795,0.008519795,0.008519795,0.009677594,0.004882251,0.008519795,0.004882251,0.002125415,0.005505764,0.008519795,0.004330031,0.008519795,0.009677594,0.008519795,0.008519795,0.008519795,0.004882251,0.008519795,
0.008519795,0.008519795,0.008519795,0.008519795,0.008519795,0.004330031,0.004882251,0.008519795,0.008519795,0.004882251,0.004882251,0.008519795,0.004882251,0.008519795,0.009677594,0.008519795,0.008519795,0.004882251,0.008519795,0.008519795,0.008519795,0.008519795,0.004882251,0.008519795,0.004882251,0.004882251,0.008519795,0.004882251,0.008519795,0.008519795,
0.008519795,0.008519795,0.008519795,0.008519795,0.009411809,0.004882251,0.008519795,0.008519795,0.008519795,0.004882251,0.008519795,0.008519795,0.008519795,0.004330031,0.008519795,0.004882251,0.008519795,0.008519795,0.008519795,0.004330031,0.004882251,0.008519795,0.008519795,0.004882251,0.004330031,0.008519795,0.004330031,0.008519795,0.009677594,0.004882251,
0.008519795,0.008519795,0.008519795,0.004882251,0.008519795,0.008519795,0.008519795,0.004330031,0.004882251,0.004882251,0.004882251,0.008519795,0.008519795,0.008519795,0.008519795,0.008519795,0.004882251,0.008519795,0.004882251,0.004882251,0.008519795,0.004882251,0.004330031,0.004330031,0.008519795,0.008519795,0.009411809,0.004882251,0.004882251,0.008519795,
0.008519795,0.008519795,0.004330031,0.004330031,0.008519795,0.004330031,0.004330031,0.009411809,0.008519795,0.008519795,0.004882251,0.008519795,0.004882251,0.008519795,0.004330031,0.009411809,0.008519795,0.004882251,0.004330031,0.004330031,0.004882251,0.008519795,0.004882251,0.004330031,0.004882251,0.002620754,0.008519795,0.008519795,0.004882251,0.008519795,
0.008519795,0.008519795,0.009411809,0.004882251,0.004330031,0.009411809,0.004330031,0.008519795,0.009411809,0.002620754,0.004882251,0.004330031,0.009411809,0.008519795,0.004882251,0.008519795,0.006286632,0.004882251,0.004330031,0.004882251,0.004882251,0.008519795,0.004882251,0.004330031,0.004330031,0.004882251,0.004330031,0.004330031,0.004882251,0.004882251,
0.008519795,0.008519795,0.009411809,0.004882251,0.004882251,0.004882251,0.004330031,0.004882251,0.004882251,0.004882251,0.008519795,0.004882251,0.004330031,0.004330031,0.009411809,0.004330031,0.004882251,0.004882251,0.008519795,0.008519795,0.008519795,0.004882251,0.009411809,0.009411809,0.008519795,0.006286632,0.002620754,0.008519795,0.004882251,0.009411809,
0.008519795,0.008519795,0.004882251,0.009411809,0.004330031,0.008519795,0.009411809,0.004882251,0.004882251,0.009635556,0.004882251,0.004882251,0.008519795,0.004882251,0.004882251,0.004882251,0.004882251,0.004882251,0.004882251,0.004882251,0.004330031,0.004330031,0.008519795,0.004330031,0.008519795,0.004330031,0.004882251,0.004882251,0.009411809,0.004330031,
0.008519795,0.008519795,0.004882251,0.008519795,0.008519795,0.008519795,0.004882251,0.004882251,0.008519795,0.008519795,0.004882251,0.009411809,0.009411809,0.009411809,0.008519795,0.009411809,0.004330031,0.004882251,0.004882251,0.004882251,0.008519795,0.004882251,0.004882251,0.004882251,0.004330031,0.004882251,0.004882251,0.009635556,0.008519795,0.008519795,
0.008519795,0.008519795,0.009635556,0.008519795,0.009411809,0.004882251,0.008519795,0.008519795,0.008770151,0.004882251,0.009411809,0.008519795,0.004882251,0.004882251,0.008519795,0.004882251,0.004882251,0.008519795,0.008519795,0.004882251,0.004882251,0.008519795,0.004882251,0.004882251,0.004882251,0.004882251,0.004882251,0.004882251,0.008519795,0.008519795,
0.008519795,0.008519795,0.004882251,0.008519795,0.004882251,0.008519795,0.004882251,0.004882251,0.008519795,0.008519795,0.008519795,0.008770151,0.004882251,0.004882251,0.004882251,0.009411809,0.009635556,0.009411809,0.004882251,0.004882251,0.008519795,0.004882251,0.009411809,0.004882251,0.004882251,0.004882251,0.004882251,0.004882251,0.008519795,0.008519795,
0.008519795,0.008519795,0.009411809,0.009411809,0.004882251,0.008519795,0.004882251,0.008519795,0.008770151,0.008519795,0.004882251,0.004882251,0.004882251,0.004882251,0.003816694,0.004882251,0.004882251,0.008519795,0.008519795,0.004882251,0.009411809,0.004882251,0.008519795,0.004882251,0.008519795,0.00328126,0.004882251,0.008770151,0.008519795,0.004882251,
0.008519795,0.008519795,0.008519795,0.008519795,0.004882251,0.008770151,0.008519795,0.008770151,0.008770151,0.008519795,0.008519795,0.008519795,0.008519795,0.004882251,0.004882251,0.004882251,0.008519795,0.008519795,0.008519795,0.008519795,0.004882251,0.008519795,0.004882251,0.008519795,0.004882251,0.008519795,0.008519795,0.004882251,0.004882251,0.008519795,
0.008519795,0.008519795,0.004882251,0.008519795,0.004882251,0.004882251,0.008519795,0.004882251,0.002024261,0.004882251,0.008519795,0.008519795,0.008519795,0.008770151,0.008519795,0.008519795,0.008770151,0.008519795,0.008519795,0.008519795,0.008519795,0.008519795,0.008519795,0.008770151,0.002703064,0.008519795,0.001404072,0.004882251,0.008519795,0.008519795,
0.008519795,0.008519795,0.008519795,0.008519795,0.008519795,0.008770151,0.002703064,0.008519795,0.008519795,0.008519795,0.006526784,0.008519795,0.008519795,0.008519795,0.008519795,0.004882251,0.002703064,0.008519795,0.004882251,0.008519795,0.008519795,0.004882251,0.008519795,0.008519795,0.007367279,0.001476041,0.008770151,0.008770151,0.008519795,0.008519795,
0.008519795,0.008519795,0.008519795,0.008519795,0.008770151,0.008519795,0.008519795,0.002703064,0.002703064,0.004882251,0.008519795,0.002703064,0.008519795,0.008519795,0.008519795,0.008519795,0.008519795,0.002703064,0.008519795,0.008519795,0.008519795,0.002056148,0.008519795,0.002703064,0.008519795,0.008519795,0.008519795,0.008519795,0.008519795,0.008770151,
0.008519795,0.008519795,0.008519795,0.008519795,0.008519795,0.008770151,0.008519795,0.008519795,0.008519795,0.008519795,0.008519795,0.008770151,0.008519795,0.002703064,0.008519795,0.00476523,0.008770151,0.004882251,0.008519795,0.008519795,0.008519795,0.008770151,0.008519795,0.008519795,0.002703064,0.008519795,0.008519795,0.008519795,0.008519795,0.002703064,
0.008519795,0.008519795,0.008770151,0.008519795,0.004799671,0.008519795,0.008770151,0.008519795,0.008770151,0.005514964,0.008519795,0.008519795,0.008519795,0.008519795,0.008519795,0.004879221,0.008519795,0.008519795,0.008519795,0.002703064,0.008519795,0.008519795,0.008519795,0.008519795,0.002703064,0.008519795,0.008519795,0.00742975,0.008519795,0.002703064,
0.008519795,0.008519795,0.008770151,0.008519795,0.008770151,0.005514964,0.008519795,0.002703064,0.00742975,0.008519795,0.008519795,0.008519795,0.002703064,0.008519795,0.008770151,0.00742975,0.008519795,0.00742975,0.004879221,0.008519795,0.008519795,0.002703064,0.003746518,0.008519795,0.008519795,0.008519795,0.008519795,0.008519795,0.008519795,0.008519795,
0.008519795,0.008519795,0.008519795,0.008519795,0.008519795,0.00742975,0.008519795,0.008770151,0.008519795,0.008519795,0.008519795,0.008519795,0.008519795,0.008519795,0.008519795,0.008519795,0.002703064,0.00742975,0.005514964,0.008519795,0.008519795,0.008519795,0.008519795,0.005514964,0.003746518,0.008519795,0.008519795,0.008519795,0.008519795,0.002703064,
0.008519795,0.008519795,0.008519795,0.008519795,0.008519795,0.008519795,0.002703064,0.008519795,0.008519795,0.002703064,0.008519795,0.00742975,0.008519795,0.008519795,0.008519795,0.008519795,0.008770151,0.008519795,0.008519795,0.00742975,0.008519795,0.008519795,0.008519795,0.008519795,0.00742975,0.008519795,0.002703064,0.003746518,0.002703064,0.008519795,
0.008519795,0.008519795,0.00742975,0.004258486,0.008519795,0.008519795,0.008519795,0.008519795,0.008519795,0.008519795,0.008519795,0.008519795,0.008519795,0.008519795,0.008519795,0.008519795,0.008519795,0.002703064,0.008519795,0.002703064,0.002703064,0.008519795,0.008519795,0.00742975,0.008519795,0.002703064,0.008519795,0.00742975,0.008519795,0.008519795,
0.008519795,0.008519795,0.008519795,0.008519795,0.008519795,0.008519795,0.008519795,0.008519795,0.008519795,0.008519795,0.008519795,0.004258486,0.008519795,0.008519795,0.001490225,0.008519795,0.008519795,0.008519795,0.002703064,0.008519795,0.008519795,0.008519795,0.008519795,0.008519795,0.002703064,0.008519795,0.008519795,0.008519795,0.007761544,0.008519795,
0.008519795,0.008519795,0.008519795,0.008519795,0.008519795,0.002703064,0.008519795,0.008519795,0.008519795,0.008519795,0.008519795,0.008519795,0.008519795,0.008519795,0.008519795,0.008519795,0.008519795,0.008519795,0.008519795,0.008519795,0.008519795,0.008519795,0.008519795,0.008519795,0.008519795,0.008519795,0.008519795,0.008519795,0.008519795,0.008519795,
0.008519795,0.008519795,0.008519795,0.008519795,0.008519795,0.008519795,0.008519795,0.008519795,0.008519795,0.008519795,0.008519795,0.008519795,0.008519795,8.893966E-05,0.008519795,0.008519795,0.008519795,0.008519795,0.002703064,0.008519795,0.008519795,0.008519795,0.008519795,0.008519795,0.008519795,0.008519795,0.008519795,0.008519795,0.008519795,0.008519795,
0.008519795,0.008519795,0.008519795,8.893966E-05,0.008519795,0.008519795,0.008519795,0.008519795,0.008519795,0.008519795,0.008519795,0.008519795,0.008519795,0.008519795,0.008519795,0.008519795,0.008519795,0.008519795,0.008519795,0.008519795,0.008519795,0.008519795,0.008519795,0.008519795,0.008519795,0.008519795,0.002703064,0.008519795,0.008519795,0.008519795,
0.008519795,0.008519795,0.008519795,0.008519795,0.008519795,0.008519795,0.008519795,0.008519795,0.008519795,0.008519795,0.008519795,0.002703064,0.008519795,0.008519795,0.008519795,0.008519795,0.008519795,0.008519795,0.008519795,0.008519795,0.008519795,0.008519795,0.008519795,0.008519795,0.008519795,0.008519795,0.008519795,0.008519795,0.008519795,0.008519795,
0.008519795,0.008519795,0.008519795,0.008519795,0.008519795,0.001550077,0.008519795,0.008519795,0.008519795,0.008519795,0.008519795,0.008519795,0.008519795,0.008519795,0.008519795,0.008519795,0.002703064,0.008519795,0.008519795,0.008519795,0.002703064,0.008519795,0.008519795,0.008519795,0.008519795,0.003739237,0.008519795,0.008519795,0.008519795,0.008519795,
0.008519795,0.008519795,0.008519795,0.003739237,0.008519795,0.008519795,0.008519795,0.008519795,0.008519795,0.008519795,0.008743956,0.008519795,0.008519795,0.008519795,0.008519795,0.008519795,0.008519795,0.008519795,0.008519795,0.008519795,0.008519795,0.008519795,0.002703064,0.008519795,0.008519795,0.008519795,0.008519795,0.008519795,0.001550077,0.008519795,
0.008519795,0.008519795,0.008519795,0.008519795,0.008519795,0.002703064,0.002703064,0.005111775,0.003442697,0.008519795,0.001661198,0.001550077,0.008519795,0.008519795,0.008519795,0.003739237,0.008519795,0.008519795,0.008519795,0.008519795,0.008519795,0.008519795,0.008519795,0.002703064,0.003739237,0.008519795,0.001550077,0.008519795,0.008743956,0.008519795,
0.008519795,0.008519795,0.002703064,0.002703064,0.008519795,0.008519795,0.008519795,0.008519795,0.005111775,0.002703064,0.008519795,0.008519795,0.008519795,0.001550077,0.004293366,0.008519795,0.001550077,0.003739237,0.008519795,0.003739237,0.008519795,0.009476415,0.008519795,0.008519795,0.008519795,0.001661198,0.008519795,0.008519795,0.008519795,0.005111775,
0.008519795,0.008519795,0.008519795,0.008519795,0.008519795,0.008519795,0.008519795,0.001661198,0.008519795,0.002703064,0.009399101,0.008519795,0.008519795,0.004293366,0.008519795,0.008519795,0.009476415,0.005111775,0.008519795,0.0050477,0.008519795,0.008519795,0.0007874548,0.008519795,0.009013295,0.008519795,0.008519795,0.009476415,0.002426571,0.008519795,
0.008519795,0.008519795,0.0007874548,0.005111775,0.008519795,0.002703064,0.009476415,0.008519795,0.008519795,0.008519795,0.008519795,0.008519795,0.008519795,0.004293366,0.008519795,0.008519795,0.008519795,0.008519795,0.008519795,0.008519795,0.008519795,0.008519795,0.008519795,0.008519795,0.008519795,0.009013295,0.008519795,0.0084689,0.008519795,0.008519795,
0.008519795,0.008519795,0.008519795,0.008519795,0.008519795,0.008519795,0.008519795,0.008519795,0.008519795,0.008519795,0.008519795,0.008519795,0.008519795,0.008519795,0.008519795,0.008519795,0.0084689,0.0084689,0.008519795,0.008519795,0.004293366,0.008519795,0.008519795,0.008519795,0.008519795,0.009013295,0.002703064,0.008519795,0.008519795,0.008519795,
0.0084689,0.008519795,0.008519795,0.008519795,0.008519795,0.008519795,0.008519795,0.008519795,0.008519795,0.008519795,0.008519795,0.008519795,0.008519795,0.008519795,0.008519795,0.009013295,0.008519795,0.008519795,0.005647192,0.008519795,0.008519795,0.008519795,0.008519795,0.008519795,0.008519795,0.008519795,0.008519795,0.008519795,0.008519795,0.002810929,
0.008519795,0.008519795,0.008519795,0.008519795,0.008519795,0.008519795,0.002810929,0.008519795,0.008519795,0.008519795,0.008519795,0.008519795,0.008519795,0.008519795,0.008519795,0.008519795,0.008519795,0.008519795,0.008519795,0.005610735,0.008519795,0.008519795,0.008519795,0.008519795,0.008519795,0.009013295,0.008519795,0.008519795,0.008519795,0.008519795,
0.008519795,0.008519795,0.008519795,0.008519795,0.008519795,0.005610735,0.008519795,0.005493553,0.008519795,0.005610735,0.008519795,0.008519795,0.008519795,0.008519795,0.008519795,0.008519795,0.008519795,0.008519795,0.008519795,0.008519795,0.008519795,0.009013295,0.008519795,0.008519795,0.008519795,0.002810929,0.002810929,0.008519795,0.008519795,0.008519795,
0.008519795,0.008519795,0.002810929,0.008519795,0.008519795,0.008519795,0.008519795,0.005610735,0.008519795,0.008519795,0.008519795,0.005493553,0.008519795,0.008519795,0.002810929,0.008519795,0.008519795,0.008519795,0.002810929,0.008519795,0.008519795,0.008519795,0.008519795,0.008519795,0.008519795,0.005610735,0.008519795,0.008519795,0.008519795,0.003803069,
0.008519795,0.008519795,0.008519795,0.008519795,0.008519795,0.005610735,0.008519795,0.008519795,0.008519795,0.008519795,0.008519795,0.002810929,0.004018286,0.008519795,0.005493553,0.008519795,0.008519795,0.005610735,0.008519795,0.005610735,0.008519795,0.002810929,0.008519795,0.008519795,0.008519795,0.002810929,0.002810929,0.002810929,0.008519795,0.008519795,
0.008519795,0.008519795,0.008519795,0.008519795,0.004018286,0.008519795,0.002810929,0.008519795,0.008519795,0.002810929,0.008519795,0.008519795,0.008519795,0.004018286,0.008519795,0.002706405,0.002810929,0.002810929,0.006275637,0.008519795,0.00626215,0.008519795,0.008519795,0.005610735,0.004018286,0.008519795,0.008519795,0.005610735,0.005610735,0.008519795,
0.008519795,0.008519795,0.005610735,0.008519795,0.002810929,0.002706405,0.008519795,0.006275637,0.008519795,0.002810929,0.008519795,0.004018286,0.008179501,0.008519795,0.008519795,0.008519795,0.004018286,0.008519795,0.008519795,0.002810929,0.00626215,0.002810929,0.008519795,0.001874423,0.008519795,0.008519795,0.00133193,0.008519795,0.002810929,0.008519795,
0.008179501,0.008519795,0.008519795,0.008519795,0.001874423,0.002810929,0.008519795,0.002810929,0.008519795,0.008519795,0.002810929,0.008519795,0.008519795,0.002810929,0.008519795,0.002810929,0.008519795,0.008519795,0.00133193,0.0006208968,0.006275637,0.001874423,0.008519795,0.005610735,0.002810929,0.008519795,0.006275637,0.008519795,0.004018286,0.008519795,
0.008519795,0.008519795,0.008519795,0.008519795,0.008519795,0.004018286,0.001874423,0.008519795,0.008519795,0.008519795,0.008519795,0.002810929,0.008519795,0.005711,0.008519795,0.008519795,0.008519795,0.008519795,0.004018286,0.006275637,0.008519795,0.008519795,0.008519795,0.008519795,0.008519795,0.008519795,0.003405239,0.008519795,0.008519795,0.00699163,
0.008519795,0.008519795,0.008519795,0.002810929,0.008519795,0.008519795,0.008519795,0.008519795,0.007296918,0.008519795,0.008519795,0.001874423,0.008519795,0.003405239,0.008519795,0.008519795,0.008519795,0.001874423,0.008519795,0.008519795,0.006275637,0.008519795,0.008519795,0.003405239,0.008519795,0.008519795,0.008519795,0.008519795,0.008519795,0.006275637,
0.008519795,0.008519795,0.008519795,0.008519795,0.008519795,0.008519795,0.008519795,0.006275637,0.008519795,0.008519795,0.008519795,0.008105752,0.008519795,0.006275637,0.008519795,0.003779036,0.008519795,0.008519795,0.008519795,0.008519795,0.008519795,0.008519795,0.008441531,0.008519795,0.008519795,0.008519795,0.008519795,0.008519795,0.008519795,0.006275637,
0.008519795,0.008519795,0.003702204,0.008519795,0.008519795,0.008519795,0.006275637,0.008519795,0.008519795,0.008519795,0.008519795,0.008519795,0.008519795,0.008519795,0.008519795,0.008519795,0.008519795,0.008519795,0.006275637,0.008441531,0.008519795,0.008519795,0.008519795,0.008519795,0.003779036,0.006275637,0.008519795,0.008519795,0.008105752,0.008519795,
0.008441531,0.008519795,0.008519795,0.006275637,0.008519795,0.008519795,0.008519795,0.005747687,0.008519795,0.008519795,0.008105752,0.008519795,0.008519795,0.008519795,0.008519795,0.003881708,0.008519795,0.008519795,0.008519795,0.008519795,0.008519795,0.003702204,0.008519795,0.008519795,0.003779036,0.008519795,0.008519795,0.008519795,0.005365977,0.008519795,
0.008519795,0.008519795,0.008519795,0.008519795,0.008519795,0.006275637,0.008519795,0.008105752,0.008519795,0.008519795,0.008519795,0.003881708,0.009671411,0.008519795,0.008519795,0.008519795,0.008105752,0.008519795,0.008519795,0.008519795,0.003881708,0.008519795,0.005365977,0.008519795,0.008519795,0.008519795,0.008519795,0.008519795,0.008519795,0.008519795,
0.008519795,0.008519795,0.008519795,0.008519795,0.008519795,0.008345569,0.005365977,0.008519795,0.009671411,0.008519795,0.008519795,0.007658049,0.008519795,0.008519795,0.008105752,0.008519795,0.005255282,0.008105752,0.008519795,0.008519795,0.003881708,0.008519795,0.005365977,0.008105752,0.008519795,0.006275637,0.008519795,0.008519795,0.006275637,0.008519795,
0.008105752,0.008105752,0.008519795,0.008345569,0.008519795,0.008519795,0.006275637,0.008519795,0.008105752,0.008519795,0.008519795,0.008519795,0.008105752,0.005365977,0.008519795,0.006275637,0.008519795,0.006275637,0.008519795,0.008519795,0.008519795,0.008519795,0.008519795,0.003881708,0.008519795,0.008519795,0.008105752,0.008519795,0.008519795,0.008519795,
0.008519795,0.008519795,0.008519795,0.008519795,0.008519795,0.006275637,0.008519795,0.008519795,0.008519795,0.008519795,0.008345569,0.008519795,0.008105752,0.006275637,0.008519795,0.006275637,0.008519795,0.008519795,0.008519795,0.006275637,0.008105752,0.008105752,0.008519795,0.008105752,0.008519795,0.008519795,0.008519795,0.008105752,0.008105752,0.008105752,
0.008105752,0.008105752,0.008519795,0.008519795,0.008519795,0.008105752,0.008519795,0.008519795,0.008519795,0.008519795,0.008519795,0.008519795,0.008519795,0.008519795,0.008519795,0.008519795,0.008519795,0.008105752,0.008105752,0.008519795,0.008519795,0.008519795,0.008105752,0.008519795,0.008519795,0.008519795,0.008519795,0.008519795,0.008105752,0.008519795,
0.008105752,0.008105752,0.008519795,0.008105752,0.008519795,0.008519795,0.008519795,0.006930823,0.008105752,0.008519795,0.008519795,0.008519795,0.008105752,0.006111616,0.008519795,0.008519795,0.008519795,0.008519795,0.008519795,0.008519795,0.008519795,0.008519795,0.008519795,0.0007340646,0.008519795,0.008519795,0.008105752,0.008519795,0.008519795,0.008519795,
0.008105752,0.008105752,0.008519795,0.008105752,0.008519795,0.008586985,0.008519795,0.008105752,0.008519795,0.008105752,0.008519795,0.006930823,0.008519795,0.006930823,0.008519795,0.008519795,0.008105752,0.008105752,0.008519795,0.008519795,0.008105752,0.008519795,0.008519795,0.008519795,0.008519795,0.008519795,0.008105752,0.008105752,0.008105752,0.008105752,
0.008519795,0.008519795,0.008519795,0.008105752,0.008519795,0.008105752,0.006930823,0.008519795,0.008105752,0.008519795,0.006930823,0.008519795,0.008519795,0.008519795,0.008105752,0.008519795,0.008105752,0.008519795,0.008519795,0.008519795,0.006930823,0.008519795,0.008105752,0.008105752,0.008105752,0.008519795,0.006930823,0.008105752,0.008105752,0.008105752,
0.008105752,0.008105752,0.008105752,0.008519795,0.006930823,0.008105752,0.008519795,0.008105752,0.008519795,0.008105752,0.008105752,0.008105752,0.008222654,0.008519795,0.008519795,0.008519795,0.008105752,0.008105752,0.008105752,0.0008400988,0.008519795,0.008519795,0.008519795,0.008519795,0.008105752,0.005044786,0.008105752,0.008105752,0.008105752,0.006930823,
0.008105752,0.008105752,0.008105752,0.008105752,0.008105752,0.008105752,0.006930823,0.008105752,0.008105752,0.008105752,0.006930823,0.008105752,0.006930823,0.008105752,0.008519795,0.008519795,0.008105752,0.008105752,0.008105752,0.008105752,0.006930823,0.008519795,0.008222654,0.008105752,0.008519795,0.008105752,0.008105752,0.008105752,0.005044786,0.008105752,
0.008105752,0.008105752,0.008519795,0.008105752,0.008519795,0.008105752,0.008105752,0.006930823,0.008105752,0.008519795,0.008105752,0.008105752,0.008105752,0.008105752,0.008105752,0.008105752,0.008105752,0.008222654,0.008105752,0.006930823,0.006930823,0.008105752,0.008105752,0.006930823,0.008519795,0.008105752,0.007549617,0.008105752,0.008519795,0.008105752,
0.008105752,0.008105752,0.008105752,0.008519795,0.008105752,0.008519795,0.008519795,0.008105752,0.006930823,0.008105752,0.008519795,0.008105752,0.008222654,0.008519795,0.008105752,0.006930823,0.008105752,0.006930823,0.008105752,0.008105752,0.008105752,0.007549617,0.008105752,0.008105752,0.008519795,0.008105752,0.008105752,0.008105752,0.008519795,0.008105752,
0.008105752,0.008105752,0.008105752,0.008222654,0.008105752,0.008105752,0.008105752,0.008105752,0.007549617,0.008105752,0.008105752,0.008105752,0.008105752,0.008105752,0.008105752,0.008105752,0.008519795,0.008222654,0.008222654,0.008105752,0.008105752,0.009234503,0.006930823,0.008105752,0.008519795,0.008105752,0.008105752,0.008105752,0.008105752,0.008105752,
0.008105752,0.008105752,0.008519795,0.008105752,0.006930823,0.008519795,0.008105752,0.008519795,0.007549617,0.008105752,0.008105752,0.008105752,0.008105752,0.008105752,0.008105752,0.008105752,0.008105752,0.008105752,0.008105752,0.008105752,0.008105752,0.008105752,0.0063742,0.008222654,0.008105752,0.008105752,0.008105752,0.008105752,0.008105752,0.008105752,
0.008222654,0.008105752,0.008105752,0.005510176,0.008105752,0.008105752,0.008519795,0.008222654,0.008105752,0.008105752,0.008105752,0.008105752,0.008105752,0.008105752,0.008105752,0.008105752,0.008222654,0.008105752,0.008105752,0.008105752,0.007549617,0.008105752,0.005853321,0.008105752,0.008105752,0.008105752,0.008105752,0.008105752,0.002252544,0.008105752,
0.008105752,0.008105752,0.008105752,0.008105752,0.008105752,0.008105752,0.008105752,0.008105752,0.008105752,0.008105752,0.008105752,0.008105752,0.008105752,0.008105752,0.008105752,0.008105752,0.008105752,0.008105752,0.005853321,0.002252544,0.008105752,0.008105752,0.008105752,0.008222654,0.008105752,0.008105752,0.008105752,0.005853321,0.008105752,0.008105752,
0.008105752,0.008105752,0.002252544,0.008105752,0.005853321,0.008105752,0.005853321,0.008105752,0.008105752,0.008105752,0.008105752,0.008105752,0.008105752,0.008105752,0.008105752,0.008105752,0.008105752,0.008105752,0.008105752,0.008105752,0.005853321,0.008105752,0.008105752,0.008105752,0.008105752,0.008105752,0.008105752,0.008105752,0.002252544,0.008222654,
0.008105752,0.008105752,0.008105752,0.008105752,0.008105752,0.008105752,0.008105752,0.008105752,0.008105752,0.008105752,0.008105752,0.008105752,0.008105752,0.008105752,0.008105752,0.008105752,0.008105752,0.008105752,0.005853321,0.008105752,0.008105752,0.008105752,0.005853321,0.008105752,0.00613896,0.008105752,0.008105752,0.008105752,0.008105752,0.008105752,
0.008105752,0.008105752,0.008105752,0.008105752,0.008105752,0.008105752,0.008105752,0.008105752,0.008105752,0.008105752,0.00908872,0.008105752,0.008105752,0.008105752,0.008105752,0.008105752,0.008105752,0.008105752,0.008105752,0.008105752,0.008105752,0.008105752,0.008105752,0.008105752,0.005853321,0.008105752,0.008105752,0.008105752,0.008105752,0.008105752,
0.008105752,0.008105752,0.008105752,0.008105752,0.008105752,0.005853321,0.008105752,0.008105752,0.00908872,0.005853321,0.008105752,0.008105752,0.008105752,0.008105752,0.008105752,0.008105752,0.008105752,0.008105752,0.008105752,0.008105752,0.008105752,0.008105752,0.008105752,0.008105752,0.008105752,0.008105752,0.008105752,0.008105752,0.008105752,0.00908872,
0.008105752,0.008105752,0.00908872,0.008105752,0.008105752,0.00908872,0.008105752,0.008105752,0.008105752,0.008105752,0.008105752,0.008105752,0.00908872,0.008105752,0.008105752,0.008105752,0.006225534,0.008105752,0.008105752,0.008105752,0.008105752,0.008105752,0.008105752,0.008105752,0.008105752,0.008105752,0.008105752,0.008105752,0.008105752,0.008105752,
0.008105752,0.008105752,0.008105752,0.008105752,0.008105752,0.00908872,0.008105752,0.008105752,0.008105752,0.008105752,0.008105752,0.008105752,0.008105752,0.008105752,0.008105752,0.008105752,0.008105752,0.008105752,0.00908872,0.008105752,0.008105752,0.008105752,0.008105752,0.003363818,0.008105752,0.006103921,0.00908872,0.008105752,0.008105752,0.008105752,
0.008105752,0.008105752,0.008105752,0.008105752,0.008105752,0.008105752,0.008105752,0.003645775,0.008105752,0.008105752,0.008105752,0.008105752,0.008105752,0.008105752,0.008105752,0.00908872,0.008105752,0.008105752,0.008105752,0.008105752,0.00908872,0.008105752,0.008105752,0.008105752,0.006103921,0.008105752,0.008105752,0.008105752,0.008105752,0.006103921,
0.008105752,0.008105752,0.001980133,0.008105752,0.008105752,0.008105752,0.008105752,0.008105752,0.008105752,0.008105752,0.008105752,0.008105752,0.008105752,0.008105752,0.008105752,0.008105752,0.008105752,0.008105752,0.008105752,0.009132894,0.008105752,0.008105752,0.007938095,0.00908872,0.008105752,0.008105752,0.008105752,0.008105752,0.008105752,0.008105752,
0.008105752,0.008105752,0.008105752,0.008105752,0.008105752,0.008105752,0.00908872,0.008172683,0.008105752,0.008105752,0.008105752,0.008105752,0.008105752,0.008105752,0.008105752,0.008105752,0.008105752,0.008105752,0.008105752,0.001980133,0.008105752,0.008105752,0.008105752,0.008105752,0.008105752,0.008105752,0.008105752,0.008105752,0.008105752,0.008105752,
0.008105752,0.008105752,0.008105752,0.008105752,0.008105752,0.008105752,0.008105752,0.008105752,0.004522608,0.008105752,0.008105752,0.008105752,0.008105752,0.008105752,0.008105752,0.008105752,0.008105752,0.001980133,0.008105752,0.008105752,0.008105752,0.008105752,0.008172683,0.008105752,0.008105752,0.009003098,0.008105752,0.008105752,0.008105752,0.008105752,
0.008105752,0.008105752,0.004522608,0.008105752,0.008105752,0.008105752,0.008105752,0.008105752,0.001980133,0.008105752,0.009003098,0.008105752,0.008105752,0.008172683,0.008105752,0.008105752,0.008105752,0.008105752,0.008105752,0.008172683,0.008105752,0.008507224,0.008105752,0.006742806,0.008105752,0.008105752,0.008105752,0.008172683,0.008105752,0.008105752,
0.008105752,0.008105752,0.009003098,0.008105752,0.008105752,0.008105752,0.008105752,0.008105752,0.008105752,0.007965905,0.008507224,0.009003098,0.008507224,0.005395492,0.008105752,0.004082226,0.008105752,0.008105752,0.008105752,0.008105752,0.008105752,0.008105752,0.008105752,0.008105752,0.008105752,0.008105752,0.008105752,0.008105752,0.008105752,0.008105752,
0.007965905,0.008105752,0.008105752,0.008105752,0.009699231,0.007965905,0.008105752,0.008105752,0.008105752,0.009003098,0.008105752,0.008105752,0.008105752,0.008105752,0.008105752,0.008105752,0.007965905,0.008105752,0.008105752,0.008105752,0.008507224,0.008105752,0.008105752,0.008507224,0.007965905,0.008105752,0.008105752,0.008105752,0.008105752,0.008105752,
0.008105752,0.008105752,0.008105752,0.008105752,0.005385377,0.007588598,0.008105752,0.008105752,0.008105752,0.009699231,0.009472016,0.007965905,0.008105752,0.008105752,0.008105752,0.008105752,0.007965905,0.007965905,0.008105752,0.008105752,0.008105752,0.008105752,0.008105752,0.008105752,0.0008160507,0.007965905,0.008507224,0.007965905,0.008105752,0.001356606,
0.008105752,0.007965905,0.008105752,0.008105752,0.009699231,0.008105752,0.007965905,0.008105752,0.008105752,0.008105752,0.008105752,0.008105752,0.008105752,0.009699231,0.009472016,0.008105752,0.007965905,0.008105752,0.008105752,0.007588598,0.008105752,0.008105752,0.008105752,0.008105752,0.008507224,0.009281679,0.009472016,0.009472016,0.007965905,0.008105752,
0.008105752,0.008105752,0.008507224,0.008105752,0.009699231,0.008105752,0.008105752,0.008105752,0.008105752,0.008105752,0.008105752,0.008105752,0.009281679,0.008105752,0.004893866,0.008105752,0.008105752,0.008105752,0.003519079,0.008105752,0.008105752,0.008105752,0.009472016,0.008105752,0.008105752,0.007965905,0.008105752,0.008962491,0.007965905,0.003773568,
0.008105752,0.008105752,0.008962491,0.008105752,0.008105752,0.009699231,0.009699231,0.008105752,0.008105752,0.008105752,0.008105752,0.008105752,0.007965905,0.008617967,0.008105752,0.008105752,0.008105752,0.004893866,0.008507224,0.008105752,0.008105752,0.003773568,0.008105752,0.008105752,0.008507224,0.008105752,0.008105752,0.008105752,0.008105752,0.008105752,
0.008105752,0.008105752,0.008105752,0.008105752,0.008962491,0.008105752,0.008105752,0.008105752,0.008507224,0.008105752,0.008105752,0.008105752,0.008105752,0.004893866,0.007965905,0.008507224,0.007965905,0.008105752,0.008507224,0.008105752,0.009699231,0.009699231,0.008105752,0.008105752,0.008507224,0.008105752,0.008105752,0.008105752,0.004893866,0.008105752,
0.008105752,0.007965905,0.008507224,0.008507224,0.008105752,0.00104175,0.008105752,0.008105752,0.008105752,0.008507224,0.008105752,0.004893866,0.008105752,0.008105752,0.008962491,0.008507224,0.008105752,0.007965905,0.008105752,0.007965905,0.008507224,0.009699231,0.007965905,0.008105752,0.008105752,0.008105752,0.008105752,0.008105752,0.007965905,0.008105752,
0.008105752,0.008105752,0.00104175,0.008962491,0.007965905,0.008507224,0.008507224,0.007965905,0.008507224,0.007965905,0.008105752,0.008105752,0.004393155,0.008105752,0.007965905,0.008507224,0.008718639,0.008105752,0.008105752,0.008105752,0.004893866,0.008105752,0.007965905,0.008105752,0.008507224,0.008105752,0.008105752,0.009699231,0.008962491,0.008105752,
0.007965905,0.008105752,0.008507224,0.008105752,0.008105752,0.007965905,0.008962491,0.008105752,0.009699231,0.008962491,0.008507224,0.008105752,0.008105752,0.008507224,0.008105752,0.007965905,0.008105752,0.004893866,0.007965905,0.007965905,0.007965905,0.008962491,0.008507224,0.008105752,0.007965905,0.009699231,0.006819926,0.008105752,0.008105752,0.004393155,
0.007965905,0.008105752,0.008105752,0.007965905,0.009699231,0.008507224,0.009699231,0.007965905,0.008962491,0.007965905,0.008507224,0.008962491,0.007965905,0.007965905,0.008105752,0.004893866,0.008962491,0.006819926,0.008105752,0.008105752,0.007965905,0.007965905,0.007965905,0.008507224,0.008507224,0.008105752,0.007965905,0.008105752,0.008105752,0.007270161,
0.007965905,0.007965905,0.008105752,0.008507224,0.009699231,0.008105752,0.008105752,0.007270161,0.008507224,0.007965905,0.008507224,0.008105752,0.008105752,0.008962491,0.008105752,0.008105752,0.008105752,0.008105752,0.007270161,0.008105752,0.007965905,0.007965905,0.008507224,0.008105752,0.008962491,0.008105752,0.008507224,0.008507224,0.004893866,0.008962491,
0.008105752,0.008105752,0.006619381,0.007965905,0.008105752,0.008105752,0.008105752,0.008507224,0.008105752,0.009699231,0.008105752,0.008105752,0.007270161,0.007965905,0.008105752,0.008105752,0.007965905,0.008105752,0.008105752,0.008507224,0.008105752,0.008105752,0.008507224,0.008105752,0.005337818,0.004893866,0.008105752,0.008105752,0.008507224,0.008105752,
0.008105752,0.008105752,0.008105752,0.008105752,0.006619381,0.008105752,0.008507224,0.008105752,0.00188696,0.008105752,0.007965905,0.008105752,0.008105752,0.005337818,0.008105752,0.008507224,0.008105752,0.007965905,0.008105752,0.008507224,0.008105752,0.007965905,0.008105752,0.008507224,0.008105752,0.008105752,0.008105752,0.008105752,0.008105752,0.007270161,
0.008105752,0.008105752,0.008105752,0.005337818,0.008105752,0.00664541,0.008105752,0.008105752,0.007270161,0.007965905,0.006619381,0.006619381,0.007965905,0.008105752,0.008105752,0.008105752,0.008105752,0.008105752,0.008105752,0.008105752,0.008105752,0.008105752,0.008653693,0.008105752,0.008105752,0.008105752,0.008105752,0.008507224,0.008105752,0.008105752,
0.008105752,0.008105752,0.008105752,0.008105752,0.008507224,0.008105752,0.001246659,0.008105752,0.008105752,0.008105752,0.002291078,0.006619381,0.006619381,0.007965905,0.008105752,0.008105752,0.006619381,0.008105752,0.007965905,0.008105752,0.004196053,0.008105752,0.008105752,0.007270161,0.007965905,0.008105752,0.007965905,0.006619381,0.008653693,0.00511121,
0.008105752,0.008105752,0.008105752,0.008105752,0.008105752,0.008105752,0.008105752,0.007965905,0.008105752,0.007270161,0.006619381,0.008105752,0.008105752,0.008105752,0.006945774,0.008105752,0.008105752,0.007965905,0.006619381,0.008105752,0.008105752,0.008105752,0.008105752,0.002291078,0.008105752,0.008105752,0.008105752,0.006619381,0.006619381,0.008105752,
0.008105752,0.008105752,0.006619381,0.008105752,0.008105752,0.006619381,0.006362885,0.007270161,0.003019082,0.008105752,0.008105752,0.007965905,0.008105752,0.006945774,0.008105752,0.008105752,0.008105752,0.008105752,0.008105752,0.008105752,0.008105752,0.006619381,0.008105752,0.007965905,0.008105752,0.008105752,0.008105752,0.006619381,0.008105752,0.008105752,
0.008105752,0.008105752,0.007965905,0.008105752,0.008105752,0.008105752,0.008105752,0.006619381,0.008105752,0.008105752,0.008105752,0.008105752,0.008105752,0.006669905,0.008105752,0.007965905,0.006619381,0.008105752,0.008105752,0.008105752,0.008105752,0.008105752,0.008105752,0.008105752,0.007965905,0.008105752,0.006945774,0.008105752,0.005016836,0.008105752,
0.008105752,0.008105752,0.006669905,0.008105752,0.008105752,0.008105752,0.008105752,0.008105752,0.006894352,0.008105752,0.008105752,0.008105752,0.007965905,0.008105752,0.008105752,0.007965905,0.008105752,0.006669905,0.005016836,0.008105752,0.008105752,0.008105752,0.008105752,0.008105752,0.008105752,0.006619381,0.006945774,0.008105752,0.008105752,0.008105752,
0.007965905,0.008105752,0.008105752,0.008105752,0.008105752,0.008105752,0.008105752,0.008105752,0.008105752,0.008105752,0.008105752,0.008105752,0.005016836,0.008105752,0.008105752,0.008105752,0.008105752,0.008105752,0.008105752,0.008105752,0.007965905,0.008105752,0.008105752,0.008105752,0.008105752,0.008105752,0.008105752,0.008105752,0.008105752,0.008105752,
0.008105752,0.008105752,0.008105752,0.008105752,0.008105752,0.008105752,0.008105752,0.008105752,0.008105752,0.008105752,0.008105752,0.005016836,0.008105752,0.008105752,0.008105752,0.008105752,0.008105752,0.008105752,0.007965905,0.008105752,0.007965905,0.008105752,0.008105752,0.008105752,0.008105752,0.008105752,0.008105752,0.008105752,0.008105752,0.008105752,
0.008105752,0.008105752,0.008105752,0.008105752,0.008105752,0.008105752,0.008105752,0.008105752,0.008105752,0.008105752,0.008105752,0.008105752,0.008105752,0.008105752,0.007965905,0.008105752,0.008105752,0.008105752,0.008105752,0.008105752,0.008105752,0.008105752,0.007965905,0.008105752,0.008105752,0.008105752,0.008105752,0.008105752,0.008844795,0.008105752,
0.007965905,0.008105752,0.008105752,0.008105752,0.006933713,0.008105752,0.008105752,0.008105752,0.008105752,0.008105752,0.008105752,0.002150414,0.008105752,0.008105752,0.008105752,0.008105752,0.008105752,0.008105752,0.008105752,0.008105752,0.008105752,0.008105752,0.008105752,0.008105752,0.008105752,0.008105752,0.008105752,0.007965905,0.008105752,0.008105752,
0.008105752,0.002150414,0.008105752,0.008105752,0.008105752,0.008105752,0.007965905,0.008105752,0.008105752,0.008105752,0.008105752,0.008105752,0.007965905,0.008105752,0.008105752,0.008105752,0.008105752,0.008105752,0.008105752,0.008105752,0.006933713,0.008105752,0.0004870784,0.007965905,0.007965905,0.008105752,0.008105752,0.008105752,0.008105752,0.008105752,
0.008105752,0.008105752,0.008105752,0.008105752,0.008105752,0.007965905,0.006933713,0.008105752,0.007965905,0.008105752,0.00719223,0.007965905,0.008105752,0.002150414,0.008105752,0.008105752,0.008105752,0.008105752,0.006933713,0.008679403,0.008105752,0.008105752,0.008105752,0.008105752,0.008105752,0.008105752,0.008105752,0.008105752,0.008105752,0.008105752,
0.008105752,0.008105752,0.006801033,0.007965905,0.008105752,0.008679403,0.00719223,0.002150414,0.008105752,0.002150414,0.007965905,0.008105752,0.008105752,0.008105752,0.008105752,0.008105752,0.008105752,0.008105752,0.008105752,0.008105752,0.008105752,0.008105752,0.008105752,0.008105752,0.008105752,0.008105752,0.008105752,0.007965905,0.008105752,0.008105752,
0.008105752,0.007965905,0.008105752,0.008105752,0.008105752,0.008105752,0.009480053,0.002150414,0.008105752,0.008105752,0.008105752,0.008105752,0.002150414,0.006801033,0.008105752,0.008105752,0.008105752,0.008105752,0.008105752,0.008105752,0.008105752,0.008105752,0.008105752,0.008105752,0.008105752,0.008767433,0.002150414,0.008105752,0.006801033,0.008105752,
0.008105752,0.008105752,0.008105752,0.008105752,0.008105752,0.008105752,0.008105752,0.008105752,0.008105752,0.008105752,0.008767433,0.007965905,0.006801033,0.008105752,0.002150414,0.009480053,0.008105752,0.008105752,0.008105752,0.008105752,0.008105752,0.008105752,0.008105752,0.008767433,0.008105752,0.008105752,0.008105752,0.008105752,0.009480053,0.008105752,
0.008105752,0.008105752,0.003938125,0.008105752,0.008105752,0.008105752,0.008105752,0.008105752,0.002150414,0.008105752,0.008105752,0.002150414,0.008105752,0.008105752,0.002150414,0.008105752,0.007965905,0.009480053,0.006801033,0.007965905,0.008105752,0.008105752,0.007965905,0.004438396,0.008105752,0.008412964,0.007965905,0.006801033,0.008105752,0.008105752,
0.008105752,0.008105752,0.002150414,0.007965905,0.008105752,0.008105752,0.008105752,0.006681496,0.008105752,0.008105752,0.004924372,0.008105752,0.008105752,0.002650567,0.008105752,0.006801033,0.008105752,0.008105752,0.008105752,0.008105752,0.008105752,0.007965905,0.002150414,0.008105752,0.008105752,0.002150414,0.003938125,0.008105752,0.008105752,0.002150414,
0.008105752,0.008105752,0.004924372,0.006801033,0.003938125,0.008105752,0.007965905,0.008105752,0.002650567,0.008105752,0.008105752,0.006681496,0.008105752,0.007965905,0.008105752,0.008105752,0.008105752,0.008105752,0.0001813638,0.002650567,0.0097411,0.003938125,0.008105752,0.002150414,0.003938125,0.008105752,0.008105752,0.008105752,0.008105752,0.008105752,
0.008105752,0.008105752,0.0007783747,0.0001813638,0.003938125,0.0097411,0.002650567,0.0097411,0.008105752,0.003938125,0.008105752,0.008105752,0.008105752,0.003938125,0.008105752,0.008105752,0.003938125,0.002150414,0.002650567,0.008105752,0.003938125,0.003938125,0.008105752,0.008962488,0.003938125,0.003938125,0.008105752,0.002150414,0.008105752,0.003938125,
0.008105752,0.008105752,0.008105752,0.002150414,0.0097411,0.0001813638,0.003938125,0.003938125,0.008105752,0.003938125,0.003938125,0.008105752,0.008105752,0.008105752,0.002650567,0.008105752,0.008105752,0.002650567,0.002650567,0.008105752,0.003938125,0.003938125,0.003938125,0.008105752,0.003938125,0.008105752,0.003938125,0.006267065,0.003938125,0.003938125,
0.008105752,0.008105752,0.003938125,0.0001813638,0.008105752,0.008105752,0.003938125,0.008105752,0.008105752,0.003938125,0.003938125,0.005514279,0.008105752,0.008105752,0.0001813638,0.003938125,0.008105752,0.003938125,0.002650567,0.003938125,0.008105752,0.003938125,0.003938125,0.004554943,0.008105752,0.008105752,0.002650567,0.003938125,0.008105752,0.003938125,
0.008105752,0.008105752,0.008105752,0.008105752,0.005514279,0.008105752,0.005514279,0.003938125,0.0001813638,0.008105752,0.008105752,0.008105752,0.003938125,0.004554943,0.008105752,0.003938125,0.004554943,0.0001813638,0.008105752,0.008105752,0.008105752,0.008105752,0.008105752,0.008105752,0.003938125,0.003938125,0.003938125,0.003938125,0.003938125,0.008105752,
0.008105752,0.008105752,0.008105752,0.008105752,0.0003352714,0.003938125,0.0001813638,0.008105752,0.008105752,0.005514279,0.008105752,0.008105752,0.003938125,0.004554943,0.008105752,0.008105752,0.008105752,0.003938125,0.005514279,0.008105752,0.003938125,0.008105752,0.008105752,0.004554943,0.0001813638,0.008105752,0.008105752,0.008105752,0.003938125,0.004554943,
0.008105752,0.008105752,0.008105752,0.008105752,0.008105752,0.0001813638,0.008105752,0.008105752,0.008105752,0.004554943,0.008105752,0.004554943,0.005514279,0.008105752,0.008105752,0.003938125,0.008105752,0.003938125,0.008105752,0.008105752,0.0001813638,0.008105752,0.008105752,0.008105752,0.008105752,0.003938125,0.003938125,0.008105752,0.008105752,0.003938125,
0.008105752,0.008105752,0.008509855,0.008105752,0.008105752,0.008105752,0.008105752,0.008105752,0.003938125,0.008105752,0.003938125,0.003938125,0.008105752,0.0001813638,0.008105752,0.008105752,0.008105752,0.008105752,0.008105752,0.008105752,0.008105752,0.0001813638,0.003938125,0.008105752,0.008105752,0.008105752,0.008105752,0.008105752,0.003938125,0.008105752,
0.008105752,0.008105752,0.003938125,0.003938125,0.003938125,0.008105752,0.003938125,0.003938125,0.003938125,0.008105752,0.008105752,0.008105752,0.003938125,0.0001813638,0.008105752,0.008105752,0.008105752,0.008105752,0.008105752,0.003938125,0.008105752,0.0001813638,0.0001813638,0.008105752,0.008105752,0.0001813638,0.008105752,0.008105752,0.008105752,0.008105752,
0.008105752,0.008105752,0.003938125,0.008105752,0.008105752,0.008105752,0.008105752,0.009138935,0.008105752,0.0001813638,0.003938125,0.008105752,0.008105752,0.003938125,0.008105752,0.008105752,0.003938125,0.003938125,0.008105752,0.0001813638,0.008105752,0.003938125,0.008105752,0.003938125,0.0001813638,0.004572193,0.008105752,0.008105752,0.008105752,0.003938125,
0.008105752,0.008105752,0.0001813638,0.008105752,0.008105752,0.003938125,0.008105752,0.008105752,0.0001813638,0.008105752,0.008105752,0.003938125,0.008105752,0.003938125,0.008105752,0.004572193,0.008105752,0.003938125,0.008105752,0.003938125,0.003938125,0.008105752,0.003938125,0.004572193,0.008105752,0.008105752,0.008105752,0.003938125,0.003938125,0.003938125,
0.008105752,0.008105752,0.008105752,0.008105752,0.008105752,0.008105752,0.008105752,0.0001813638,0.008105752,0.008105752,0.003938125,0.008105752,0.008105752,0.003938125,0.003938125,0.008105752,0.008105752,0.008105752,0.008105752,0.008105752,0.008105752,0.003938125,0.008105752,0.008105752,0.003938125,0.004572193,0.008105752,0.008105752,0.008105752,0.003938125,
0.008105752,0.008105752,0.008105752,0.003938125,0.008105752,0.008105752,0.008105752,0.003938125,0.003938125,0.008105752,0.008105752,0.008105752,0.003938125,0.008105752,0.003938125,0.008105752,0.008105752,0.001980597,0.008105752,0.003938125,0.008105752,0.003938125,0.0001813638,0.003938125,0.008105752,0.008105752,0.008105752,0.0001813638,0.004572193,0.005782323,
0.008105752,0.008105752,0.002837611,0.0001813638,0.003938125,0.008105752,0.001980597,0.008105752,0.008105752,0.008105752,0.008105752,0.008105752,0.008105752,0.009759956,0.008105752,0.008105752,0.008105752,0.003938125,0.008105752,0.008105752,0.003938125,0.008105752,0.008105752,0.000527339,0.003938125,0.003938125,0.008105752,0.008105752,0.008105752,0.003938125,
0.008105752,0.008105752,0.008105752,0.008105752,0.008105752,0.008105752,0.009759956,0.008105752,0.008105752,0.003938125,0.008105752,0.008105752,0.008105752,0.008105752,0.003938125,0.003938125,0.008105752,0.008105752,0.008105752,0.008105752,0.008105752,0.001001542,0.008105752,0.008105752,0.008105752,0.002837611,0.008105752,0.008105752,0.008105752,0.001104757,
0.008105752,0.008105752,0.008105752,0.008105752,0.003938125,0.001104757,0.008105752,0.008105752,0.008105752,0.008105752,0.008105752,0.008105752,0.008059366,0.008105752,0.008105752,0.003938125,0.003938125,0.002406031,0.009759956,0.002837611,0.008105752,0.008105752,0.008105752,0.008105752,0.009584887,0.008105752,0.001001542,0.008105752,0.008105752,0.008105752,
0.008105752,0.008105752,0.009584887,0.008105752,0.008105752,0.001001542,0.003938125,0.003938125,0.002406031,0.008105752,0.008105752,0.008105752,0.009759956,0.008105752,0.003938125,0.008105752,0.008105752,0.008105752,0.003938125,0.009584887,0.008105752,0.008105752,0.008105752,0.008105752,0.009584887,0.003938125,0.008105752,0.008059366,0.009584887,0.003938125,
0.008105752,0.008105752,0.001001542,0.008105752,0.009584887,0.009759956,0.009759956,0.008105752,0.008105752,0.008105752,0.008105752,0.008105752,0.008105752,0.009584887,0.008105752,0.009584887,0.003938125,0.003938125,0.009759956,0.008059366,0.003938125,0.009584887,0.008105752,0.003938125,0.008105752,0.008105752,0.008105752,0.008105752,0.009584887,0.0001354325,
0.008105752,0.008105752,0.008059366,0.005647293,0.009584887,0.009584887,0.008105752,0.008105752,0.008105752,0.009759956,0.009759956,0.003938125,0.008105752,0.008105752,0.009759956,0.003938125,0.008105752,0.008105752,0.008105752,0.008105752,0.008059366,0.009584887,0.003938125,0.003938125,0.003938125,0.003938125,0.008105752,0.003938125,0.008105752,0.008105752,
0.008105752,0.008105752,0.008105752,0.009584887,0.003938125,0.003938125,0.008105752,0.008105752,0.003938125,0.003938125,0.003938125,0.008105752,0.003938125,0.008059366,0.005819612,0.009759956,0.009584887,0.008105752,0.003938125,0.009759956,0.005647293,0.008105752,0.005647293,0.003938125,0.008105752,0.008105752,0.008105752,0.003938125,0.008105752,0.009759956,
0.008105752,0.008105752,0.008105752,0.003938125,0.005647293,0.008105752,0.003938125,0.008105752,0.008105752,0.003938125,0.009759956,0.008105752,0.008059366,0.003938125,0.003938125,0.009584887,0.008105752,0.003938125,0.008105752,0.008105752,0.008105752,0.008105752,0.009584887,0.005647293,0.008105752,0.003938125,0.005647293,0.008105752,0.008105752,0.009759956,
0.008105752,0.008105752,0.003938125,0.008105752,0.008105752,0.005647293,0.008105752,0.008105752,0.008105752,0.003938125,0.003938125,0.003938125,0.005647293,0.008105752,0.003938125,0.008105752,0.008105752,0.008105752,0.003938125,0.009759956,0.008105752,0.008105752,0.008105752,0.008105752,0.008105752,0.008105752,0.009759956,0.003938125,0.008105752,0.008105752,
0.008105752,0.008105752,0.008105752,0.003938125,0.008105752,0.008105752,0.008105752,0.008105752,0.008105752,0.008105752,0.005647293,0.008105752,0.008105752,0.008105752,0.005647293,0.008105752,0.008105752,0.008105752,0.003938125,0.005647293,0.008105752,0.005647293,0.003938125,0.008105752,0.008105752,0.008105752,0.008105752,0.003938125,0.008105752,0.003938125,
0.008105752,0.008105752,0.003938125,0.008105752,0.005081848,0.008105752,0.008105752,0.008105752,0.008105752,0.005647293,0.005647293,0.008105752,0.008105752,0.008105752,0.008105752,0.008105752,0.008105752,0.008105752,0.008105752,0.008105752,0.008105752,0.003938125,0.005647293,0.008105752,0.008105752,0.008105752,0.003938125,0.008105752,0.008105752,0.008105752,
0.008105752,0.008105752,0.008105752,0.008105752,0.008105752,0.008105752,0.005647293,0.008105752,0.008105752,0.005647293,0.008105752,0.005647293,0.003938125,0.008105752,0.005081848,0.003938125,0.008105752,0.003938125,0.003938125,0.008105752,0.008105752,0.008105752,0.003938125,0.008105752,0.008105752,0.008105752,0.008105752,0.003938125,0.008105752,0.003938125,
0.008105752,0.008105752,0.005647293,0.008105752,0.008105752,0.008105752,0.005647293,0.008105752,0.005070924,0.008105752,0.008105752,0.008105752,0.008105752,0.005647293,0.008105752,0.005647293,0.008207366,0.008105752,0.008105752,0.008105752,0.008105752,0.008105752,0.005647293,0.008105752,0.003938125,0.008105752,0.008105752,0.003938125,0.005647293,0.008105752,
0.008105752,0.008105752,0.008105752,0.008207366,0.005647293,0.008105752,0.003938125,0.008105752,0.008105752,0.0001770544,0.008105752,0.008105752,0.008381918,0.008105752,0.008105752,0.008207366,0.008105752,0.008105752,0.008105752,0.008105752,0.008105752,0.008207366,0.008105752,0.008105752,0.008105752,0.005647293,0.003938125,0.008105752,0.005647293,0.002248896,
0.008105752,0.008105752,0.008105752,0.008105752,0.003938125,0.003938125,0.008105752,0.008105752,0.008105752,0.008105752,0.008105752,0.008105752,0.008105752,0.008207366,0.008105752,0.008105752,0.003938125,0.0001770544,0.008207366,0.008105752,0.003938125,0.008105752,0.008105752,0.008105752,0.003938125,0.003938125,0.008207366,0.007326414,0.005647293,0.008105752,
0.008105752,0.008207366,0.003938125,0.008105752,0.003938125,0.008105752,0.003938125,0.008105752,0.008105752,0.003938125,0.008105752,0.008105752,0.008105752,0.008105752,0.008105752,0.005647293,0.008105752,0.008105752,0.008105752,0.008105752,0.008105752,0.008105752,0.008105752,0.008105752,0.008105752,0.003938125,0.008105752,0.008105752,0.003938125,0.008207366,
0.008105752,0.008105752,0.008105752,0.008105752,0.003938125,0.008105752,0.008105752,0.008105752,0.008105752,0.008105752,0.003938125,0.003938125,0.008105752,0.008105752,0.008105752,0.008105752,0.008207366,0.008105752,0.008105752,0.003938125,0.008105752,0.008105752,0.008105752,0.008105752,0.008105752,0.008105752,0.001870141,0.008105752,0.008105752,0.008105752,
0.008105752,0.008105752,0.008105752,0.008105752,0.008105752,0.008105752,0.008105752,0.008105752,0.008105752,0.008105752,0.001870141,0.003938125,0.008105752,0.003938125,0.008105752,0.008105752,0.008105752,0.008105752,0.008105752,0.008105752,0.008105752,0.008105752,0.003938125,0.008105752,0.008105752,0.008105752,0.008105752,0.008105752,0.008105752,0.008105752,
0.008105752,0.008105752,0.008105752,0.001870141,0.008105752,0.008105752,0.008105752,0.008105752,0.008105752,0.008105752,0.008105752,0.008105752,0.008105752,0.008105752,0.008105752,0.003938125,0.008105752,0.008105752,0.008105752,0.008105752,0.003938125,0.008105752,0.008105752,0.008105752,0.008105752,0.008105752,0.008105752,0.008105752,0.008105752,0.008105752,
0.008105752,0.008105752,0.008105752,0.008105752,0.008105752,0.008105752,0.008105752,0.008105752,0.003938125,0.008105752,0.008105752,0.008105752,0.003923389,0.008105752,0.008105752,0.008105752,0.008105752,0.008105752,0.00741035,0.008105752,0.008105752,0.008105752,0.008105752,0.008105752,0.008105752,0.008105752,0.008105752,0.008105752,0.001758136,0.001870141,
0.008105752,0.008105752,0.008105752,0.008105752,0.008105752,0.008105752,0.003923389,0.008105752,0.008105752,0.008105752,0.008105752,0.001758136,0.008105752,0.008105752,0.008105752,0.008105752,0.008105752,0.008105752,0.008105752,0.008105752,0.008105752,0.008105752,0.008105752,0.008105752,0.008105752,0.008105752,0.008105752,0.008105752,0.001870141,0.008105752,
0.008105752,0.008105752,0.008105752,0.008105752,0.008105752,0.008105752,0.008105752,0.008105752,0.008105752,0.008105752,0.008105752,0.008105752,0.008105752,0.008105752,0.008105752,0.008105752,0.008105752,0.008105752,0.008105752,0.008105752,0.008105752,0.008105752,0.001870141,0.008105752,0.008105752,0.008105752,0.008105752,0.008105752,0.001912321,0.008105752,
0.008105752,0.008105752,0.008105752,0.008105752,0.008105752,0.008105752,0.008105752,0.008105752,0.008105752,0.008105752,0.008105752,0.008105752,0.008105752,0.004766605,0.008105752,0.008105752,0.008105752,0.008105752,0.008105752,0.00107666,0.008105752,0.008105752,0.008105752,0.008105752,0.008105752,0.008105752,0.008105752,0.008309885,0.008105752,0.008105752,
0.008105752,0.008105752,0.008105752,0.004766605,0.008309885,0.008105752,0.008105752,0.00107666,0.008105752,0.008105752,0.008105752,0.008105752,0.008105752,0.008105752,0.008105752,0.008105752,0.008105752,0.008105752,0.008105752,0.008105752,0.008105752,0.008105752,0.008105752,0.008105752,0.008105752,0.008105752,0.008105752,0.008105752,0.008105752,0.008105752,
0.008105752,0.008105752,0.008105752,0.008105752,0.008105752,0.008105752,0.008105752,0.008105752,0.008105752,0.008105752,0.008105752,0.008105752,0.008309885,0.008105752,0.008105752,0.008105752,0.008105752,0.008105752,0.008105752,0.008105752,0.008105752,0.008105752,0.008105752,0.008105752,0.008105752,0.008105752,0.008105752,0.008105752,0.008105752,0.008105752,
0.008105752,0.008105752,0.008105752,0.008105752,0.008105752,0.008105752,0.008105752,0.008105752,0.008105752,0.008105752,0.008105752,0.008105752,0.008105752,0.008105752,0.008105752,0.008309885,0.008105752,0.008105752,0.008105752,0.001754993,0.008105752,0.008105752,0.008105752,0.008105752,0.008105752,0.008309885,0.008105752,0.008105752,0.008105752,0.008105752,
0.008105752,0.008105752,0.008105752,0.008105752,0.008105752,0.008105752,0.008105752,0.008105752,0.008105752,0.008105752,0.008105752,0.008105752,0.008105752,0.008105752,0.008105752,0.008105752,0.008105752,0.008105752,0.008105752,0.008105752,0.008105752,0.008105752,0.008105752,0.008105752,0.008105752,0.008105752,0.008105752,0.008105752,0.008105752,0.008105752,
0.008105752,0.008105752,0.008105752,0.008105752,0.008105752,0.008105752,0.008105752,0.008105752,0.008105752,0.008105752,0.008105752,0.008105752,0.008105752,0.008105752,0.008105752,0.008105752,0.008105752,0.008105752,0.008105752,0.008105752,0.008105752,0.008105752,0.008105752,0.008105752,0.008105752,0.008105752,0.008105752,0.008105752,0.008105752,0.008105752,
0.008105752,0.008105752,0.008105752,0.008105752,0.008105752,0.008105752,0.008105752,0.008105752,0.008105752,0.008105752,0.008105752,0.008105752,0.008105752,0.008105752,0.008105752,0.008105752,0.008105752,0.008105752,0.008105752,0.008105752,0.008105752,0.008105752,0.008105752,0.008105752,0.008105752,0.008105752,0.008105752,0.008105752,0.008105752,0.008105752,
0.008105752,0.008105752,0.008105752,0.008105752,0.008105752,0.008105752,0.008105752,0.008105752,0.008105752,0.008105752,0.008105752,0.008105752,0.008105752,0.008105752,0.008105752,0.008105752,0.008105752,0.008105752,0.008105752,0.008105752,0.008105752,0.008105752,0.008105752,0.008105752,0.008105752,0.008105752,0.008105752,0.008105752,0.008105752,0.008105752,
0.008105752,0.008105752,0.008105752,0.008105752,0.005400931,0.008105752,0.008105752,0.008105752,0.007109171,0.008105752,0.008105752,0.008105752,0.0008364081,0.008105752,0.008105752,0.008105752,0.008105752,0.008105752,0.008105752,0.008105752,0.008105752,0.008722471,0.008105752,0.008105752,0.008105752,0.008105752,0.008105752,0.008105752,0.008105752,0.008105752,
0.008105752,0.008105752,0.008105752,0.008105752,0.005400931,0.008105752,0.008105752,0.008105752,0.008105752,0.008105752,0.008105752,0.003669286,0.008105752,0.003151217,0.007109171,0.008105752,0.008105752,0.008105752,0.008105752,0.007109171,0.008105752,0.008105752,0.007109171,0.008105752,0.008105752,0.008105752,0.008105752,0.007109171,0.0008364081,0.008105752,
0.008105752,0.008105752,0.007109171,0.008105752,0.008105752,0.008105752,0.008105752,0.008105752,0.008105752,0.008105752,0.007109171,0.008105752,0.008105752,0.007109171,0.008105752,0.003151217,0.008105752,0.008105752,0.008105752,0.007109171,0.008105752,0.008105752,0.007109171,0.008105752,0.008105752,0.008105752,0.007109171,0.008105752,0.008105752,0.008105752,
0.008105752,0.008105752,0.008105752,0.008105752,0.008105752,0.00145475,0.008105752,0.007109171,0.008105752,0.008105752,0.008105752,0.008105752,0.008105752,0.008105752,0.008105752,0.008105752,0.007109171,0.008105752,0.008105752,0.008105752,0.007109171,0.008105752,0.008105752,0.00942575,0.008105752,0.008105752,0.008105752,0.008105752,0.008105752,0.007109171,
0.008105752,0.008105752,0.00145475,0.008105752,0.008105752,0.008105752,0.008105752,0.008105752,0.008105752,0.008105752,0.008105752,0.001000181,0.008105752,0.008105752,0.007109171,0.008105752,0.008105752,0.008105752,0.008105752,0.008105752,0.008105752,0.008105752,0.008105752,0.008105752,0.007109171,0.007109171,0.008105752,0.008105752,0.008105752,0.008105752,
0.008105752,0.008105752,0.008105752,0.005182701,0.000420506,0.008105752,0.008105752,0.00145475,0.001000181,0.008105752,0.008105752,0.008105752,0.008105752,0.008105752,0.008105752,0.007109171,0.007109171,0.008105752,0.008105752,0.008105752,0.001000181,0.008105752,0.007109171,0.008105752,0.008105752,0.006097366,0.008105752,0.008105752,0.008105752,0.008105752,
0.008105752,0.008105752,0.008105752,0.008105752,0.007109171,0.008105752,0.008105752,0.001000181,0.005182701,0.007109171,0.008105752,0.008105752,0.008105752,0.008105752,0.008105752,0.008105752,0.008105752,0.008105752,0.007109171,0.008105752,0.008105752,0.007109171,0.008105752,0.008105752,0.008105752,0.008105752,0.008105752,0.008105752,0.008105752,0.008105752,
0.008105752,0.008105752,0.008105752,0.008105752,0.007753316,0.002841799,0.005182701,0.007109171,0.008105752,0.008105752,0.008105752,0.008105752,0.008105752,0.008105752,0.008105752,0.008105752,0.008105752,0.008105752,0.005182701,0.007109171,0.007109171,0.008105752,0.008105752,0.008105752,0.008105752,0.008105752,0.008105752,0.001821411,0.008105752,0.008105752,
0.008105752,0.008105752,0.008105752,0.008105752,0.002841799,0.008105752,0.007109171,0.008105752,0.005182701,0.008105752,0.005182701,0.008105752,0.008105752,0.007109171,0.007109171,0.008105752,0.008105752,0.008105752,0.008105752,0.008105752,0.008105752,0.008105752,0.006066748,0.008105752,0.005182701,0.008997999,0.008105752,0.002841799,0.008105752,0.008105752,
0.008105752,0.008105752,0.005182701,0.008105752,0.008105752,0.008105752,0.008105752,0.008105752,0.008105752,0.008997999,0.007109171,0.008105752,0.007109171,0.008105752,0.008105752,0.008105752,0.008105752,0.008105752,0.008105752,0.002841799,0.008105752,0.008105752,0.008105752,0.008105752,0.008105752,0.008105752,0.008105752,0.007109171,0.008105752,0.008105752,
0.008105752,0.008105752,0.002841799,0.008105752,0.007109171,0.008105752,0.008997999,0.005182701,0.007109171,0.008105752,0.008105752,0.008105752,0.008105752,0.001821179,0.005182701,0.008105752,0.008105752,0.008105752,0.008105752,0.008105752,0.008105752,0.008105752,0.008105752,0.007109171,0.008105752,0.007109171,0.008105752,0.008105752,0.008105752,0.008105752,
0.008105752,0.008105752,0.005182701,0.005182701,0.001821179,0.008105752,0.008105752,0.008105752,0.007109171,0.008105752,0.008105752,0.007109171,0.008105752,0.007109171,0.008105752,0.005182701,0.007109171,0.008105752,0.008105752,0.008105752,0.008997999,0.008105752,0.008105752,0.008997999,0.008105752,0.007109171,0.006142231,0.008105752,0.008105752,0.008105752,
0.001821179,0.005182701,0.008105752,0.008105752,0.008997999,0.008105752,0.005182701,0.008105752,0.005182701,0.008105752,0.007109171,0.007109171,0.007109171,0.008105752,0.008105752,0.008105752,0.008105752,0.008105752,0.007109171,0.008105752,0.006878644,0.008105752,0.008105752,0.008105752,0.007109171,0.008105752,0.008997999,0.008997999,0.006142231,0.008105752,
0.001821179,0.005182701,0.008105752,0.008105752,0.008105752,0.008105752,0.007109171,0.008997999,0.005265223,0.007109171,0.008105752,0.008105752,0.007109171,0.008105752,0.008997999,0.003047237,0.008105752,0.008105752,0.008105752,0.008105752,0.008105752,0.005182701,0.008105752,0.008997999,0.005182701,0.008105752,0.002989942,0.007109171,0.008105752,0.008105752,
