0
0.6903584
0.6988635
0.6988159
0.6988067
0.6988166
0.6989252
0.6988559
0.6988478
0.6988739
0.698933
0.6989328
0.6989022
0.6987684
0.6987532
0.6989354
0.6989468
0.6989053
0.6988278
0.6833515
0.6988112
0.6986911
0.6988113
0.6999952
0.6993565
0.6991814
0.699174
0.7001246
0.6993609
0.6993579
0.6998277
0.7001234
0.6998584
0.6999593
0.7000069
0.6999847
0.6999772
0.7000597
0.7001042
0.7001061
0.7001005
0.7001214
0.6998867
0.7017543
0.7002117
0.7017977
0.7017727
0.7017507
0.7017993
0.7017917
0.7017682
0.7018744
0.7018061
0.7017936
0.7018628
0.7019948
0.7020008
0.7018649
0.701775
0.701794
0.7019554
0.7017547
0.7017716
0.7020241
0.7019728
0.7019701
0.7019722
0.7018682
0.7019784
0.7019178
0.7017743
0.7018707
0.701975
0.7017729
0.7019953
0.7019439
0.7019842
0.702011
0.7018839
0.7017867
0.7018074
0.7017866
0.7017946
0.7018
0.7017975
0.7019788
0.7019883
0.701958
0.7019668
0.7019989
0.7019792
0.7019768
0.701977
0.70199
0.7019249
0.7019777
0.7019781
0.7019991
0.7018794
0.7018081
0.7019739
0.7019929
0.7019913
0.7018465
0.7019857
0.701965
0.7020224
0.7019706
0.7019495
0.7019653
0.7018829
0.7018813
0.7018308
0.7021012
0.7019829
0.7019757
0.7018586
0.7020038
0.7017871
0.7018206
0.7017838
0.701991
0.7019911
0.7022355
0.7021576
0.7022678
0.7020008
0.7021955
0.7021198
0.702069
0.7020702
0.7022324
0.7020398
0.7022435
0.7022719
0.7022129
0.7022039
0.7020421
0.7021779
0.7022349
0.7021706
0.7021099
0.7020481
0.7021095
0.7022582
0.7022097
0.7020424
0.7021289
0.7020488
0.7022223
0.7022215
0.7022224
0.7022254
0.702204
0.7021288
0.7021523
0.7021755
0.7021725
0.7020299
0.7022337
0.7021874
0.7021775
0.70222
0.702251
0.7020929
0.702091
0.7021182
0.7022254
0.7022265
0.7021403
0.7021565
0.702184
0.7021034
0.7021033
0.7021184
0.7021427
0.7021035
0.7021846
0.7022488
0.7022243
0.7021617
0.7021071
0.7021324
0.7021932
0.7021965
0.7021957
0.7021244
0.7021453
0.7022138
0.7022127
0.7020687
0.702205
0.7022382
0.7021357
0.7020869
0.7022125
0.7021559
0.702069
0.7020542
0.7021813
0.7021812
0.7021772
0.7021508
0.7020522
0.7022018
0.7021105
0.7022352
0.7022396
0.7022015
0.7021996
0.7022135
0.702204
0.7022309
0.7022107
0.7022088
0.7018523
0.7022187
0.7022438
0.7022169
0.7022467
0.7021694
0.7021416
0.702232
0.7022035
0.7021452
0.7021433
0.7022344
0.702226
0.7022255
0.7022101
0.7021809
0.7020797
0.6240349
0.6239752
