0.3309882,0.26657,0.1324082,0.3731689,0.3641238,0.171835,0.03323228,0.2458447,0.6903584,0.1050511,0.03336212,0.230464,0.1295401,0.6167563,0.08827042,0.2680269,0.1024132,0.1735525,0.03702392,0.1538537,0.2115576,0.1525053,0.2934913,0.03352688,0.2632445,0.24086,0.1346094,0.1310424,0.1224467,0.1092145,
0.6903909,0.6177443,0.393785,0.6166871,0.6902094,0.266558,0.6903526,0.4148545,0.6988635,0.1718444,0.4060951,0.1608246,0.146848,0.3636802,0.3428042,0.2632936,0.1324067,0.2067587,0.5793988,0.1429387,0.3731719,0.1822076,0.6903742,0.1319733,0.3873124,0.03702406,0.269149,0.619287,0.364163,0.6166942,
0.6988159,0.6901522,0.3434365,0.6903312,0.6177462,0.6988016,0.1469474,0.3931917,0.5793083,0.1241158,0.4060952,0.2959662,0.4649326,0.5543822,0.4148538,0.1718394,0.6972849,0.6202876,0.6202715,0.2665468,0.6193617,0.4148465,0.6903017,0.6987631,0.2665721,0.6670796,0.2632594,0.6167172,0.6153522,0.6988036,
0.6987884,0.6987724,0.6675382,0.6900792,0.6676728,0.4067118,0.5543701,0.6902593,0.4814197,0.6902941,0.6680832,0.6674259,0.6352538,0.6176542,0.155822,0.669606,0.4660492,0.1832482,0.616735,0.2665525,0.690358,0.6203424,0.6203269,0.6988067,0.3582726,0.6193454,0.6940799,0.2632801,0.6710773,0.6674288,
0.698736,0.6987227,0.6149291,0.6352519,0.617654,0.6988166,0.6901504,0.40672,0.6637604,0.6976001,0.6149108,0.6669289,0.6694931,0.43967,0.3583066,0.5199352,0.5199853,0.481447,0.3555899,0.6941488,0.481381,0.6681689,0.6923911,0.4660542,0.1832398,0.2316893,0.6903698,0.6150008,0.619072,0.4814179,
0.6988711,0.6988549,0.6901457,0.3021302,0.6139851,0.4397294,0.4802506,0.6139651,0.5210817,0.2721762,0.6139854,0.5210983,0.6139483,0.6139709,0.6139935,0.6902101,0.6177416,0.630512,0.3021237,0.6941682,0.5210298,0.4397322,0.6784613,0.5210166,0.191661,0.6989252,0.4660679,0.5199447,0.6988482,0.6589347,
0.6975867,0.697605,0.466054,0.6307263,0.5239461,0.6139435,0.6988122,0.6709104,0.6708811,0.6148579,0.5210621,0.6139247,0.5210723,0.5210534,0.6988423,0.678313,0.6976169,0.6177055,0.6988162,0.6940038,0.6148798,0.614866,0.6987971,0.6176986,0.6176856,0.6988155,0.6149272,0.521067,0.4814286,0.6988559,
0.6988397,0.6988232,0.6879144,0.6694246,0.2148903,0.6139747,0.670989,0.5210149,0.5209954,0.6784212,0.5599293,0.6988317,0.6177007,0.6695088,0.5210192,0.6988418,0.6988266,0.64917,0.4660746,0.1779347,0.5199629,0.6947725,0.5210431,0.5210245,0.4814263,0.5199245,0.6988478,0.614931,0.6987962,0.6000233,
0.6988237,0.6988087,0.4813722,0.6988704,0.5210385,0.6988573,0.6497089,0.686017,0.6860451,0.5210254,0.6988569,0.6988413,0.669484,0.5210215,0.6139483,0.6228503,0.6986284,0.6694708,0.6684482,0.5210395,0.5210209,0.6988739,0.6783406,0.6976192,0.4813764,0.6947875,0.6694641,0.6942716,0.6929495,0.6977056,
0.6977195,0.6977332,0.5210401,0.6166477,0.6982962,0.6497144,0.6975801,0.4813774,0.698871,0.6988544,0.6988378,0.649707,0.6975811,0.617676,0.1376059,0.6931251,0.6977159,0.6510794,0.5210582,0.6710139,0.6912529,0.6976747,0.6976902,0.697706,0.6943585,0.1321117,0.698933,0.6989133,0.6988943,0.6879168,
0.6976553,0.6976718,0.6976867,0.6977018,0.6497073,0.6975812,0.3393729,0.6988828,0.6929344,0.6977182,0.6977317,0.6977451,0.6928938,0.6977156,0.6497074,0.6942431,0.6511377,0.4813824,0.6988716,0.6497098,0.6496767,0.6975794,0.6516872,0.6987973,0.1320929,0.6989328,0.64971,0.6976,0.5210218,0.6947635,
0.6987228,0.6987103,0.5210318,0.6947663,0.6930183,0.6977078,0.6977224,0.6497064,0.6942314,0.698688,0.6986765,0.6986658,0.3393862,0.6989022,0.6988849,0.6988672,0.6988497,0.6988328,0.6988158,0.6987991,0.6497048,0.6975808,0.6976016,0.6928855,0.6943061,0.6987022,0.6483717,0.6482771,0.6509677,0.6497332,
0.6975812,0.6976004,0.649707,0.693452,0.651157,0.6987684,0.6987535,0.6497067,0.6975792,0.6975996,0.6497077,0.6942618,0.6942723,0.6986912,0.69868,0.6986699,0.6483691,0.6509566,0.6987677,0.6987528,0.6987388,0.6987255,0.3394051,0.6498435,0.521005,0.6947672,0.6987234,0.6987108,0.6986981,0.6986872,
0.6986757,0.6986646,0.6986532,0.6786711,0.6976243,0.6801148,0.6976336,0.69765,0.694347,0.6987042,0.6497059,0.6942434,0.6986881,0.6497051,0.6975612,0.6943492,0.6986932,0.6510895,0.6987532,0.6497083,0.6975794,0.6976002,0.6976189,0.6976382,0.6976552,0.694356,0.698693,0.6986821,0.698671,0.6196211,
0.6988112,0.6987957,0.6497074,0.6975805,0.6196074,0.6988105,0.6987953,0.6943931,0.6497102,0.6496769,0.6976001,0.6801428,0.6976336,0.693597,0.6511285,0.6987696,0.3056665,0.6988997,0.6988817,0.6988643,0.6988462,0.6988298,0.6497089,0.1179508,0.6989354,0.698915,0.6988949,0.6483733,0.6765184,0.697598,
0.6976159,0.6976349,0.6497058,0.6975787,0.6975995,0.6516891,0.6787284,0.6976271,0.6976432,0.6196294,0.6947172,0.6987207,0.6987089,0.6583946,0.6765541,0.6975998,0.6976197,0.6935921,0.6801511,0.697635,0.6483687,0.6195637,0.6988099,0.6936207,0.339398,0.6989023,0.698885,0.1211509,0.6989468,0.6989252,
0.6989053,0.6988872,0.6947045,0.6986488,0.6986395,0.698631,0.6986216,0.6516806,0.619699,0.6988282,0.6936238,0.6517013,0.6787306,0.6976262,0.6976443,0.6976613,0.6787104,0.6976236,0.6516857,0.6196965,0.6787487,0.6976259,0.6976434,0.6976604,0.65839,0.694548,0.6548792,0.6975858,0.6976057,0.6600697,
0.6975979,0.6976177,0.6943458,0.698692,0.619621,0.6988278,0.6549273,0.6945517,0.6986475,0.6986381,0.6832249,0.6976311,0.6976472,0.04285721,0.07898593,0.07985599,0.0654116,0.07897667,0.06545214,0.06544735,0.06544264,0.07897685,0.065193,0.07897079,0.07898277,0.0654472,0.06544248,0.06517977,0.06496036,0.0651506,
0.06515098,0.06515137,0.07907742,0.02417256,0.1611406,0.1827813,0.1896677,0.1843947,0.1843806,0.1843668,0.17228,0.1827982,0.1828127,0.5953924,0.3365081,0.3365154,0.491748,0.4400121,0.4399829,0.4399558,0.4399298,0.4399055,0.4774431,0.4400633,0.440034,0.4774809,0.208362,0.6833515,0.6195867,0.6832981,
0.6832692,0.6832417,0.6976317,0.6976485,0.651688,0.698797,0.6832296,0.6195806,0.6988112,0.6987954,0.6987801,0.6987652,0.6517143,0.6832749,0.6976498,0.6943634,0.6986936,0.6688814,0.6196002,0.69881,0.6987956,0.6548889,0.651642,0.6832741,0.694286,0.6942956,0.6986914,0.6986804,0.6986694,0.6832248,
0.6976474,0.6976646,0.6196126,0.3617795,0.6833467,0.6976517,0.6976678,0.6976843,0.6831974,0.6516758,0.6946792,0.6946765,0.668887,0.6976046,0.6831964,0.6908801,0.6986799,0.6909651,0.6978052,0.6832064,0.6976299,0.6943446,0.6986911,0.6986798,0.6986696,0.6986592,0.683225,0.6976468,0.6976627,0.6921476,
0.6976933,0.6977075,0.6977218,0.6977357,0.6977486,0.697762,0.690954,0.6694973,0.6908559,0.6986904,0.698679,0.6986689,0.6921602,0.694313,0.6832262,0.6942843,0.6832502,0.6832242,0.6831979,0.6516619,0.6987814,0.619638,0.6988113,0.6987951,0.6987793,0.6921647,0.3617872,0.6833446,0.6976331,0.6669241,
0.6987596,0.6987453,0.6987311,0.6943885,0.6999952,0.694222,0.6986895,0.6832008,0.6976471,0.6909535,0.6516905,0.6695392,0.6908617,0.6986802,0.6832253,0.6951777,0.68319,0.6976267,0.6976452,0.1812508,0.6989218,0.689451,0.6976748,0.6921285,0.6831566,0.6516657,0.666466,0.6987799,0.6943931,0.698705,
0.6993565,0.6985459,0.6985393,0.6669481,0.1943728,0.6948397,0.6670038,0.6832635,0.6976491,0.1812507,0.6989216,0.6832587,0.6976468,0.6976634,0.6976802,0.6516878,0.6987975,0.6694846,0.6876326,0.694285,0.6832495,0.6942844,0.6986899,0.698679,0.6943868,0.6517088,0.6987824,0.6943913,0.6986935,0.6894683,
0.6991814,0.6985431,0.6985373,0.6943799,0.6986926,0.651694,0.6987817,0.6987674,0.6943847,0.6987032,0.6517305,0.6664755,0.6895155,0.6976935,0.6977087,0.6977234,0.666949,0.6987741,0.6987601,0.6964831,0.6943312,0.6694943,0.666894,0.698774,0.6987598,0.698745,0.6987314,0.6987193,0.6987069,0.6894426,
0.699174,0.6985407,0.6943806,0.6987032,0.6516783,0.6833449,0.6844094,0.697642,0.697658,0.6669378,0.6987611,0.6987462,0.6964958,0.697787,0.6694751,0.6668841,0.6918987,0.6895059,0.689481,0.6976762,0.694355,0.698692,0.1512315,0.6667994,0.2052694,0.6989206,0.6964904,0.6977874,0.697799,0.694351,
0.7000022,0.6985952,0.6516925,0.6919478,0.6895341,0.6976771,0.697692,0.1111065,0.6948643,0.6967031,0.6669564,0.6987596,0.698746,0.698732,0.1512312,0.7001246,0.6986085,0.6986008,0.6196069,0.6988111,0.6987956,0.6834036,0.6833992,0.6689578,0.697607,0.6976254,0.6964335,0.6694696,0.6976122,0.6976304,
0.6993008,0.6993036,0.6985494,0.6196347,0.6834121,0.6987335,0.6987203,0.6108142,0.689581,0.6833416,0.6962336,0.691431,0.6517242,0.6517098,0.6767636,0.6516681,0.6987976,0.6993609,0.679274,0.6688157,0.6976015,0.6516836,0.6987982,0.6987828,0.694391,0.6987046,0.6986927,0.698682,0.6834043,0.6987181,
0.6993579,0.699357,0.6941892,0.6986882,0.148768,0.6921279,0.6108397,0.6511341,0.6511434,0.6963666,0.6945199,0.6986583,0.6665449,0.6516579,0.6833485,0.6918031,0.69457,0.6987289,0.6987164,0.6987039,0.6993557,0.6833934,0.6108242,0.6988018,0.6834048,0.6917623,0.6517203,0.6987986,0.1231177,0.6696628,
0.6991124,0.6991226,0.6833875,0.6517169,0.6987579,0.6918446,0.6835012,0.6987214,0.6919422,0.6986752,0.6516956,0.6833439,0.6987324,0.6987188,0.6894474,0.6833444,0.6998277,0.6917408,0.6196159,0.694724,0.6987213,0.1324603,0.6190956,0.6988255,0.651695,0.3393889,0.6696251,0.6976162,0.6993037,0.6833898,
0.6998371,0.699827,0.6834096,0.6987175,0.6918118,0.6987116,0.6516947,0.6833511,0.6833544,0.4147023,0.6947986,0.6834868,0.69456,0.689517,0.6894919,0.1628699,0.7001234,0.1305946,0.6989353,0.6695205,0.6516517,0.6999134,0.6985947,0.6943848,0.6715676,0.6516482,0.6516393,0.6987819,0.6993632,0.6993646,
0.6993647,0.6993693,0.6516604,0.6715881,0.6833059,0.6987289,0.6894457,0.6894232,0.6991743,0.6516795,0.6833493,0.6998584,0.651688,0.6872287,0.6998534,0.6715713,0.6942728,0.6517076,0.6946789,0.6946756,0.692534,0.6943109,0.6993833,0.1628743,0.6896662,0.6943044,0.6517181,0.6919446,0.6987423,0.6993591,
0.6993603,0.6993621,0.6833954,0.6833922,0.6716012,0.6976245,0.6993006,0.6941807,0.6872748,0.6916867,0.6695012,0.6195817,0.6999593,0.6715689,0.6917199,0.6944789,0.6517133,0.6999177,0.6999048,0.6715346,0.6942616,0.6716002,0.6976035,0.6993034,0.6985516,0.6985456,0.6943883,0.185904,0.6513399,0.6196762,
0.6999599,0.6999457,0.651698,0.6999137,0.6998997,0.6942006,0.2568099,0.6513174,0.6999307,0.6988992,0.6995201,0.6833988,0.6998323,0.1738437,0.6921217,0.6999606,0.6694679,0.6942596,0.6999878,0.6999714,0.6999567,0.6986001,0.6871699,0.6945131,0.7000069,0.6894628,0.651691,0.6987854,0.6694537,0.6697617,
0.6991119,0.6991228,0.6866806,0.6833335,0.6998348,0.6942022,0.6999847,0.694222,0.6999751,0.699956,0.1735723,0.1585692,0.6696743,0.6876153,0.6991578,0.6985762,0.69939,0.6985753,0.6834047,0.699832,0.6998231,0.6196094,0.6834143,0.6998607,0.6516894,0.694679,0.6694931,0.6833022,0.698728,0.6993586,
0.6993597,0.6993632,0.6195999,0.6999611,0.6999453,0.6942174,0.6517067,0.6197236,0.6834162,0.6834126,0.6695476,0.6876593,0.6991628,0.6941632,0.6999772,0.6999599,0.6999434,0.6694693,0.6942698,0.6942785,0.6993451,0.6715447,0.6693406,0.6991087,0.6991256,0.6833854,0.6833834,0.6998425,0.6998304,0.6834058,
0.6998317,0.6998246,0.6998184,0.6998103,0.6516874,0.6999161,0.6999022,0.6998901,0.6998767,0.6998656,0.699858,0.3908899,0.7000597,0.7000406,0.6196115,0.6999596,0.6894629,0.6833437,0.683344,0.6833419,0.6833394,0.6998316,0.6695017,0.6991102,0.6991225,0.619598,0.6834121,0.699873,0.6834053,0.6945598,
0.7000118,0.699997,0.6999832,0.4977618,0.7000182,0.6817711,0.699835,0.6998249,0.6998158,0.6998076,0.6195942,0.6834139,0.6998593,0.6998494,0.6998426,0.6998323,0.651719,0.2928816,0.7000702,0.7000515,0.7000338,0.7000179,0.2829413,0.7000902,0.68341,0.6895107,0.1850806,0.7001042,0.7000834,0.7000634,
0.7000473,0.7000323,0.7000172,0.6999993,0.02706889,0.4701975,0.4702257,0.5524685,0.03553829,0.4701444,0.5256505,0.4731436,0.4731148,0.4730877,0.4730612,0.4730363,0.4730128,0.4729904,0.4729678,0.5297511,0.4731793,0.4978938,0.700026,0.7000093,0.6999965,0.6834074,0.1770697,0.7001061,0.7000871,0.6834091,
0.6998378,0.699828,0.6998224,0.6834113,0.6998304,0.6998234,0.6834089,0.6998275,0.6834092,0.6834058,0.1928641,0.7001005,0.1379936,0.03131123,0.07945915,0.07946499,0.07947066,0.07947621,0.07948181,0.0241733,0.1656918,0.4701652,0.4701945,0.4702219,0.4702466,0.4569042,0.470197,0.4702252,0.4702505,0.4157838,
0.7000451,0.7000287,0.4156601,0.700044,0.7000269,0.700011,0.6999961,0.6999789,0.6834075,0.6998416,0.6834028,0.6998399,0.6720706,0.6432301,0.6999236,0.6610231,0.6461994,0.6833671,0.1571288,0.7001214,0.7001027,0.6834092,0.6998399,0.6720741,0.6998788,0.6834073,0.6834029,0.6834032,0.6998316,0.6834095,
0.6998398,0.6998301,0.6834055,0.6834008,0.6833984,0.6998319,0.6834033,0.6834008,0.6998407,0.4845932,0.6719294,0.6998867,0.6720843,0.6998756,0.6998656,0.6834052,0.6998295,0.6834065,0.6610689,0.6833004,0.6833021,0.6833134,0.6998664,0.6998519,0.6834077,0.683405,0.6834008,0.6998298,0.683404,0.6998407,
0.6998315,0.6998233,0.6834053,0.2128264,0.700091,0.6834131,0.6721258,0.6998747,0.6998612,0.7016633,0.6965995,0.6979426,0.6833326,0.6833313,0.6721209,0.6998754,0.683405,0.6834012,0.7017543,0.6720536,0.6832405,0.6998612,0.6998479,0.6720642,0.6998664,0.2174985,0.7001007,0.6834077,0.6834023,0.02947767,
0.07928634,0.07962707,0.07968906,0.07987332,0.07968719,0.07983438,0.07983495,0.07986743,0.0798664,0.07986671,0.07986701,0.2174944,0.6835915,0.6835813,0.6835725,0.7002117,0.6834033,0.6998438,0.6834056,0.6721383,0.6998696,0.6834016,0.6833979,0.6721377,0.6832419,0.6998655,0.6834045,0.6998394,0.6834068,0.6834019,
0.7001708,0.7000898,0.7000343,0.2174962,0.6835923,0.6835834,0.683574,0.6835668,0.6835556,0.6835433,0.6835343,0.6835234,0.683514,0.6998725,0.6834033,0.6833991,0.2174895,0.6835905,0.68358,0.7003279,0.7002853,0.6834052,0.6834006,0.6721385,0.1464923,0.6836076,0.7017977,0.6833624,0.68336,0.6833586,
0.7017727,0.6996153,0.6995943,0.6833862,0.7002932,0.02463827,0.5256705,0.5257007,0.5257281,0.4731447,0.5256307,0.5256631,0.4731402,0.02574839,0.5256402,0.5256717,0.5257013,0.5257282,0.439849,0.5256515,0.5256826,0.6894494,0.2244476,0.6835886,0.68358,0.6721864,0.6721764,0.6832482,0.7002015,0.6834015,
0.7017507,0.6996229,0.6993129,0.6833901,0.6833875,0.6833837,0.7002846,0.6720729,0.6832372,0.7003284,0.7014578,0.6833577,0.6721237,0.7002255,0.1519757,0.6836065,0.6722026,0.6832393,0.6998639,0.6834037,0.672125,0.6832458,0.03338718,0.07931221,0.07931807,0.07975003,0.07973561,0.07989369,0.1365021,0.6836129,
0.7017993,0.7013704,0.1416148,0.6836095,0.699879,0.7001406,0.6833999,0.7002811,0.6834022,0.6721243,0.7003498,0.6834055,0.7002948,0.2067016,0.6835954,0.7003297,0.6834038,0.6833995,0.6833958,0.6833907,0.1937833,0.6836004,0.6722007,0.6832463,0.1365017,0.672048,0.6832897,0.7015694,0.6992145,0.6720508,
0.7017917,0.701353,0.6720502,0.6998747,0.6720707,0.6720617,0.6874194,0.02950522,0.07928482,0.07973254,0.07973453,0.07994383,0.0798813,0.07986962,0.07978538,0.07987165,0.07922172,0.07992084,0.07985694,0.1937639,0.6835973,0.7015746,0.6720498,0.6832288,0.6998631,0.6834087,0.683404,0.7017729,0.6667839,0.7003371,
0.7016813,0.7016603,0.683363,0.6721265,0.6721135,0.683244,0.6721732,0.6874254,0.6709356,0.6713604,0.02755101,0.4344509,0.5524916,0.4398687,0.6185336,0.5557985,0.473143,0.5524848,0.2781461,0.6720027,0.6832921,0.7017682,0.6455089,0.6833656,0.6833668,0.6721756,0.6874257,0.6835488,0.6721454,0.6998912,
0.7016876,0.7016668,0.1384631,0.6720449,0.6832933,0.6721748,0.6832492,0.04524482,0.07876793,0.07954923,0.07966556,0.07966645,0.173284,0.700099,0.687492,0.6834704,0.7017773,0.672061,0.6720418,0.672035,0.7015885,0.6992114,0.5512375,0.7018744,0.6455069,0.6833583,0.6721748,0.199035,0.6835917,0.6722016,
0.7017971,0.7017732,0.6963294,0.6980797,0.6720413,0.6832365,0.7017862,0.6992269,0.6720633,0.6832346,0.5512487,0.6718826,0.1384899,0.6720461,0.7018061,0.6720511,0.02461523,0.5256701,0.5256994,0.5524932,0.5525255,0.6241446,0.5287725,0.5287415,0.6079248,0.5558141,0.5512319,0.6719053,0.671914,0.6832914,
0.7017691,0.7017481,0.6720518,0.6832294,0.6981381,0.7005805,0.6720448,0.6720373,0.6832437,0.7017879,0.701766,0.6833628,0.6455806,0.6981618,0.6962854,0.7016754,0.6720532,0.6720443,0.7017933,0.7017704,0.7017509,0.6833611,0.6876046,0.67212,0.7017936,0.6101974,0.6718342,0.6718426,0.6998851,0.6998715,
0.7016814,0.7016603,0.7016433,0.6720519,0.1872286,0.6982676,0.7005906,0.7006016,0.697915,0.6877188,0.6834586,0.6834538,0.6102177,0.7018628,0.6455044,0.6878726,0.6981031,0.6833297,0.7017704,0.6833636,0.6966877,0.6720906,0.6832419,0.6998635,0.6720728,0.7017927,0.6833605,0.6833601,0.672137,0.7017938,
0.7017729,0.7017529,0.2863159,0.6880729,0.6455474,0.1871429,0.6880998,0.6981077,0.700589,0.7006018,0.6991875,0.7016386,0.6833626,0.6981045,0.7006018,0.6720437,0.1872323,0.7017982,0.6102293,0.6999628,0.701689,0.6979786,0.1311398,0.7019948,0.6992332,0.7016264,0.6979748,0.7005951,0.6833449,0.6998349,
0.7016832,0.7013922,0.7013327,0.6877416,0.6834636,0.7017775,0.6979636,0.2595944,0.7000712,0.6980753,0.7005889,0.6979144,0.6978937,0.7005767,0.6877336,0.7017537,0.7017332,0.6979814,0.697958,0.6877218,0.6834597,0.1491633,0.7020008,0.7019753,0.6992344,0.6877731,0.6980889,0.6980629,0.6833295,0.6102377,
0.7018649,0.7018425,0.6979668,0.6979448,0.697923,0.6991658,0.70162,0.6877421,0.7015964,0.687744,0.7015795,0.6979883,0.6877213,0.6877204,0.6980874,0.6877223,0.6980864,0.6877245,0.6877268,0.7017537,0.2595786,0.7017762,0.6877447,0.6997986,0.7016772,0.683363,0.6833617,0.1825413,0.04014143,0.07928331,
0.07928932,0.0792953,0.07976039,0.07976235,0.07983916,0.07989483,0.07969642,0.07987158,0.1628454,0.6982474,0.698218,0.7004387,0.7006571,0.7006651,0.6877347,0.6877361,0.6834702,0.701775,0.6979635,0.7004187,0.7004286,0.6877341,0.6877313,0.699809,0.6834099,0.7017717,0.04530585,0.07928679,0.07929265,0.07929863,
0.07930449,0.07931029,0.07931589,0.07932156,0.07949174,0.07984944,0.07985505,0.07970298,0.07987219,0.07988186,0.07999813,0.07990506,0.07987501,0.07971304,0.07977152,0.07977604,0.0797739,0.0797737,0.07977338,0.07977369,0.0797737,0.07977391,0.07967997,0.07986736,0.07987028,0.07986785,0.07990263,0.3040506,0.701794,0.7017179,
0.7017263,0.7016656,0.6877446,0.6877442,0.7017528,0.7017334,0.6833622,0.7017708,0.7014192,0.6833545,0.7016085,0.6979679,0.7005818,0.6877338,0.238355,0.7019554,0.701494,0.6945237,0.7017004,0.3040945,0.7000738,0.7016969,0.7014097,0.7013488,0.7013053,0.6992082,0.7014812,0.3040923,0.7017693,0.7017432,
0.701669,0.7016183,0.7015757,0.683367,0.6936499,0.7015893,0.683359,0.7016109,0.7015428,0.6979682,0.700593,0.6877351,0.7017525,0.6945282,0.7015334,0.7014686,0.7014824,0.7014296,0.7013875,0.7013544,0.7014025,0.6833581,0.701751,0.7014215,0.6945187,0.701699,0.7014104,0.6877382,0.7017547,0.6833631,
0.7017716,0.7017506,0.6945246,0.701698,0.7016773,0.6833634,0.6947653,0.6980804,0.6944948,0.7015516,0.6979627,0.7005696,0.7005937,0.6934339,0.7017264,0.7014225,0.7014097,0.6945192,0.6945197,0.7017223,0.7017013,0.699302,0.6945759,0.7015328,0.7015131,0.7014487,0.7014038,0.6979577,0.7004173,0.6877267,
0.7017561,0.7017342,0.7017151,0.1837602,0.7020241,0.6934562,0.6981002,0.6944976,0.6935686,0.701734,0.7017132,0.7016936,0.7016736,0.7014009,0.6945193,0.4916017,0.6834895,0.7017962,0.2406688,0.6982526,0.6944972,0.701698,0.2147908,0.7018421,0.6389863,0.7018328,0.7018117,0.7017899,0.7017671,0.7017472,
0.7017284,0.7014366,0.701375,0.7013316,0.1681297,0.7019728,0.6979985,0.7005838,0.700595,0.7006076,0.7006184,0.7006297,0.6945098,0.6834248,0.6947685,0.6981314,0.7005925,0.7006031,0.4666826,0.7018828,0.7018578,0.7018346,0.6979892,0.6389769,0.7018342,0.7018124,0.7017909,0.7017699,0.7017468,0.6833626,
0.7017525,0.7017339,0.683363,0.7017735,0.6389842,0.466725,0.695042,0.69503,0.7017453,0.7017253,0.7017067,0.7016867,0.701666,0.4666772,0.7018837,0.7018582,0.7018356,0.7018151,0.6979854,0.6833309,0.7017512,0.6922101,0.6834292,0.2221482,0.7019701,0.7019447,0.6945321,0.7017012,0.7016783,0.1825331,
0.7019722,0.7019479,0.683364,0.6833639,0.7010967,0.7007895,0.7007968,0.6945147,0.223699,0.6835865,0.701798,0.7017752,0.6988107,0.7005965,0.7006084,0.7006189,0.466679,0.7019048,0.6945288,0.7016987,0.7016778,0.6992105,0.6978401,0.7005838,0.4666644,0.2136948,0.6982591,0.7006124,0.7006232,0.7006331,
0.700644,0.7006549,0.6833531,0.6375603,0.7018682,0.6945291,0.7017206,0.6833639,0.7017545,0.6988071,0.7006094,0.6979166,0.700568,0.700579,0.7005925,0.2536787,0.6982678,0.6833332,0.7017732,0.7017528,0.7017334,0.7017117,0.7006755,0.6945125,0.6971915,0.6980865,0.7005998,0.7006133,0.6833494,0.4934494,
0.7018616,0.7018373,0.683363,0.7017731,0.6979831,0.6969692,0.6834038,0.4934496,0.2537368,0.7019784,0.7019534,0.6979963,0.7005706,0.7005323,0.7006933,0.6979028,0.7005916,0.6987506,0.7005834,0.7005934,0.6833531,0.7017711,0.6979851,0.7005822,0.6833501,0.7009031,0.7007526,0.6979091,0.2651718,0.7019427,
0.7019178,0.7018937,0.7018703,0.7018467,0.6979655,0.6979436,0.6898354,0.6980847,0.6738263,0.6831988,0.7009131,0.7007542,0.6833501,0.6981044,0.6969739,0.6980421,0.7005743,0.7005861,0.7005985,0.6979138,0.6833289,0.7009031,0.212819,0.7011385,0.7007904,0.6303598,0.6833987,0.7017734,0.7017513,0.7017328,
0.701713,0.7016929,0.7016728,0.2128299,0.6835879,0.6094025,0.698169,0.700583,0.7006062,0.7006172,0.7006275,0.7005347,0.6833481,0.6974212,0.6980669,0.6980406,0.6996351,0.6978424,0.6833231,0.6833258,0.7017743,0.6979835,0.7005712,0.6833482,0.7017732,0.7017515,0.7017324,0.701711,0.6979764,0.6768116,
0.7017845,0.7017624,0.7007007,0.7007056,0.6833492,0.701773,0.6768183,0.6981646,0.6981367,0.6981111,0.7005889,0.6833493,0.7009031,0.6833502,0.6980793,0.7005879,0.423627,0.6835233,0.6981176,0.6044269,0.7018707,0.6833624,0.6833626,0.7017521,0.7017336,0.6979586,0.6979367,0.700578,0.7005937,0.6969925,
0.7016692,0.701649,0.1978271,0.701975,0.7019489,0.7019237,0.7018986,0.697968,0.6833279,0.6833286,0.7017701,0.7017505,0.7017316,0.6979821,0.683332,0.6833322,0.1984168,0.7019707,0.7019452,0.6979967,0.683331,0.2406365,0.7019388,0.6833658,0.6981058,0.7005884,0.7006023,0.6768138,0.6981381,0.6981106,
0.700578,0.7005891,0.7006022,0.6833493,0.7017721,0.7017514,0.6833611,0.7017729,0.7017514,0.7017326,0.7017123,0.6833615,0.03995047,0.07928426,0.07929026,0.07947958,0.07978816,0.07985578,0.07986377,0.07932819,0.07992267,0.07988168,0.07980081,0.1819395,0.6982592,0.7006013,0.7006139,0.7006229,0.683354,0.7017485,
0.7017283,0.7017068,0.7016875,0.7016689,0.7016503,0.6768263,0.6831162,0.7017861,0.7017661,0.03138447,0.07942273,0.07975556,0.5714571,0.7018531,0.6979903,0.7005703,0.700582,0.1645239,0.7019953,0.7019695,0.701943,0.7019184,0.6833662,0.701772,0.6833622,0.6833609,0.7017741,0.6833653,0.7017721,0.7017514,
0.7017325,0.7017122,0.2725859,0.7019439,0.6991872,0.6833372,0.701753,0.7017338,0.2147797,0.5706874,0.7018708,0.7018479,0.7018237,0.6768287,0.7017847,0.6833607,0.03125749,0.07928506,0.07929093,0.07967017,0.07983297,0.07986606,0.07986612,0.07986655,0.07983396,0.07987672,0.07979959,0.07986821,0.07970767,0.0798375,
0.07986829,0.07986823,0.07986809,0.07986665,0.07987552,0.07987535,0.2147929,0.6768911,0.6832666,0.6832722,0.04557025,0.07927196,0.0792902,0.6129282,0.7018419,0.7018181,0.6833615,0.7017739,0.6833619,0.1675786,0.7019842,0.5717388,0.6767617,0.6767608,0.7017996,0.7017769,0.6991723,0.6833366,0.6833363,0.7017513,
0.701732,0.7017101,0.6768265,0.6768221,0.1887512,0.5583782,0.6767806,0.6993586,0.7006134,0.7006238,0.6833493,0.7017515,0.6833594,0.7017717,0.1271647,0.699523,0.7006332,0.6833446,0.6769196,0.6769077,0.1814021,0.7019626,0.683364,0.6769221,0.6831344,0.1411949,0.702011,0.7019861,0.6833648,0.7017714,
0.701749,0.701732,0.1853168,0.6835934,0.6770142,0.6993554,0.5593427,0.7018839,0.6991817,0.6514141,0.6833453,0.5593677,0.6994356,0.7006275,0.6833503,0.701771,0.6955361,0.6834134,0.6769266,0.6831438,0.6831507,0.701764,0.683363,0.6769244,0.6769109,0.6831487,0.6769858,0.6769739,0.6831569,0.6831609,
0.7017867,0.7017654,0.6991524,0.6833338,0.6833334,0.6833336,0.6769199,0.6831462,0.6831482,0.6831555,0.7017866,0.6833634,0.6769239,0.6769111,0.6993511,0.6768082,0.6831141,0.6831231,0.03757193,0.07928721,0.07929318,0.07973185,0.07970686,0.07970669,0.07976151,0.07990779,0.07946351,0.07983278,0.1335219,0.6995233,
0.7006538,0.7006655,0.683346,0.6993338,0.6768079,0.7018074,0.699177,0.683336,0.6833374,0.6982963,0.6833355,0.6833365,0.701772,0.683365,0.6833626,0.6833608,0.6833586,0.6833532,0.6833515,0.6833537,0.6769308,0.6769194,0.7017876,0.6768277,0.7017833,0.6768233,0.6831189,0.6831269,0.6993441,0.6768079,
0.7017842,0.7017633,0.6833608,0.701772,0.7017508,0.7017339,0.6833669,0.6833614,0.7017704,0.7017505,0.6833612,0.6993359,0.6993104,0.6992881,0.7006271,0.6990867,0.6768042,0.6831233,0.6831342,0.683142,0.7017866,0.6833632,0.683363,0.6833608,0.6769392,0.6831449,0.6831512,0.6983027,0.7005741,0.7005957,
0.7006087,0.7006203,0.6981115,0.7005957,0.6990826,0.6833352,0.7017719,0.7017508,0.7011026,0.6833515,0.6993319,0.7006112,0.6833495,0.6833483,0.7017645,0.04557119,0.07943127,0.07975775,0.07975893,0.07983959,0.07984003,0.07986894,0.1322167,0.6836138,0.6836059,0.6835953,0.6835836,0.6835729,0.7017946,0.7017712,
0.7017511,0.7017344,0.6833607,0.7017511,0.6833646,0.7017738,0.6833624,0.6833604,0.7017741,0.7017522,0.7017319,0.701096,0.6833488,0.6833497,0.6833487,0.699334,0.6980695,0.6980937,0.6833287,0.683328,0.7017546,0.6833603,0.6993335,0.3858095,0.6835454,0.6835388,0.1322132,0.6836144,0.7018,0.7017775,
0.7017559,0.7017365,0.6991678,0.1963123,0.6835977,0.7017975,0.6833636,0.7017717,0.7011101,0.7008209,0.6833481,0.6833493,0.6833502,0.6833477,0.6700371,0.6832618,0.6832685,0.7017667,0.701746,0.683361,0.6993371,0.6833375,0.7017699,0.683363,0.7017714,0.6620811,0.6832931,0.7013305,0.3214703,0.6835623,
0.7017969,0.7017733,0.7017541,0.7017358,0.6833631,0.7013132,0.7008772,0.7009295,0.7009195,0.7007666,0.7007719,0.7007777,0.7007867,0.6833512,0.6833506,0.6833499,0.7017744,0.7017524,0.1667901,0.7019788,0.683366,0.7017735,0.6833676,0.701772,0.68336,0.7017731,0.7017523,0.6833615,0.6833605,0.7017719,
0.7017488,0.7017307,0.6833637,0.7017709,0.6833589,0.1453726,0.7019883,0.6833612,0.6410135,0.6833788,0.7017713,0.7017499,0.701731,0.701096,0.7008157,0.7008227,0.7009044,0.700762,0.7007698,0.7007765,0.7007826,0.7007902,0.2106592,0.2258794,0.6524549,0.7018129,0.6294844,0.6833954,0.7017928,0.5459838,
0.7003596,0.7003788,0.2106542,0.701958,0.7019333,0.7011462,0.6527427,0.7018108,0.7017866,0.7017654,0.6969619,0.701671,0.7016504,0.7016329,0.7016172,0.6833582,0.6528018,0.7018118,0.6833637,0.701771,0.7017488,0.683359,0.7017703,0.7017489,0.7002273,0.6308513,0.7013852,0.7013623,0.7008935,0.7008961,
0.7008992,0.7009029,0.7009081,0.7009119,0.7009347,0.7007767,0.700783,0.6527478,0.6527351,0.6833494,0.7017938,0.2199187,0.7019668,0.7019433,0.7019173,0.701893,0.7018678,0.6527593,0.7018102,0.7017874,0.7017667,0.641598,0.7018335,0.6527767,0.7018105,0.701787,0.7017649,0.7017435,0.7017242,0.7010947,
0.7008207,0.7008283,0.700835,0.1681315,0.7019989,0.7011646,0.7008385,0.7008446,0.7008507,0.7008554,0.04835661,0.07922614,0.07945234,0.07937654,0.07981002,0.07984207,0.0798379,0.07986031,0.07987373,0.07987362,0.07987345,0.07985296,0.5479584,0.7018731,0.6527588,0.7018516,0.7018282,0.7018068,0.7017853,0.6527606,
0.7018294,0.701807,0.7011187,0.7008249,0.6824227,0.7017727,0.7011228,0.700823,0.7009121,0.6896525,0.7017398,0.1735999,0.7019792,0.701954,0.7019289,0.6833281,0.7017723,0.7017521,0.5481321,0.6523066,0.7018347,0.5481278,0.5481026,0.7018738,0.6527414,0.7018088,0.7017869,0.7003933,0.7015831,0.6527556,
0.7018099,0.7017883,0.1816895,0.7019768,0.1792692,0.6900811,0.7017769,0.6527596,0.701219,0.7016499,0.7016307,0.7016152,0.6527571,0.7018114,0.7011199,0.7003562,0.701581,0.7003799,0.6833458,0.7017715,0.7017499,0.6527587,0.6685997,0.7017952,0.7017729,0.7017524,0.7017321,0.7017097,0.7016941,0.7016786,
0.7016622,0.7016435,0.7016264,0.7016091,0.7015936,0.7003829,0.7015952,0.1816882,0.701977,0.7019522,0.7019268,0.7019023,0.7018779,0.7018539,0.7018321,0.7018099,0.6527596,0.7012349,0.02763154,0.4370378,0.4370646,0.4370883,0.4371099,0.5082343,0.559257,0.4398479,0.4398201,0.4397949,0.4397722,0.5931922,
0.4398722,0.4398423,0.4398167,0.4397925,0.4397698,0.4397467,0.593191,0.1782933,0.70199,0.6527582,0.7018094,0.700393,0.7015826,0.7015674,0.7015519,0.7015368,0.1816889,0.7019759,0.7019508,0.7004034,0.7015837,0.7015692,0.7015541,0.7015381,0.700377,0.7015824,0.6527729,0.668591,0.6528925,0.7018122,
0.7017882,0.7017665,0.7003925,0.3517714,0.7019249,0.7018995,0.7018764,0.7018527,0.7018309,0.701808,0.7017877,0.7017678,0.7017468,0.7017264,0.7017063,0.7016884,0.0483568,0.07898947,0.07972782,0.07942908,0.07942915,0.07982227,0.07982258,0.07988383,0.0798665,0.07945719,0.07982882,0.07988569,0.07986732,0.07986732,
0.07986724,0.07986706,0.07986686,0.07986668,0.07986648,0.07986633,0.07986613,0.1819426,0.7019777,0.7019513,0.7019256,0.6759025,0.7017998,0.7017759,0.6311017,0.7018667,0.4440669,0.7018798,0.6527599,0.7018096,0.7017872,0.0483568,0.07928834,0.07929422,0.07934718,0.443865,0.7019028,0.7018808,0.7009439,0.7015301,
0.7015173,0.7015061,0.7014936,0.7014805,0.701468,0.6527607,0.7018104,0.7017875,0.7017674,0.4440678,0.2587386,0.7019618,0.7019362,0.7019121,0.7018886,0.7018659,0.7018414,0.7018187,0.7017969,0.7017789,0.701759,0.7017364,0.7017158,0.1806651,0.7019781,0.7019542,0.7019302,0.2725854,0.7019427,0.7019187,
0.7018939,0.7018695,0.7018452,0.7018244,0.7018024,0.7017826,0.7017638,0.701743,0.7017221,0.7017009,0.7016807,0.701664,0.7016482,0.6033683,0.7018543,0.7018333,0.7018116,0.70179,0.6527622,0.7018299,0.701808,0.7017865,0.7017663,0.176622,0.7019991,0.701974,0.701948,0.7019207,0.7018965,0.7018738,
0.7018494,0.7018265,0.7018056,0.603369,0.7018794,0.7018561,0.7018342,0.7018117,0.7017899,0.7017693,0.70175,0.7017301,0.7017102,0.7016929,0.7016757,0.7016571,0.7016386,0.7016218,0.7016072,0.7015932,0.7015783,0.7015629,0.7015494,0.7015362,0.7015234,0.7015104,0.6527585,0.7018101,0.7017878,0.7017648,
0.7017433,0.7017226,0.701707,0.7016886,0.7016725,0.7016557,0.7016383,0.7016208,0.7016043,0.701589,0.7015743,0.6527584,0.7018081,0.7017864,0.7017644,0.7017431,0.7017225,0.701707,0.7016894,0.7016712,0.7016537,0.701637,0.7016198,0.7016054,0.7015895,0.701574,0.7015607,0.7015466,0.7015328,0.7015184,
0.7015066,0.7014958,0.7014843,0.7014709,0.7014601,0.6322345,0.2137066,0.7019739,0.7019472,0.7019223,0.701898,0.3571953,0.7019214,0.701895,0.7018737,0.2537411,0.6524475,0.1925846,0.7019686,0.7019425,0.6527569,0.7018076,0.7017857,0.7017651,0.7017438,0.6688794,0.7017893,0.7017679,0.7017466,0.7017254,
0.7017057,0.7016887,0.701672,0.6688676,0.701814,0.7017906,0.7017693,0.7017476,0.7017261,0.7017068,0.7011375,0.7008448,0.7008514,0.192579,0.7019929,0.7019681,0.7019432,0.7019172,0.2136848,0.7019492,0.701925,0.7018986,0.6527569,0.7018092,0.7017881,0.7017661,0.701746,0.3571884,0.631722,0.7018566,
0.7018353,0.7018155,0.7017931,0.7017715,0.7017518,0.652757,0.6527437,0.6858488,0.6646025,0.7018026,0.6343483,0.6323414,0.7018393,0.3571891,0.7019233,0.6688629,0.1925808,0.7019913,0.7019649,0.7019402,0.701915,0.7018908,0.7018671,0.6527631,0.6302986,0.701842,0.6322512,0.7018394,0.7011779,0.7008593,
0.7008662,0.7008687,0.6527474,0.6527336,0.7018311,0.7018093,0.7017862,0.2321178,0.686066,0.6528175,0.7018102,0.701788,0.7017658,0.6322122,0.6762169,0.1925867,0.631739,0.6685774,0.7018009,0.6688623,0.7017895,0.6988994,0.7005948,0.7006058,0.7006168,0.6343346,0.7018465,0.7018237,0.7018023,0.6857855,
0.7017611,0.7017403,0.7017226,0.7017037,0.7016818,0.7016615,0.7016425,0.6343445,0.7018425,0.6527618,0.2466454,0.2320403,0.701966,0.6763502,0.7017927,0.7017702,0.698898,0.6857617,0.7017605,0.6851079,0.7017772,0.7017568,0.6174936,0.7018653,0.700538,0.7006811,0.7007051,0.6987942,0.1101465,0.7019857,
0.7019594,0.7019339,0.6174929,0.6859232,0.7017646,0.6527579,0.699063,0.6753097,0.2944857,0.7019291,0.7019043,0.7018801,0.7018572,0.6763526,0.7017741,0.7017526,0.1855163,0.701965,0.7019388,0.7019129,0.7018898,0.701865,0.7018423,0.7018199,0.7017992,0.7005384,0.700695,0.7007852,0.7008408,0.7008789,
0.7008891,0.7008927,0.7008989,0.7009041,0.7009083,0.7009115,0.1855168,0.7019634,0.7019389,0.7019128,0.7018908,0.7018666,0.7018422,0.7018183,0.7017989,0.7017787,0.1685645,0.7020224,0.7017403,0.701721,0.6763596,0.7017925,0.7017702,0.7017512,0.7017292,0.7005311,0.6527547,0.7018085,0.7017857,0.7017645,
0.7017171,0.7017185,0.7017184,0.7016978,0.7016724,0.7016558,0.1758498,0.7019706,0.7019453,0.7019197,0.7018969,0.7018717,0.3214665,0.701926,0.7019017,0.7005227,0.7006953,0.7007049,0.6908064,0.7017259,0.7017056,0.7016839,0.7016643,0.7016451,0.7016281,0.7016121,0.1855245,0.701964,0.3571968,0.6542326,
0.7018225,0.7018002,0.7017777,0.7017569,0.7017355,0.7017174,0.6545632,0.3571939,0.7019495,0.701923,0.7018971,0.7018736,0.7018508,0.7018298,0.7018082,0.7017861,0.7017676,0.7017475,0.7017266,0.6905136,0.7017543,0.7017345,0.7016963,0.7016749,0.6463403,0.7007681,0.7007229,0.7007304,0.7007392,0.7007474,
0.7007555,0.7007642,0.7007707,0.7007778,0.3571971,0.6908948,0.7017509,0.689469,0.7017266,0.6905155,0.7017526,0.701731,0.7017136,0.7016941,0.7016758,0.7016557,0.7016373,0.1855232,0.7019653,0.7019389,0.7019134,0.7005414,0.7006959,0.700703,0.7007139,0.5249873,0.6541505,0.7018211,0.7017968,0.7017748,
0.701753,0.7017329,0.5249984,0.7018829,0.7018624,0.7018396,0.7018189,0.6905121,0.7017379,0.701718,0.7016959,0.6894693,0.7017267,0.7017063,0.5249987,0.7018617,0.7018375,0.7018174,0.524998,0.7018828,0.7018604,0.7018383,0.7018177,0.7017978,0.7017776,0.6905162,0.7017347,0.7017143,0.7016944,0.6697715,
0.701801,0.7017788,0.701757,0.7017363,0.7017152,0.6905134,0.7017353,0.7017155,0.7016962,0.7016761,0.7016553,0.6545641,0.6724499,0.7017905,0.6894697,0.7017458,0.1785526,0.6909522,0.7017728,0.6905141,0.7017343,0.5249996,0.7018813,0.7018592,0.7018386,0.525002,0.6541483,0.6541519,0.7018194,0.7017962,
0.7017749,0.701754,0.7017337,0.7017167,0.6727446,0.7018021,0.6545629,0.701816,0.6463554,0.6537408,0.7018308,0.701809,0.2321065,0.6727101,0.7017962,0.6528262,0.5250255,0.6541508,0.6959342,0.7017376,0.6953881,0.7017118,0.7016913,0.6905158,0.6728064,0.7018059,0.7017823,0.1365587,0.6909674,0.7017752,
0.7017532,0.7017341,0.6905164,0.7017546,0.6545632,0.6529575,0.7018093,0.6954793,0.7016892,0.6545644,0.7018169,0.552378,0.7021012,0.7015764,0.7015628,0.7015475,0.3907457,0.701934,0.2351409,0.6542814,0.6958431,0.6545916,0.7018173,0.6383032,0.7018374,0.7018157,0.6281028,0.7018424,0.1090579,0.7020162,
0.7012174,0.7014206,0.7014098,0.7013989,0.6382988,0.6540195,0.7018148,0.6545622,0.7018149,0.7017934,0.6545627,0.7018161,0.7017921,0.6545774,0.7018597,0.1228271,0.7019829,0.7019559,0.6280987,0.6142313,0.6959706,0.6383208,0.7018363,0.6905147,0.6545971,0.701816,0.6954792,0.7016883,0.3907303,0.701935,
0.7019092,0.7018852,0.7018611,0.70184,0.7018182,0.3907435,0.6377702,0.7018395,0.7018172,0.7017971,0.7017755,0.6545602,0.701816,0.6913451,0.7017279,0.7017088,0.2289669,0.7019757,0.3907351,0.6960652,0.7017409,0.7017221,0.7017035,0.7016845,0.7016643,0.7016449,0.663975,0.7017839,0.7017617,0.699082,
0.7016406,0.7016234,0.1758522,0.6542866,0.7018188,0.7017979,0.7017772,0.7017558,0.7000571,0.7016062,0.7015916,0.6383017,0.7018356,0.663978,0.7017855,0.7017622,0.7017408,0.6382986,0.7018586,0.7018352,0.6954772,0.7016879,0.7016671,0.6639893,0.701827,0.7018051,0.7017831,0.7017604,0.7017388,0.695478,
0.7016879,0.7016671,0.7016485,0.7016314,0.265153,0.7019424,0.7019169,0.1477134,0.7020038,0.701978,0.7019528,0.7011765,0.7014424,0.6954697,0.7017082,0.6694652,0.7018057,0.7017816,0.7017599,0.7017401,0.7017187,0.7017012,0.7016386,0.7016529,0.7016619,0.7016423,0.70162,0.7016025,0.7015871,0.6954738,
0.7016903,0.7016696,0.6127466,0.7004396,0.7004573,0.7004728,0.6954501,0.7016889,0.7016675,0.701649,0.7016306,0.7016134,0.7015985,0.7015833,0.7015693,0.7015567,0.7015427,0.7015306,0.6954705,0.7017871,0.701551,0.701537,0.7015231,0.7015093,0.6694611,0.695866,0.7017326,0.7017121,0.7011418,0.7014347,
0.7013791,0.7014095,0.701395,0.6954671,0.7016876,0.7016674,0.7016498,0.6916507,0.7017343,0.7017156,0.7011365,0.7014335,0.7014241,0.7014142,0.7014029,0.6708778,0.7018098,0.7017851,0.701764,0.7017435,0.7017237,0.6683226,0.7018206,0.7017977,0.6694673,0.7018062,0.7017835,0.7017629,0.6883093,0.701757,
0.7017392,0.7017184,0.7016973,0.701677,0.7016592,0.6954757,0.701709,0.7011405,0.7014467,0.701435,0.7014245,0.6708773,0.6981696,0.7005957,0.7006071,0.7006172,0.7010206,0.7014077,0.701399,0.7013885,0.6708766,0.7017838,0.6883067,0.7017381,0.7017193,0.7016991,0.7016779,0.7016594,0.7016407,0.7016238,
0.7016081,0.7015936,0.7015789,0.7015643,0.7015502,0.7011465,0.6883039,0.7017583,0.6979864,0.7005943,0.700606,0.7007208,0.7015533,0.7015262,0.701112,0.7014287,0.6872206,0.701991,0.7015672,0.7015538,0.6708809,0.7018076,0.68831,0.7019817,0.7015792,0.6954728,0.701689,0.7016674,0.6954708,0.7016876,
0.7011364,0.7011408,0.7014366,0.7011021,0.701322,0.1900533,0.6961033,0.701744,0.701142,0.7014453,0.7014344,0.7014241,0.7010956,0.6883075,0.7017385,0.1617602,0.6751547,0.6958294,0.7017127,0.7016929,0.170407,0.7019911,0.7019663,0.6708811,0.7017839,0.701763,0.7011471,0.7014278,0.7014176,0.7014091,
0.7013986,0.7013896,0.7013794,0.7013692,0.7013611,0.6954675,0.7016891,0.1704104,0.67515,0.7017756,0.7012412,0.7013875,0.7010939,0.6954719,0.7017093,0.6954758,0.7016907,0.7016692,0.7016489,0.6954743,0.7019168,0.7019011,0.7015491,0.7011151,0.7014415,0.701431,0.1729952,0.7022355,0.7022098,0.7021844,
0.7021576,0.7021311,0.7016013,0.7015867,0.7015697,0.7011171,0.7014312,0.701421,0.7014109,0.7014028,0.1833403,0.7019723,0.1837619,0.7019709,0.7019451,0.7019201,0.701895,0.7011718,0.7011738,0.7014431,0.7014329,0.0425175,0.07932384,0.07957355,0.07957696,0.07958023,0.1887537,0.7019776,0.7011805,0.1716014,
0.7022678,0.702241,0.7016199,0.7011254,0.7014332,0.701421,0.7014112,0.6988555,0.7018496,0.7015525,0.05173621,0.07928386,0.07955909,0.07984013,0.07985248,0.07985256,0.07985254,0.07985258,0.07985262,0.2780332,0.7019556,0.1704173,0.1800381,0.6158596,0.7018684,0.7018444,0.7011612,0.7014388,0.7014282,0.7014182,
0.7010956,0.7010987,0.7014247,0.7011008,0.1704137,0.7018521,0.7017871,0.7011405,0.7014357,0.7010971,0.7014351,0.1914453,0.7019719,0.6988733,0.7016326,0.7016163,0.7011245,0.1750463,0.7020008,0.7019742,0.2706308,0.7019502,0.2781181,0.701955,0.7019278,0.7019032,0.7011709,0.7011741,0.7011766,0.7011815,
0.7014459,0.7014346,0.7014256,0.701096,0.7014241,0.3132456,0.6996818,0.7016975,0.7011418,0.1901584,0.6997309,0.6753755,0.7017791,0.7017577,0.7011439,0.7014446,0.7010925,0.7014247,0.7014135,0.7014039,0.6988504,0.701633,0.7011272,0.701133,0.7011395,0.7014377,0.3248736,0.7021955,0.7021682,0.7021438,
0.7021198,0.7020966,0.7020759,0.7015768,0.698859,0.7018477,0.7015412,0.7011163,0.70143,0.7010971,0.7011034,0.7011114,0.7013906,0.1667911,0.7019537,0.7019278,0.7011726,0.7011756,0.7011785,0.2189289,0.7020005,0.7019743,0.7019488,0.7019221,0.7011741,0.6850823,0.702025,0.7020075,0.7019899,0.6505145,
0.7020658,0.7020486,0.7020312,0.7020112,0.7019938,0.7019777,0.6505179,0.7020676,0.7020495,0.7020312,0.6988986,0.7018541,0.650511,0.702069,0.7015972,0.7015814,0.7011199,0.7011248,0.7011314,0.7011383,0.6505191,0.7017944,0.7011823,0.7011338,0.7014465,0.7010995,0.701105,0.7011136,0.685079,0.702008,
0.701991,0.7019734,0.7015772,0.2945957,0.7019301,0.7011707,0.6694254,0.6505689,0.7020702,0.70158,0.7011168,0.7011203,0.7011239,0.7011306,0.7011372,0.7011424,0.7011465,0.701418,0.7013367,0.6505228,0.6995111,0.7019249,0.7019116,0.6505189,0.7017947,0.7011532,0.7006308,0.701732,0.7015331,0.6694347,
0.7020304,0.7020124,0.7019934,0.7015671,0.7011188,0.675329,0.7017564,0.6694239,0.6505839,0.7020689,0.2021191,0.7022157,0.7018876,0.7015426,0.7011139,0.1757674,0.7022324,0.6505178,0.7020853,0.7020658,0.199724,0.7016684,0.7018638,0.7018494,0.701553,0.7011122,0.7011161,0.7011224,0.7014312,0.7010965,
0.7011008,0.701112,0.6694539,0.7020183,0.7019182,0.7018557,0.7018117,0.7015748,0.6608814,0.6687003,0.7020398,0.7020211,0.7020036,0.7019871,0.7019721,0.7019588,0.7015707,0.7011245,0.7011315,0.7011158,0.0453409,0.07913984,0.0797232,0.07983167,0.07983973,0.07983986,0.07984017,0.07984047,0.07984059,0.07984076,
0.07984095,0.07984106,0.07985418,0.07984972,0.6502807,0.7018117,0.7011515,0.6753414,0.6609612,0.7020482,0.7020313,0.7020129,0.04533811,0.07932958,0.6691341,0.7020248,0.7020064,0.7019905,0.7019747,0.7019599,0.7019429,0.6694351,0.1652134,0.7022435,0.702134,0.7020645,0.3629243,0.7021514,0.7021273,0.6694378,
0.7020205,0.7019195,0.7018558,0.6896352,0.6694865,0.7020326,0.7015731,0.1859239,0.7022719,0.1710689,0.7022229,0.6694376,0.7020302,0.6694211,0.7020314,0.7020122,0.70179,0.6694459,0.7020306,0.6694346,0.6609702,0.702051,0.6925208,0.6694736,0.7020304,0.7020131,0.7019948,0.7019808,0.6450582,0.7020873,
0.7020683,0.7020505,0.7020304,0.7020127,0.6694201,0.7020305,0.7020118,0.7019958,0.1728696,0.7022129,0.6694385,0.6694247,0.7020128,0.7019953,0.7019791,0.701964,0.701948,0.7019333,0.6307524,0.6442931,0.7021095,0.7020854,0.7020674,0.6711499,0.7020449,0.2468386,0.7022027,0.69252,0.7019668,0.6694491,
0.7020127,0.701995,0.6450569,0.7021097,0.6925204,0.7019628,0.6925181,0.7019619,0.7019444,0.7019283,0.6694632,0.7020295,0.7020106,0.6694509,0.7020128,0.7019937,0.246851,0.7022039,0.7021767,0.6694359,0.6927009,0.6694928,0.7020337,0.7020156,0.7019972,0.7019797,0.7019634,0.7019485,0.6450599,0.6706402,
0.7020421,0.702025,0.7020064,0.7019893,0.7019734,0.7019576,0.7019433,0.7019305,0.7019151,0.7018976,0.7018822,0.7018677,0.701852,0.7018379,0.7018242,0.7018108,0.7017999,0.7017866,0.6925128,0.6694893,0.7020315,0.7020131,0.6925191,0.6694905,0.694887,0.701971,0.7019534,0.6694172,0.7020324,0.669452,
0.7020305,0.7020118,0.6694217,0.7020476,0.2867579,0.7021779,0.7021526,0.7021271,0.7021025,0.6694376,0.6822035,0.7020012,0.6694664,0.7020299,0.7020122,0.701993,0.6694373,0.7020304,0.7020134,0.7019951,0.7019795,0.6694211,0.7020299,0.02580293,0.4992215,0.4487454,0.4487158,0.4486882,0.5687389,0.4486912,
0.4486644,0.4486386,0.5687775,0.448719,0.4486887,0.4992873,0.448715,0.4486867,0.5381091,0.1407761,0.7022349,0.7022101,0.7021829,0.2946051,0.7022093,0.6694243,0.7020297,0.7020122,0.7019952,0.7019796,0.7019649,0.2867588,0.6691115,0.702049,0.7020315,0.7020127,0.7019943,0.7019779,0.701963,0.6826208,
0.7019784,0.7019622,0.6826105,0.7019957,0.7019782,0.305321,0.7021706,0.7021441,0.6694376,0.7020296,0.702013,0.7019969,0.700326,0.7010094,0.7010186,0.7010276,0.6377708,0.7020878,0.2867591,0.6691126,0.7020309,0.6694661,0.7020299,0.6694673,0.6694229,0.7020125,0.7019948,0.7019802,0.7019643,0.7019471,
0.7019312,0.7019172,0.7019036,0.7018893,0.7018738,0.6826009,0.7019821,0.7019636,0.7019473,0.7019317,0.7019163,0.701903,0.7018889,0.7018743,0.7018585,0.7018435,0.7018291,0.701816,0.6826108,0.7019804,0.6694354,0.70203,0.7020105,0.5791888,0.7021099,0.6943723,0.7004361,0.7010068,0.7010157,0.7010251,
0.7010363,0.7010473,0.7010577,0.7010657,0.7010726,0.6694396,0.7020121,0.6675628,0.7020481,0.7020286,0.7020084,0.7019929,0.701975,0.7019595,0.7019467,0.682611,0.7019788,0.7019624,0.7019464,0.7019328,0.6826015,0.7019789,0.6694365,0.7020299,0.6943703,0.7019477,0.7019296,0.7019143,0.7019,0.6943668,
0.7019289,0.701914,0.6402023,0.7021095,0.7020888,0.7020693,0.7020492,0.7020295,0.7020097,0.7019902,0.6694511,0.7020307,0.7020112,0.7019926,0.7019784,0.6694637,0.7020291,0.669454,0.7020309,0.7002007,0.7010016,0.7010112,0.6669286,0.7004927,0.6694306,0.7020108,0.7019941,0.7019785,0.7019663,0.7019521,
0.7019365,0.7019183,0.6694235,0.7020307,0.7020136,0.6694369,0.7004879,0.6703943,0.1670312,0.7022582,0.7022323,0.669453,0.7020315,0.7020122,0.7019925,0.7019781,0.7019652,0.7019503,0.669436,0.6402364,0.7020867,0.7020662,0.7020476,0.3239801,0.7021951,0.7021679,0.702143,0.7021177,0.7020947,0.7020742,
0.7020552,0.7020348,0.1669652,0.7022097,0.7021834,0.7021556,0.6694656,0.7020293,0.6792277,0.669584,0.6695656,0.7020347,0.7020165,0.6694201,0.7020126,0.7019945,0.6694226,0.6402392,0.7021096,0.3239816,0.7021958,0.7021679,0.6704162,0.7020162,0.7019994,0.7006088,0.7010112,0.7010208,0.6694401,0.7020305,
0.7020128,0.7019936,0.6792271,0.702017,0.7019979,0.7019802,0.6694351,0.6694219,0.6402383,0.6689385,0.7007689,0.669412,0.7020317,0.6704251,0.669558,0.7020155,0.6694654,0.7020133,0.66944,0.669512,0.7020301,0.7015737,0.7011193,0.6472529,0.6688449,0.7020424,0.6694652,0.6695383,0.7020302,0.70201,
0.7019925,0.7019782,0.7006028,0.7010108,0.7010204,0.6694407,0.7020313,0.7020121,0.3239793,0.7021289,0.7016169,0.7005274,0.700707,0.6217392,0.7020957,0.5946113,0.7021214,0.6694518,0.7020289,0.6694354,0.669422,0.6694098,0.6693953,0.6693844,0.7020317,0.6694539,0.6694376,0.6694245,0.669412,0.7020307,
0.701834,0.7019271,0.7019099,0.7018944,0.6978894,0.70093,0.7013543,0.7013566,0.6694349,0.2131064,0.6691346,0.6691392,0.1706952,0.6691524,0.7020488,0.7020291,0.7018334,0.7019582,0.7019258,0.7019085,0.6750946,0.7020276,0.7020096,0.7015721,0.7010746,0.7014451,0.7014423,0.166142,0.6691537,0.6691544,
0.70205,0.7020304,0.7020106,0.7019944,0.6884862,0.7014563,0.7018379,0.7018263,0.7018138,0.6978853,0.6978637,0.7009239,0.6694295,0.1705809,0.7022223,0.1705845,0.7021953,0.6673753,0.7020191,0.6694216,0.1706577,0.6691512,0.7020497,0.669436,0.6181186,0.7020562,0.7016107,0.7010798,0.7014465,0.6285747,
0.7021092,0.7019063,0.7019844,0.7019634,0.6978925,0.7009505,0.2135804,0.7022041,0.6694544,0.7020466,0.6694499,0.7020468,0.7020291,0.6978992,0.6978697,0.7009447,0.7010345,0.7014223,0.1868414,0.7017398,0.6694362,0.1706992,0.7022215,0.1706975,0.70196,0.6996618,0.6987731,0.6987577,0.7009398,0.7013643,
0.7013662,0.7013666,0.7014734,0.7011042,0.6978518,0.7009474,0.6694417,0.702013,0.7019948,0.7019789,0.1706567,0.7022224,0.6848917,0.7019699,0.683498,0.7020062,0.7019891,0.7019725,0.6656852,0.6696681,0.7020489,0.7020311,0.6989349,0.6694242,0.7020296,0.701832,0.7019234,0.7007223,0.7009905,0.5879899,
0.7021343,0.7021104,0.7007404,0.7010232,0.6694404,0.6980477,0.6980214,0.7009445,0.7009634,0.7009733,0.7009847,0.6694391,0.7019451,0.6767009,0.1768546,0.7022254,0.702198,0.683502,0.7017715,0.7011508,0.7011548,0.5879996,0.7021108,0.7020877,0.7015975,0.7011238,0.7011273,0.7011357,0.7011411,0.6694392,
0.7020301,0.7020101,0.701992,0.7019761,0.7007282,0.7010111,0.7010223,0.7010311,0.7014128,0.7010955,0.6694109,0.7020299,0.7020108,0.1544302,0.7021832,0.7016237,0.701081,0.7014462,0.7014884,0.7011061,0.6978519,0.2942047,0.702204,0.7021772,0.7016111,0.7011315,0.7011374,0.6694556,0.6832736,0.7020264,
0.7020069,0.7018124,0.7015821,0.7015688,0.7011209,0.6225117,0.7021288,0.702104,0.7020838,0.7015967,0.7011289,0.6834832,0.702006,0.7019904,0.7007316,0.7007302,0.7010393,0.7010608,0.7014375,0.7011723,0.2723982,0.6981609,0.7009314,0.7013521,0.6694177,0.7020308,0.7020121,0.7019943,0.7018007,0.6694195,
0.702031,0.7020124,0.5743328,0.700959,0.7010056,0.7014685,0.701457,0.7010587,0.2723858,0.7021523,0.7018724,0.7018576,0.6011869,0.70213,0.7019272,0.7015887,0.7011341,0.7010528,0.6694415,0.669414,0.683274,0.7020248,0.7018284,0.7019237,0.7015551,0.669435,0.7020126,0.6979204,0.6995745,0.6694276,
0.7019448,0.7018063,0.7015358,0.7011138,0.7011194,0.6673517,0.7008904,0.701027,0.6978456,0.6995808,0.700624,0.6694266,0.7020298,0.6751052,0.70201,0.7018125,0.1798802,0.6837235,0.7019688,0.2232755,0.7021755,0.7007508,0.7007337,0.7010295,0.7010622,0.6978548,0.6983305,0.6694688,0.7020295,0.6776335,
0.7019528,0.7018102,0.6694345,0.7019464,0.6979136,0.7005938,0.2516832,0.66701,0.7009005,0.7010003,0.701466,0.2394306,0.7021725,0.7021481,0.7018701,0.6834883,0.7009067,0.6983561,0.7018583,0.7018424,0.7016536,0.7013826,0.6673522,0.7018015,0.6750841,0.7020116,0.7018147,0.7019084,0.7018921,0.7000458,
0.7017118,0.7017004,0.7017337,0.7015347,0.6978613,0.7009472,0.700955,0.6999757,0.67513,0.6674616,0.6744943,0.7020229,0.7020056,0.7007309,0.7010294,0.701037,0.6694379,0.7020299,0.700048,0.7018067,0.7016135,0.7013661,0.7015223,0.7011123,0.6810784,0.7019891,0.7015677,0.2134716,0.6837125,0.7008836,
0.7010337,0.7010412,0.6974341,0.7018372,0.7017739,0.7017644,0.6694496,0.7017962,0.7011504,0.6978334,0.7009564,0.7009659,0.6999802,0.3924234,0.7021618,0.7021374,0.7015257,0.7017102,0.7017016,0.675095,0.7020116,0.701995,0.1817839,0.7022337,0.6880419,0.6835925,0.7020276,0.7020097,0.6751052,0.7019932,
0.7019743,0.701962,0.7019514,0.7019345,0.697466,0.7018943,0.7015511,0.3629093,0.638036,0.7021018,0.7019002,0.7019808,0.7019605,0.6206066,0.7021243,0.7015908,0.7011231,0.7010888,0.7014521,0.7014754,0.7011048,0.3923981,0.7021874,0.6750982,0.6695393,0.7020147,0.7019967,0.7019808,0.7019663,0.7000476,
0.7018066,0.7017944,0.7017835,0.6880364,0.7019917,0.6454821,0.7020689,0.7020515,0.7000548,0.7017196,0.6974664,0.6974683,0.7018261,0.669454,0.7020133,0.3953381,0.7021775,0.7021508,0.7021273,0.7021042,0.7020821,0.7020624,0.7013577,0.7010759,0.7010833,0.3953561,0.6569721,0.700452,0.6694256,0.702028,
0.7020108,0.7019951,0.7019795,0.7019641,0.701573,0.6694365,0.1543643,0.70222,0.7021964,0.7021695,0.645759,0.6980202,0.4481009,0.7021025,0.7018561,0.7018421,0.6974642,0.7018917,0.7016995,0.7018358,0.1304053,0.6570039,0.6694062,0.7007216,0.7018165,0.7017777,0.7015862,0.6974568,0.7014684,0.6857737,
0.7020088,0.7019928,0.7019772,0.7019616,0.7019461,0.7019329,0.6694189,0.7019697,0.7018163,0.7000346,0.1498129,0.7022266,0.7022018,0.7021748,0.6989499,0.701858,0.7018442,0.7016546,0.6974594,0.1768446,0.1768398,0.702251,0.7022257,0.64576,0.702105,0.7020833,0.7020633,0.6974694,0.6974714,0.7018939,
0.7018791,0.7018671,0.6974608,0.7018946,0.1768457,0.6982063,0.6963495,0.7005706,0.6580096,0.7020929,0.7020715,0.7018737,0.7019588,0.698939,0.7018591,0.6387331,0.7020695,0.702053,0.7020348,0.7020152,0.7019951,0.6974692,0.7018957,0.701704,0.7018126,0.7017998,0.7017903,0.6974568,0.7018917,0.7018752,
0.7018616,0.7018516,0.70139,0.7016308,0.7016231,0.7016146,0.7016084,0.6974482,0.7018897,0.7018769,0.6387428,0.7020682,0.7020505,0.6102096,0.702091,0.7018899,0.6974651,0.7018934,0.7018777,0.7018649,0.7018532,0.7018406,0.7018281,0.7018173,0.7013663,0.3782201,0.6997262,0.7019298,0.6848076,0.7020004,
0.7019815,0.7019638,0.69772,0.7018874,0.7018725,0.7018569,0.7018451,0.701836,0.6148692,0.7021062,0.7020872,0.7020674,0.7018671,0.7019855,0.3782355,0.7021182,0.7018703,0.6102038,0.6848871,0.7020234,0.7020066,0.7019893,0.7019746,0.7019594,0.7019447,0.6974609,0.6991683,0.7018912,0.7018766,0.7018626,
0.7013929,0.7016336,0.02580294,0.2074067,0.7022254,0.702198,0.7021719,0.7021466,0.7021214,0.7020981,0.7020761,0.7020543,0.6848176,0.7019973,0.6387429,0.7020697,0.7020516,0.7020338,0.7020152,0.7019942,0.7014581,0.7016616,0.7016525,0.7016441,0.7016376,0.7016324,0.7016249,0.7016196,0.7016127,0.7016041,
0.7015964,0.7015907,0.7015862,0.7015814,0.7015746,0.7015673,0.2652281,0.7022195,0.702191,0.702164,0.7021396,0.6848173,0.7019977,0.2073926,0.7022265,0.7021978,0.7021729,0.7021455,0.701519,0.7017081,0.7015201,0.7016681,0.7016581,0.7016473,0.7016388,0.7016332,0.7016283,0.7016213,0.7016131,0.7016063,
0.7016005,0.7015946,0.7015899,0.7015833,0.7015756,0.7015715,0.7015662,0.70156,0.701555,0.7015504,0.701543,0.7015398,0.7015362,0.3782383,0.7021403,0.7018671,0.7018518,0.7018387,0.7018279,0.701818,0.7018081,0.7017966,0.7013527,0.7016055,0.7015967,0.02460407,0.4458368,0.4458637,0.4330682,0.02460402,
0.4488655,0.448802,0.4487593,0.4487268,0.4724332,0.4487545,0.4487255,0.4486975,0.4486712,0.4486452,0.02460447,0.612219,0.4487251,0.4486953,0.4486687,0.4486435,0.4486203,0.4485977,0.4485753,0.4485532,0.4485319,0.4485115,0.4484921,0.4484727,0.4484543,0.4484354,0.4484175,0.4484273,0.3782745,0.7021565,
0.702131,0.6432576,0.7021051,0.7020833,0.7020643,0.7020467,0.7018487,0.7019672,0.7019336,0.7019163,0.701902,0.7018874,0.7013981,0.7016332,0.7016263,0.7016187,0.7016119,0.7016078,0.7016019,0.7015977,0.6988944,0.7018507,0.6114974,0.3753449,0.3105741,0.702184,0.7021575,0.7021329,0.7021113,0.7020874,
0.7020674,0.7020476,0.7020278,0.7020105,0.7019928,0.7014413,0.6988952,0.7018622,0.7016698,0.7017882,0.6998059,0.7017393,0.7017418,0.6432533,0.7021034,0.7020833,0.7020666,0.7020484,0.6989099,0.7013662,0.7010738,0.7010789,0.7010868,0.7010949,0.7011009,0.7011077,0.7011172,0.7011226,0.7011285,0.701135,
0.7011424,0.7011499,0.6983055,0.7018045,0.7017634,0.701314,0.6997483,0.6432616,0.7021033,0.6432697,0.7020084,0.7018245,0.7018132,0.7018012,0.701791,0.701781,0.7017699,0.7017586,0.7017484,0.701736,0.7017257,0.7017152,0.7017033,0.7016928,0.7016837,0.7016765,0.6045578,0.7020439,0.7018375,0.7018256,
0.7018133,0.7013654,0.7016124,0.604551,0.7021184,0.7020957,0.698908,0.6432521,0.6046635,0.7020977,0.7020775,0.7020601,0.64327,0.698949,0.701925,0.7019087,0.701895,0.7018831,0.7018721,0.7018592,0.7018439,0.7018298,0.7018178,0.7018057,0.701792,0.7011476,0.6432635,0.7021036,0.6983421,0.7018721,
0.7018554,0.7018415,0.7018303,0.7018227,0.7018131,0.7018018,0.7017885,0.7017785,0.7017691,0.7017588,0.7011562,0.7010193,0.6983097,0.7018716,0.6432713,0.6990759,0.7009689,0.7009774,0.7009866,0.482114,0.7021427,0.7021183,0.7020957,0.7011871,0.701048,0.7010549,0.7010615,0.7010689,0.6988667,0.7009773,
0.700986,0.7009952,0.6716716,0.7020526,0.7020326,0.7020155,0.7019977,0.7019812,0.6432534,0.7021035,0.7020823,0.6432727,0.7020834,0.7020639,0.6432732,0.7021019,0.7019022,0.6989318,0.6982598,0.7017885,0.701768,0.7017583,0.7015695,0.6781736,0.7020316,0.7016817,0.7011015,0.6983148,0.7018698,0.7018542,
0.7018427,0.7018318,0.6432563,0.7020434,0.2517516,0.7021846,0.7021594,0.6977945,0.7018844,0.7018701,0.6838105,0.5714313,0.7021076,0.6519149,0.7020909,0.6983438,0.7018724,0.7018564,0.7018444,0.701833,0.7018242,0.7013721,0.643266,0.7021042,0.7020818,0.6432737,0.6713751,0.03127339,0.07932919,0.07917959,
0.07982975,0.07983069,0.07985962,0.07999197,0.07977685,0.07991432,0.07990652,0.0799107,0.07945424,0.07987417,0.07987455,0.07992782,0.0799177,0.07990973,0.07991383,0.0799147,0.07991524,0.07991543,0.3929531,0.6515315,0.6978385,0.671653,0.702035,0.6432549,0.6713725,0.7020489,0.7020288,0.7020083,0.1781968,0.7022488,
0.7022243,0.7021976,0.6173139,0.6053643,0.6714681,0.6977905,0.6518914,0.6978124,0.7009332,0.6716706,0.7020518,0.7020336,0.7020158,0.6716835,0.7020505,0.7020332,0.6716843,0.6433133,0.6512442,0.7021155,0.6716847,0.6716751,0.7020344,0.5903965,0.6714402,0.6714437,0.7020639,0.4359252,0.5703006,0.6714652,
0.7020689,0.7020532,0.702035,0.6432559,0.6978077,0.6052539,0.6714563,0.6714594,0.702067,0.03779765,0.0793019,0.07979313,0.5710897,0.1960946,0.4459997,0.7021617,0.7021365,0.6519136,0.6518996,0.7020717,0.6716861,0.6716757,0.6716696,0.7020529,0.6716827,0.702054,0.6716866,0.6957932,0.4761968,0.6715159,
0.7020664,0.7020502,0.6716937,0.6052844,0.5716115,0.7021071,0.6716763,0.7020523,0.7020336,0.6716822,0.6716757,0.6897556,0.70201,0.7019916,0.6052612,0.6714663,0.7020673,0.6716853,0.6519623,0.6713533,0.7020622,0.6716815,0.6716731,0.6792871,0.7020248,0.7020051,0.6519145,0.6713277,0.7020463,0.6716822,
0.7020512,0.7020351,0.7020172,0.7019984,0.6896763,0.7019771,0.6896763,0.6717352,0.6052861,0.7021249,0.7021,0.7020795,0.671683,0.6792961,0.7020419,0.6716833,0.6792893,0.6052787,0.5716083,0.7021324,0.7021084,0.7020869,0.7020648,0.7020469,0.6716843,0.671674,0.6716681,0.6716616,0.671656,0.7020364,
0.7020183,0.7019988,0.7019814,0.7019666,0.608398,0.6714582,0.6052927,0.4143722,0.7021932,0.689677,0.7019768,0.7019615,0.6716735,0.6792887,0.7020427,0.7020236,0.7020058,0.671684,0.689755,0.7019935,0.6716847,0.7020514,0.7020333,0.6796035,0.6052634,0.7021247,0.7021018,0.7020794,0.6716856,0.6792893,
0.7020423,0.7020237,0.702005,0.7019886,0.7019724,0.6052637,0.7021244,0.7021007,0.7020801,0.679603,0.7020253,0.6796091,0.6896837,0.7019895,0.7019728,0.6716746,0.7020527,0.6716828,0.7020519,0.7020348,0.6052597,0.7021235,0.702101,0.7020786,0.7020575,0.6716853,0.3271113,0.7021965,0.7021689,0.6716855,
0.7020521,0.7020339,0.02460004,0.4458379,0.4458663,0.4458924,0.4459176,0.4459403,0.5534053,0.4487062,0.5533777,0.5534109,0.4487388,0.685735,0.4487256,0.4486954,0.4486665,0.4486412,0.4486176,0.4485949,0.4144263,0.6045678,0.3271054,0.7021957,0.7021682,0.4143662,0.7021687,0.7021406,0.6716849,0.7020684,
0.702036,0.7020178,0.6716737,0.6716673,0.6716596,0.7020524,0.6716827,0.3271159,0.6715706,0.702068,0.7020516,0.7020341,0.6716828,0.6052871,0.7021227,0.7021012,0.7020812,0.702061,0.702041,0.6716779,0.7020512,0.6052603,0.6052441,0.7021221,0.7020992,0.605258,0.7021244,0.7021005,0.7020776,0.7020571,
0.7020399,0.7020203,0.6716838,0.7020336,0.7020147,0.7019969,0.7019818,0.7001824,0.7010001,0.6052523,0.6714514,0.702068,0.7020497,0.6716843,0.7020335,0.7020158,0.6716817,0.6716743,0.7020525,0.6052462,0.7021453,0.6716851,0.7020345,0.6716937,0.6052831,0.679796,0.7020253,0.7020058,0.7019889,0.6716831,
0.7020513,0.7020338,0.6052454,0.702123,0.7021,0.6716745,0.7020529,0.702035,0.6052624,0.7021236,0.7021021,0.6716864,0.7020699,0.6716838,0.1703565,0.6799627,0.7020485,0.6716862,0.7020527,0.6716834,0.671675,0.7020524,0.04870659,0.07940179,0.194565,0.7022138,0.7021855,0.6716857,0.6716772,0.6716697,
0.7020524,0.7020358,0.7020168,0.7019987,0.7019834,0.1729801,0.7022127,0.6052638,0.7021244,0.3367616,0.671567,0.7020682,0.7020491,0.6716818,0.6716743,0.7020355,0.7020168,0.7019989,0.7019827,0.7019674,0.7019533,0.6716827,0.7020708,0.7020345,0.6716751,0.6795341,0.702038,0.7020201,0.7020005,0.6716834,
0.7020517,0.7020338,0.7020161,0.6716845,0.7020521,0.7020332,0.702015,0.6716855,0.6716774,0.7020534,0.7020351,0.7020167,0.671684,0.7020516,0.6716879,0.7020518,0.7020332,0.6402227,0.7020687,0.6716735,0.7020354,0.6716831,0.6052856,0.6714679,0.7020674,0.7020507,0.7020323,0.6052464,0.6797901,0.6921331,
0.7019916,0.701976,0.6550313,0.6052939,0.6714664,0.7020863,0.64022,0.7021084,0.7020879,0.7020674,0.7020479,0.7020313,0.7020118,0.6975894,0.7009442,0.7009528,0.7009626,0.6716753,0.7020343,0.7020151,0.671683,0.7020525,0.702035,0.6123154,0.6714497,0.6714618,0.2867613,0.702205,0.702177,0.6716892,
0.7020518,0.7020336,0.7020147,0.7019978,0.2430229,0.7022382,0.6976011,0.700923,0.7009532,0.6716627,0.7020531,0.7020358,0.702018,0.05178143,0.07929753,0.07930349,0.07979508,0.07979684,0.286699,0.702204,0.1729781,0.6211832,0.7021351,0.7021095,0.4572585,0.6546326,0.7020918,0.7020717,0.7020535,0.6237395,
0.7021201,0.7020967,0.702077,0.7020577,0.6716946,0.6237612,0.7021202,0.702097,0.7020772,0.702059,0.7020397,0.7020202,0.7019703,0.7019694,0.7019678,0.6716744,0.6716702,0.6478031,0.6977363,0.6550218,0.7020795,0.7020603,0.7020421,0.7020241,0.6984362,0.3132328,0.6211443,0.7021357,0.7021101,0.7020887,
0.7020676,0.7020489,0.6984382,0.7009491,0.7009585,0.621726,0.671438,0.6714409,0.6478241,0.7020869,0.7020679,0.7020507,0.6975664,0.700942,0.6716749,0.7020503,0.7020327,0.7020139,0.6716834,0.6986277,0.7009655,0.7009754,0.7009855,0.7009959,0.698409,0.6716572,0.7020523,0.7020004,0.6984422,0.6716554,
0.7020344,0.7020146,0.1290564,0.7022125,0.6984476,0.335528,0.6978474,0.7009548,0.7009636,0.7009817,0.7009932,0.7010051,0.7010185,0.6983869,0.7009562,0.1849176,0.6716076,0.6716039,0.6977327,0.7009465,0.6716686,0.6986011,0.7009666,0.6716738,0.7020335,0.7020151,0.7019967,0.7019799,0.6984575,0.6043339,
0.7021559,0.7021299,0.7020761,0.6908321,0.6985691,0.6985437,0.7009556,0.7009656,0.7009743,0.6975394,0.2458331,0.6715869,0.7020698,0.7020526,0.6975684,0.6716556,0.7020529,0.702035,0.7020178,0.7019985,0.7019484,0.6984345,0.6716621,0.3658884,0.6715592,0.6715595,0.7020514,0.6716843,0.7020512,0.702033,
0.7020156,0.7019998,0.7019827,0.6984553,0.6716577,0.6716493,0.702069,0.7020521,0.6716802,0.6716735,0.6716672,0.7020547,0.6716753,0.7020208,0.69226,0.6976693,0.6974546,0.7009322,0.6716778,0.697728,0.6907883,0.7019728,0.6908293,0.671735,0.7020518,0.7020364,0.7020184,0.6716841,0.457271,0.6977938,
0.7009535,0.7009617,0.700972,0.6716657,0.6909815,0.7019929,0.6716827,0.7020542,0.7020366,0.6716823,0.6976998,0.7009478,0.1770815,0.6716107,0.6716052,0.6986079,0.7009584,0.671676,0.7020531,0.7020356,0.7020174,0.7019986,0.2182255,0.6912706,0.4572671,0.6715202,0.691021,0.7019938,0.7019785,0.6975899,
0.7009439,0.7009529,0.6716727,0.7020501,0.4572572,0.6911952,0.7020019,0.7019862,0.70197,0.6716825,0.6716749,0.6716685,0.690985,0.7019923,0.6716844,0.7020515,0.7020335,0.702015,0.6716835,0.6977015,0.7009476,0.02756374,0.3029478,0.7021813,0.7021545,0.7021288,0.6975954,0.671665,0.702051,0.7020335,
0.7020151,0.7019967,0.7019815,0.671685,0.702053,0.7020335,0.457262,0.7021812,0.7021538,0.7021284,0.6908296,0.7019753,0.7019581,0.7019411,0.6908279,0.7019741,0.7019563,0.701938,0.6716853,0.6909819,0.7020103,0.690825,0.6717347,0.7020362,0.7020171,0.7019981,0.7019806,0.6716844,0.7020323,0.6716862,
0.7020525,0.7020345,0.6716781,0.7020511,0.6854778,0.7019988,0.7019827,0.04254715,0.07933528,0.07976553,0.07976946,0.07987493,0.07987525,0.07987566,0.079876,0.4571429,0.7021772,0.7021497,0.7021268,0.7021052,0.7020847,0.6716837,0.6909816,0.701993,0.7019764,0.7019598,0.6716831,0.7020346,0.7020168,0.7019983,
0.7019806,0.7019645,0.395393,0.7021508,0.7021269,0.7021043,0.6908273,0.7019585,0.7019398,0.6908249,0.7019739,0.6908237,0.671733,0.7020514,0.6854749,0.6717589,0.702053,0.6716866,0.6716762,0.7020367,0.4572549,0.04254791,0.07930124,0.07979425,0.07979594,0.07979777,0.07979967,0.07972193,0.07989954,0.07974556,
0.07990609,0.07990614,0.07992612,0.07992446,0.07992435,0.07992416,0.07993155,0.07992568,0.07989691,0.07992294,0.07992279,0.4570934,0.2373472,0.6912658,0.7020216,0.6908313,0.7019711,0.7018855,0.7018294,0.701785,0.7017489,0.4572798,0.6911918,0.7020001,0.6716868,0.7020522,0.7020323,0.6716851,0.690981,0.7019938,
0.701979,0.7019634,0.7019489,0.7017868,0.690821,0.7019752,0.6716732,0.7020529,0.7020347,0.605177,0.7021214,0.7021005,0.7017375,0.7011948,0.7011976,0.2390123,0.7022018,0.7021753,0.7021469,0.7021211,0.7020972,0.7018595,0.7017779,0.7017233,0.7016818,0.6908219,0.6717219,0.7020365,0.6908286,0.6450144,
0.7021105,0.7020873,0.7020697,0.7020537,0.671684,0.6716741,0.7020536,0.702035,0.7020158,0.7019995,0.7019839,0.7019659,0.7019494,0.701798,0.701717,0.7016647,0.671679,0.6051964,0.7021089,0.7020182,0.6716761,0.7020331,0.7020158,0.701998,0.6716787,0.6716713,0.7020072,0.7001793,0.6908348,0.7019771,
0.7019588,0.7017949,0.6716747,0.7020541,0.6716869,0.7020352,0.6716739,0.7020522,0.2517447,0.6715869,0.7020707,0.7020528,0.7020336,0.7020149,0.701997,0.6908299,0.7019735,0.7019565,0.7019398,0.7019243,0.7019112,0.7018951,0.2652307,0.70222,0.7021914,0.1421795,0.7022352,0.7022102,0.4150011,0.304969,
0.7022055,0.7021769,0.7021513,0.7021273,0.4150291,0.7021772,0.7021509,0.7021261,0.7021032,0.7020825,0.671683,0.6716753,0.7020509,0.7020346,0.1728693,0.7022396,0.7019036,0.7018212,0.7017669,0.6716797,0.702051,0.702033,0.7020164,0.5094913,0.7021449,0.2468396,0.6377462,0.7021062,0.7020831,0.7020622,
0.7020442,0.7020267,0.7020059,0.7019863,0.7019708,0.7019542,0.7019392,0.7019237,0.7019084,0.7018949,0.6382304,0.415031,0.702177,0.6716743,0.7020516,0.7020335,0.7020166,0.50949,0.7021729,0.7021471,0.702124,0.7021027,0.6716849,0.7020521,0.7020331,0.7020147,0.701997,0.2468397,0.7022015,0.7021735,
0.7021467,0.7021236,0.7021004,0.6382104,0.7021027,0.702081,0.7020614,0.7020435,0.7020234,0.7020028,0.7019829,0.701966,0.7019504,0.3486233,0.7021996,0.6716738,0.7020352,0.7020172,0.7019965,0.7019798,0.6716831,0.702053,0.7020343,0.7020153,0.7019967,0.7019797,0.7019645,0.0332616,0.07933565,0.07934164,
0.07934761,0.07935336,0.07935892,0.07936443,0.07936988,0.0793752,0.07938051,0.07938579,0.07963158,0.07987733,0.0798776,0.07987787,0.07973871,0.07990429,0.07990436,0.0799044,0.07990446,0.07990446,0.07991467,0.07991508,0.07991497,0.2190614,0.7022135,0.7021848,0.7021589,0.278716,0.7022051,0.7021762,0.6361598,0.6372892,
0.7021144,0.7020928,0.7020751,0.7020553,0.2190671,0.2190627,0.6714082,0.7020744,0.7020553,0.7020389,0.3367436,0.6356521,0.7021187,0.7020971,0.7020785,0.7020584,0.7020386,0.7020198,0.7019998,0.7019818,0.7019625,0.7019454,0.7019318,0.7019182,0.2787269,0.702204,0.7021768,0.7021521,0.6382078,0.2787236,
0.7022309,0.7022027,0.7021744,0.7021506,0.7021266,0.3367639,0.7021811,0.7021537,0.3367619,0.7021784,0.702152,0.7021289,0.7021059,0.7020825,0.7020639,0.2787217,0.7022036,0.7021763,0.702151,0.7021257,0.7021018,0.7020808,0.6382087,0.7021199,0.7020953,0.7020754,0.7020599,0.2787098,0.6384707,0.7021275,
0.7021025,0.7020813,0.7020602,0.7020428,0.7020248,0.7020044,0.7019858,0.7019681,0.7019519,0.7019354,0.7019205,0.7019059,0.7018904,0.6820573,0.7020171,0.3367403,0.7022107,0.7021821,0.7021551,0.6231837,0.7021014,0.2430227,0.7022107,0.7021829,0.7021573,0.702132,0.7021075,0.7017931,0.7012675,0.7012681,
0.7012709,0.7012707,0.7012711,0.6820547,0.3410607,0.7021928,0.7021657,0.6232023,0.7020994,0.7020801,0.3367414,0.7022088,0.7021798,0.7021547,0.7021306,0.702108,0.7020842,0.7020641,0.7020459,0.7020273,0.7020096,0.701992,0.7019731,0.7019553,0.7019392,0.7019246,0.7019094,0.701895,0.70188,0.7018653,
0.7018523,0.7018383,0.7018243,0.7018108,0.7017981,0.7017846,0.7017724,0.7017608,0.7017482,0.7017393,0.7017298,0.7017215,0.7016913,0.7012346,0.7012355,0.7012371,0.7012384,0.7012395,0.7012439,0.7012486,0.7012508,0.7012512,0.7012529,0.7012571,0.7012601,0.7012636,0.7012671,0.7012697,0.7012704,0.7012732,
0.7012751,0.7012774,0.7012814,0.7012854,0.7012892,0.7012937,0.7012959,0.701297,0.7012996,0.7013016,0.7013012,0.701302,0.7013023,0.7013026,0.7013047,0.7015594,0.7011904,0.7011938,0.7011958,0.6360847,0.1868401,0.7022187,0.7021902,0.702163,0.7021376,0.7017875,0.7012622,0.7012631,0.7012631,0.7012649,
0.7012693,0.7012715,0.7012732,0.7012745,0.7012772,0.7012759,0.7012776,0.2339734,0.7022174,0.7021898,0.7021647,0.7021384,0.7021138,0.7020915,0.702069,0.7020482,0.7020286,0.7020112,0.7019932,0.7019761,0.7019616,0.7019472,0.7019315,0.7019157,0.7018995,0.7018837,0.6387428,0.7020698,0.1938218,0.7022438,
0.7022169,0.7021898,0.7021619,0.7021366,0.509491,0.7021454,0.7021216,0.7020999,0.7020782,0.7020581,0.5094928,0.7021452,0.7021222,0.7021009,0.702079,0.6387403,0.7020717,0.7020541,0.7020362,0.7020169,0.7019974,0.638745,0.7020688,0.7020517,0.702033,0.7020139,0.7019953,0.7019771,0.7019629,0.7019474,
0.7019323,0.7019156,0.6387343,0.702069,0.702051,0.7020336,0.7020148,0.701996,0.5094689,0.702148,0.7021246,0.7021027,0.7020783,0.7020579,0.7020379,0.215748,0.7022467,0.702221,0.03759398,0.07933111,0.07933702,0.07934307,0.07934897,0.6383645,0.7020895,0.7020695,0.7020509,0.7020317,0.7020123,0.7019938,
0.7019767,0.7019605,0.7019458,0.7019301,0.7019133,0.7018982,0.7018837,0.7018698,0.701856,0.7018418,0.7018298,0.7018157,0.7017997,0.7017871,0.5094718,0.7021437,0.7021193,0.7020971,0.7020755,0.7020554,0.7020366,0.6387348,0.7020897,0.7020679,0.6387443,0.7020907,0.7020699,0.5094939,0.7021694,0.7021424,
0.7021183,0.7020965,0.7020764,0.7020569,0.1961657,0.6380192,0.7020962,0.7020745,0.6995475,0.701836,0.7018238,0.7018135,0.6184753,0.7021315,0.03759137,0.07933161,0.0793436,0.07934937,0.07935506,0.07936065,0.07936628,0.07960364,0.07972383,0.0797252,0.07972655,0.07972782,0.5093553,0.7021416,0.6387336,0.7020894,
0.7020694,0.7020528,0.702035,0.7020161,0.1961673,0.7022151,0.7021894,0.7021626,0.7021377,0.7021138,0.7020904,0.1634145,0.702232,0.6600552,0.7002193,0.6387688,0.4572657,0.7021804,0.7021557,0.619265,0.5094869,0.5094632,0.7003039,0.701905,0.7018909,0.7018764,0.7018635,0.6995386,0.6184664,0.7021342,
0.7021099,0.7020875,0.6995476,0.2373397,0.7022035,0.7021761,0.7021498,0.5094691,0.7021435,0.7021194,0.6995514,0.7018265,0.7018133,0.6192518,0.7021044,0.660058,0.702071,0.7020532,0.7020345,0.6995438,0.7018263,0.7018147,0.6995406,0.6387475,0.702089,0.1997238,0.7004242,0.7018985,0.7018842,0.7018729,
0.7018609,0.7018485,0.7018365,0.7018219,0.701808,0.6304449,0.7021179,0.699555,0.7018386,0.5094659,0.7021452,0.702123,0.7021015,0.7020794,0.7020593,0.7020392,0.6192484,0.702099,0.7020794,0.7020606,0.6192474,0.7020993,0.7020783,0.6991498,0.7009784,0.7009867,0.7009968,0.701008,0.7010189,0.6994968,
0.7018244,0.7018125,0.6304283,0.6380458,0.7020958,0.7020594,0.7020411,0.7020215,0.702001,0.7019829,0.7019657,0.6216764,0.5095083,0.7021433,0.6995516,0.7018268,0.7018139,0.7018013,0.7017917,0.7017844,0.7017743,0.4572583,0.6379088,0.7020763,0.6995472,0.699555,0.701829,0.701816,0.7018038,0.7017944,
0.7017856,0.7017744,0.7017639,0.6865071,0.2968771,0.5080427,0.7021573,0.6304427,0.6217796,0.702113,0.7020932,0.7020751,0.7020534,0.7020331,0.7020133,0.6995469,0.2269979,0.7022122,0.1814897,0.7022344,0.6216752,0.7021109,0.699555,0.7018383,0.7018279,0.2062184,0.7022315,0.7022057,0.702178,0.6387464,
0.7020694,0.7020525,0.7020335,0.6387455,0.7002235,0.7018983,0.7018844,0.6216752,0.6866468,0.700151,0.4572599,0.702179,0.7021507,0.7021259,0.7021058,0.7020834,0.7020634,0.7020437,0.6995449,0.5094961,0.702143,0.6995581,0.7018403,0.7018287,0.2430225,0.7022111,0.7021834,0.2073733,0.702226,0.702198,
0.7021713,0.7021442,0.702121,0.2430206,0.7019724,0.6551074,0.5784526,0.7002816,0.7019017,0.7018861,0.7018747,0.7018649,0.7018532,0.701839,0.7018237,0.176846,0.7022255,0.7021989,0.6865072,0.7001138,0.700103,0.7018918,0.7018783,0.5095155,0.7021697,0.7021443,0.702122,0.6372924,0.7020887,0.5094674,
0.7021452,0.7021216,0.7020989,0.5094954,0.6546817,0.7020893,0.6995478,0.7018279,0.6865008,0.7019924,0.6865082,0.7019933,0.7019776,0.6995469,0.6995518,0.7018288,0.7018139,0.7018024,0.701793,0.3029371,0.7022101,0.702181,0.2852148,0.702192,0.6865087,0.7007566,0.1680271,0.6547962,0.7020916,0.7020727,
0.7020551,0.7020366,0.6865045,0.701995,0.7019803,0.7019626,0.7019454,0.701928,0.7019126,0.700605,0.699465,0.7018216,0.6995365,0.7018267,0.7018138,0.7018015,0.7017923,0.7017828,0.7017729,0.6551,0.7020795,0.7020614,0.7020425,0.7020239,0.7020058,0.3029042,0.7021809,0.6995571,0.7018296,0.7018165,
0.7018043,0.7017972,0.6550971,0.7020797,0.6995471,0.7018275,0.7006186,0.6864795,0.7001125,0.7018913,0.7018762,0.7018631,0.7018524,0.6372886,0.6866212,0.7020214,0.702005,0.7019897,0.02702365,0.4458555,0.4458818,0.4459068,0.4459298,0.4682898,0.4487375,0.4683068,0.4487394,0.4487103,0.4486849,0.4486597,
0.4486344,0.4486101,0.5172642,0.5172964,0.6240349,0.4487151,0.4486854,0.4486586,0.4682696,0.4487365,0.4487062,0.4682756,0.4487393,0.4682757,0.4487346,0.517297,0.471283,0.4487234,0.4486948,0.4486682,0.4300072,0.4458568,0.445886,0.4300298,0.4458602,0.4682876,0.4918808,0.4487366,0.4487071,0.44868,
0.6239752,0.5204425,0.4487362,0.4487058,0.43001,0.4458506,0.5172679,0.4487457,0.5172644,0.4487167,0.4682738,0.468302,0.468327,0.4487405,0.4487113,0.4486846,0.4486593,0.4486349,0.4682675,0.4487377,0.4737565,0.4487531,0.4487224,0.4486942,0.4682693,0.4487369,0.4300168,0.4299907,0.4918854,0.4487378,
0.623978,0.5204094,0.4487398,0.4487097,0.4486822,0.4486558,0.4682698,0.4300104,0.5149742,0.4712794,0.4487206,0.4486929,0.4682754,0.4487367,0.4300129,0.5816872,0.4487185,0.4486894,0.4486622,0.4486369,0.4486148,0.5172617,0.4487203,0.4300126,0.5172738,0.4487461,0.5835588,0.4712967,0.4487224,0.4486943,
