39.37538,41.5111,74.63798,42.54824,36.66879,74.98579,16.51133,54.88466,26.76302,96.58424,16.3139,67.99877,99.21564,31.50035,98.89435,52.6465,91.38911,62.38464,14.39225,55.08045,53.72455,66.18914,39.38753,16.83171,51.86414,52.50815,67.33459,98.365,69.29446,88.72274,
26.76302,31.50035,36.66879,31.50035,26.76302,41.5111,26.76302,41.5111,26.76302,74.98579,39.37538,69.29446,77.83492,36.66879,36.66879,51.86414,74.63798,54.88466,31.50035,54.88466,42.54824,74.98579,26.76302,67.99877,39.38753,14.39225,52.6465,31.50035,36.66879,31.50035,
26.76302,26.76302,42.54824,26.76302,31.50035,26.76302,77.83492,36.66879,31.50035,74.98579,39.37538,52.6465,31.50035,31.50035,41.5111,74.98579,26.76302,31.50035,31.50035,41.5111,31.50035,41.5111,26.76302,26.76302,41.5111,31.50035,51.86414,31.50035,31.50035,26.76302,
26.76302,26.76302,31.50035,26.76302,31.50035,39.37538,31.50035,26.76302,31.50035,26.76302,26.76302,31.50035,26.76302,31.50035,92.79312,26.76302,31.50035,74.98579,31.50035,41.5111,26.76302,31.50035,31.50035,26.76302,41.5111,31.50035,26.76302,51.86414,26.00054,31.50035,
26.76302,26.76302,31.50035,26.76302,31.50035,26.76302,26.76302,39.37538,26.76302,26.00054,31.50035,31.50035,26.76302,39.37538,41.5111,31.50035,31.50035,31.50035,41.5111,26.76302,31.50035,26.76302,26.76302,31.50035,74.98579,41.5111,26.76302,31.50035,31.50035,31.50035,
26.76302,26.76302,26.76302,39.37538,31.50035,39.37538,31.50035,31.50035,31.50035,56.17693,31.50035,31.50035,31.50035,31.50035,31.50035,26.76302,31.50035,31.50035,39.37538,26.76302,31.50035,39.37538,26.76302,31.50035,69.21316,26.76302,31.50035,31.50035,26.76302,26.76302,
26.76302,26.76302,31.50035,31.50035,31.50035,31.50035,26.76302,26.76302,26.76302,31.50035,31.50035,31.50035,31.50035,31.50035,26.76302,26.76302,26.76302,31.50035,26.76302,26.76302,31.50035,31.50035,26.76302,31.50035,31.50035,26.76302,31.50035,31.50035,31.50035,26.76302,
26.76302,26.76302,26.76302,26.76302,58.2198,31.50035,26.76302,31.50035,31.50035,26.76302,31.50035,26.76302,31.50035,26.76302,31.50035,26.76302,26.76302,31.50035,31.50035,71.12251,31.50035,26.76302,31.50035,31.50035,31.50035,31.50035,26.76302,31.50035,26.76302,31.50035,
26.76302,26.76302,31.50035,26.76302,31.50035,26.76302,26.76302,26.76302,26.76302,31.50035,26.76302,26.76302,26.76302,31.50035,31.50035,31.50035,26.76302,26.76302,31.50035,31.50035,31.50035,26.76302,26.76302,26.76302,31.50035,26.76302,26.76302,26.76302,26.76302,26.76302,
26.76302,26.76302,31.50035,31.50035,26.76302,26.76302,26.76302,31.50035,26.76302,26.76302,26.76302,26.76302,26.76302,31.50035,66.79842,26.76302,26.76302,31.50035,31.50035,26.76302,26.76302,26.76302,26.76302,26.76302,26.76302,69.22601,26.76302,26.76302,26.76302,26.76302,
26.76302,26.76302,26.76302,26.76302,26.76302,26.76302,37.9229,26.76302,26.76302,26.76302,26.76302,26.76302,26.76302,26.76302,26.76302,26.76302,31.50035,31.50035,26.76302,26.76302,26.76302,26.76302,28.66359,26.76302,69.22601,26.76302,26.76302,26.76302,31.50035,26.76302,
26.76302,26.76302,31.50035,26.76302,26.76302,26.76302,26.76302,26.76302,26.76302,26.76302,26.76302,26.76302,37.9229,26.76302,26.76302,26.76302,26.76302,26.76302,26.76302,26.76302,26.76302,26.76302,26.76302,26.76302,26.76302,26.76302,26.76302,26.76302,31.50035,26.76302,
26.76302,26.76302,26.76302,26.76302,31.50035,26.76302,26.76302,26.76302,26.76302,26.76302,26.76302,26.76302,26.76302,26.76302,26.76302,26.76302,26.76302,31.50035,26.76302,26.76302,26.76302,26.76302,37.9229,26.76302,31.50035,26.76302,26.76302,26.76302,26.76302,26.76302,
26.76302,26.76302,26.76302,26.76302,26.76302,26.76302,26.76302,26.76302,26.76302,26.76302,26.76302,26.76302,26.76302,26.76302,26.76302,26.76302,26.76302,31.50035,26.76302,26.76302,26.76302,26.76302,26.76302,26.76302,26.76302,26.76302,26.76302,26.76302,26.76302,28.55474,
26.76302,26.76302,26.76302,26.76302,28.55474,26.76302,26.76302,26.76302,26.76302,26.76302,26.76302,26.76302,26.76302,28.55474,31.50035,26.76302,37.14305,26.76302,26.76302,26.76302,26.76302,26.76302,26.76302,80.92412,26.76302,26.76302,26.76302,26.76302,26.76302,26.76302,
26.76302,26.76302,26.76302,26.76302,26.76302,28.55474,26.76302,26.76302,26.76302,28.55474,26.76302,26.76302,26.76302,26.76302,26.76302,26.76302,26.76302,28.55474,26.76302,26.76302,26.76302,28.55474,26.76302,28.55474,37.14305,26.76302,26.76302,77.40495,26.76302,26.76302,
26.76302,26.76302,28.55474,26.76302,26.76302,26.76302,26.76302,28.55474,28.55474,26.76302,28.55474,28.55474,26.76302,26.76302,26.76302,26.76302,26.76302,26.76302,28.55474,28.55474,26.76302,26.76302,26.76302,26.76302,26.76302,28.55474,26.76302,26.76302,26.76302,26.76302,
26.76302,26.76302,26.76302,26.76302,28.55474,26.76302,26.76302,28.55474,26.76302,26.76302,26.76302,26.76302,26.76302,20.48098,28.55474,28.55474,26.76302,28.55474,26.76302,26.76302,26.76302,28.55474,26.76302,28.55474,28.55474,26.76302,26.76302,26.76302,26.76302,26.76302,
26.76302,26.76302,28.55474,11.96722,26.76302,26.76302,26.76302,26.76302,26.76302,26.76302,26.76302,26.76302,26.76302,28.55474,26.76302,26.76302,28.55474,26.76302,26.76302,26.76302,26.76302,26.76302,26.76302,26.76302,26.76302,26.76302,55.29642,26.76302,28.55474,26.76302,
26.76302,26.76302,26.76302,26.76302,28.55474,26.76302,26.76302,28.55474,26.76302,26.76302,26.76302,26.76302,28.55474,26.76302,26.76302,26.76302,26.76302,26.76302,28.55474,26.76302,26.76302,26.76302,28.55474,26.76302,26.76302,26.76302,26.76302,26.76302,26.76302,26.76302,
26.76302,26.76302,28.55474,36.61905,26.76302,26.76302,26.76302,26.76302,26.76302,28.55474,26.76302,26.76302,26.76302,26.76302,26.76302,28.55474,26.76302,28.55474,26.76302,26.76302,26.76302,26.76302,26.76302,26.76302,26.76302,26.76302,26.76302,26.76302,26.76302,26.76302,
26.76302,26.76302,26.76302,26.76302,26.76302,26.76302,28.55474,26.76302,28.55474,26.76302,26.76302,26.76302,26.76302,26.76302,26.76302,26.76302,26.76302,26.76302,26.76302,28.55474,26.76302,28.55474,26.76302,26.76302,26.76302,26.76302,36.61905,26.76302,26.76302,28.55474,
26.76302,26.76302,26.76302,26.76302,28.40634,26.76302,26.76302,26.76302,26.76302,28.55474,28.55474,26.76302,28.55474,26.76302,26.76302,26.76302,26.76302,26.76302,26.76302,52.60063,26.76302,26.76302,26.76302,26.76302,26.76302,28.55474,28.55474,26.76302,26.76302,26.76302,
28.40634,26.76302,26.76302,28.55474,52.60063,26.76302,28.55474,26.76302,26.76302,52.60063,26.76302,26.76302,26.76302,26.76302,26.76302,28.40634,26.76302,26.76302,26.76302,26.76302,26.76302,26.76302,26.76302,26.76302,26.76302,28.55474,26.76302,26.76302,26.76302,26.76302,
28.40634,26.76302,26.76302,26.76302,26.76302,28.40634,26.76302,26.76302,26.76302,26.76302,28.40634,28.55474,26.76302,26.76302,26.76302,26.76302,28.55474,26.76302,26.76302,26.76302,26.76302,26.76302,28.55474,26.76302,26.76302,26.76302,26.76302,26.76302,26.76302,26.76302,
28.40634,26.76302,26.76302,26.76302,28.40634,28.40634,26.76302,26.76302,26.76302,28.55474,26.76302,26.76302,26.76302,26.76302,26.76302,28.40634,26.76302,26.76302,26.76302,26.76302,26.76302,26.76302,60.4439,28.55474,50.9572,26.76302,26.76302,26.76302,26.76302,26.76302,
28.40634,26.76302,28.40634,26.76302,26.76302,26.76302,26.76302,89.27126,26.76302,28.40634,28.55474,26.76302,26.76302,26.76302,60.4439,28.40634,26.76302,26.76302,28.40634,26.76302,26.76302,28.40634,28.40634,26.76302,26.76302,26.76302,26.76302,26.76302,26.76302,26.76302,
28.40634,28.40634,26.76302,28.40634,28.40634,26.76302,26.76302,28.55474,26.76302,28.40634,28.40634,26.76302,28.40634,28.40634,26.76302,28.40634,26.76302,28.40634,26.76302,26.76302,26.76302,28.40634,26.76302,26.76302,26.76302,26.76302,26.76302,26.76302,28.40634,26.76302,
28.40634,28.40634,26.76302,26.76302,61.27571,26.76302,28.55474,28.40634,28.40634,28.40634,28.40634,26.76302,26.76302,28.40634,28.40634,26.76302,26.76302,26.76302,26.76302,26.76302,28.40634,28.40634,28.55474,26.76302,28.40634,26.76302,28.40634,26.76302,75.60056,26.76302,
28.40634,28.40634,28.40634,28.40634,26.76302,26.76302,28.40634,26.76302,28.40634,26.76302,28.40634,28.40634,26.76302,26.76302,26.76302,28.40634,28.40634,26.76302,28.40634,26.76302,26.76302,60.53953,28.40634,26.76302,28.55474,37.01551,26.76302,26.76302,28.40634,28.40634,
28.40634,28.40634,28.55474,26.76302,26.76302,26.76302,28.40634,28.40634,28.40634,34.96775,26.76302,28.40634,26.76302,26.76302,26.76302,84.32304,28.40634,93.63131,26.76302,26.76302,28.40634,28.40634,26.76302,26.76302,26.76302,28.40634,28.40634,26.76302,28.40634,28.40634,
28.40634,28.40634,28.40634,26.76302,28.40634,26.76302,26.76302,26.76302,28.40634,28.40634,28.40634,28.40634,28.40634,28.40634,28.40634,26.76302,26.76302,28.40634,26.76302,26.76302,26.76302,26.76302,28.40634,84.32304,26.76302,26.76302,28.40634,26.76302,26.76302,28.40634,
28.40634,28.40634,28.40634,28.40634,26.76302,26.76302,28.40634,26.76302,28.40634,26.76302,26.76302,28.40634,28.40634,26.76302,26.76302,26.76302,28.40634,28.40634,28.40634,26.76302,26.76302,26.76302,26.76302,28.40634,26.76302,26.76302,26.76302,58.93089,28.40634,28.40634,
28.40634,28.40634,28.40634,28.40634,28.40634,26.76302,58.93089,28.40634,28.40634,28.40634,28.40634,28.40634,28.40634,58.93089,26.76302,28.40634,26.76302,26.76302,28.40634,28.40634,28.40634,26.76302,28.40634,26.76302,28.40634,26.76302,28.40634,26.76302,26.76302,26.76302,
28.40634,28.40634,26.76302,28.40634,28.40634,26.76302,28.40634,26.76302,28.40634,28.40634,74.59683,70.96828,26.76302,26.76302,28.40634,28.40634,28.40634,26.76302,28.40634,28.40634,28.40634,28.40634,28.40634,28.40634,28.40634,26.76302,26.76302,28.40634,26.76302,28.40634,
28.40634,28.40634,28.40634,28.40634,28.40634,26.76302,28.40634,28.40634,28.40634,28.40634,26.76302,26.76302,28.40634,26.76302,28.40634,28.40634,28.40634,26.76302,26.76302,26.76302,28.40634,26.76302,26.76302,28.40634,28.40634,28.40634,28.40634,28.40634,28.40634,28.40634,
28.40634,28.40634,28.40634,28.40634,28.40634,28.40634,28.40634,28.40634,28.40634,28.40634,28.40634,39.26998,28.40634,28.40634,28.40634,28.40634,26.76302,28.40634,28.40634,28.40634,28.40634,28.40634,26.76302,28.40634,28.40634,28.40634,28.40634,28.40634,28.40634,26.76302,
28.40634,28.40634,28.40634,33.3044,28.40634,28.40634,28.40634,28.40634,28.40634,28.40634,28.40634,28.40634,28.40634,28.40634,28.40634,28.40634,28.40634,46.25631,28.40634,28.40634,28.40634,28.40634,47.26611,28.40634,28.40634,26.76302,68.90526,28.40634,28.40634,28.40634,
28.40634,28.40634,28.40634,28.40634,11.48443,28.40634,28.40634,28.40634,15.29598,28.40634,28.40634,28.40634,28.40634,28.40634,28.40634,28.40634,28.40634,28.40634,28.40634,28.40634,28.40634,33.3044,28.40634,28.40634,28.40634,28.40634,73.44549,28.40634,28.40634,28.40634,
28.40634,28.40634,28.40634,28.40634,28.40634,28.40634,28.40634,28.40634,28.40634,28.40634,65.53524,28.40634,82.42506,15.29598,28.40634,28.40634,28.40634,28.40634,28.40634,11.48443,26.85177,28.40634,28.40634,28.40634,28.40634,28.40634,28.40634,28.40634,28.40634,35.23993,
28.40634,28.40634,35.23993,28.40634,28.40634,28.40634,28.40634,28.40634,28.40634,28.40634,28.40634,28.40634,28.40634,28.40634,28.40634,28.40634,28.40634,28.40634,89.54547,28.40634,28.40634,28.40634,28.40634,28.40634,28.40634,28.40634,28.40634,28.40634,28.40634,28.40634,
28.40634,28.40634,28.40634,28.40634,28.40634,28.40634,28.40634,28.40634,28.40634,35.23993,28.40634,28.40634,28.40634,28.40634,28.40634,28.40634,28.40634,28.40634,28.40634,28.40634,28.40634,28.40634,28.40634,28.40634,28.40634,28.40634,28.40634,28.40634,28.40634,28.40634,
28.40634,28.40634,28.40634,52.83022,28.40634,28.40634,28.40634,28.40634,28.40634,28.40634,28.40634,28.40634,28.40634,28.40634,28.40634,28.40634,28.40634,28.40634,28.40634,28.40634,28.40634,28.40634,28.40634,28.40634,28.40634,51.71196,28.40634,28.40634,28.40634,14.36282,
28.40634,28.40634,28.40634,28.40634,28.40634,28.40634,28.40634,28.40634,28.40634,28.40634,28.40634,51.71196,28.40634,28.40634,28.40634,28.40634,28.40634,28.40634,28.40634,28.40634,28.40634,28.40634,28.40634,28.40634,28.40634,28.40634,28.40634,28.40634,28.40634,28.40634,
28.40634,28.40634,28.40634,51.71196,28.40634,28.40634,28.40634,28.40634,28.40634,28.40634,28.40634,28.40634,28.40634,28.40634,28.40634,28.40634,51.71196,28.40634,28.40634,28.40634,28.40634,28.40634,28.40634,28.40634,75.12856,28.40634,28.40634,28.40634,28.40634,28.40634,
28.40634,28.40634,28.40634,28.40634,28.40634,10.57216,28.40634,28.40634,28.40634,28.40634,28.40634,28.40634,28.40634,11.12171,28.40634,28.40634,28.40634,28.40634,28.40634,28.40634,28.40634,28.40634,50.63108,28.40634,28.40634,28.40634,28.40634,28.40634,28.40634,28.40634,
28.40634,28.40634,28.40634,28.40634,28.40634,28.40634,28.40634,28.40634,28.40634,28.40634,28.40634,28.40634,28.40634,28.40634,72.59223,28.40634,28.40634,28.40634,28.40634,28.40634,28.40634,28.40634,16.81025,28.40634,28.40634,28.40634,28.40634,28.40634,75.28767,28.40634,
28.40634,28.40634,72.59223,28.40634,28.40634,28.40634,28.40634,28.40634,28.40634,28.40634,28.40634,28.40634,28.40634,53.86639,28.40634,28.40634,28.40634,28.40634,28.40634,28.40634,56.43969,28.40634,28.40634,28.40634,75.28767,28.40634,28.40634,28.40634,28.40634,28.40634,
28.40634,28.40634,28.40634,28.40634,28.40634,28.40634,28.40634,14.65127,28.40634,28.40634,28.40634,28.40634,28.40634,28.40634,28.40634,28.40634,28.40634,28.40634,28.40634,56.43969,28.40634,28.40634,28.40634,28.40634,28.40634,28.40634,28.40634,28.40634,28.40634,28.40634,
28.40634,28.40634,28.40634,28.40634,28.40634,28.40634,28.40634,28.40634,28.40634,28.40634,13.86994,28.40634,28.40634,28.40634,28.40634,28.40634,28.40634,28.40634,51.49593,28.40634,28.40634,28.40634,28.40634,28.40634,28.40634,28.40634,28.40634,28.40634,28.40634,28.40634,
28.40634,28.40634,83.28905,28.40634,28.40634,28.40634,28.40634,21.65548,28.40634,28.40634,28.40634,28.40634,62.37302,28.40634,28.40634,28.40634,28.40634,28.40634,28.40634,28.40634,28.40634,28.40634,31.09697,28.40634,28.40634,28.40634,28.40634,84.16281,28.40634,28.40634,
28.40634,28.40634,28.40634,28.40634,28.40634,28.40634,28.40634,28.40634,28.40634,28.40634,31.09697,28.40634,83.28905,28.40634,28.40634,28.40634,10.98926,28.40634,28.40634,28.40634,28.40634,31.09697,28.40634,28.40634,28.40634,28.40634,31.09697,28.40634,28.40634,28.40634,
28.40634,28.40634,28.40634,28.40634,28.40634,28.40634,28.40634,28.40634,28.40634,28.40634,28.40634,28.40634,28.40634,28.40634,28.40634,28.40634,28.40634,28.40634,28.40634,28.40634,28.40634,28.40634,28.40634,28.40634,28.40634,28.40634,28.40634,28.40634,28.40634,28.40634,
28.40634,28.40634,28.40634,28.40634,79.06661,28.40634,28.40634,28.40634,28.40634,28.40634,28.40634,28.40634,28.40634,28.40634,28.40634,28.40634,28.40634,28.40634,28.40634,28.40634,28.40634,28.40634,28.40634,28.40634,28.40634,28.40634,28.40634,28.40634,28.40634,28.40634,
28.40634,28.40634,50.88426,28.40634,28.40634,79.06661,28.40634,28.40634,28.40634,28.40634,28.40634,28.40634,28.40634,28.40634,28.40634,28.40634,79.67355,28.40634,28.40634,28.40634,28.40634,28.40634,97.29486,28.40634,28.40634,28.40634,28.40634,28.40634,28.40634,28.40634,
28.40634,28.40634,28.40634,28.40634,28.40634,28.40634,28.40634,50.88426,28.40634,28.40634,28.40634,28.40634,28.40634,28.40634,28.40634,28.40634,28.40634,28.40634,28.40634,28.40634,28.40634,77.62859,28.40634,28.40634,28.40634,28.40634,28.40634,28.40634,28.40634,28.40634,
28.40634,28.40634,28.40634,28.40634,28.40634,28.40634,28.40634,28.40634,28.40634,28.40634,28.40634,28.40634,28.40634,28.40634,28.40634,28.40634,28.40634,28.40634,28.40634,28.40634,50.88426,28.40634,28.40634,28.40634,28.40634,28.40634,28.40634,84.49171,19.6699,28.40634,
28.40634,28.40634,28.40634,28.40634,28.40634,28.40634,28.40634,28.40634,84.49171,28.40634,28.40634,28.40634,28.40634,28.40634,28.40634,28.40634,28.40634,28.40634,28.40634,28.40634,28.40634,28.40634,28.40634,28.40634,28.40634,28.40634,21.27655,28.40634,28.40634,28.40634,
28.40634,28.40634,28.40634,28.40634,28.40634,28.40634,28.40634,28.40634,28.40634,28.40634,28.40634,28.40634,28.40634,28.40634,28.40634,28.40634,28.40634,28.40634,28.40634,28.40634,28.40634,28.40634,28.40634,28.40634,28.40634,28.40634,28.40634,48.13093,28.40634,28.40634,
28.40634,28.40634,28.40634,28.40634,28.40634,28.40634,28.40634,28.40634,28.40634,28.40634,28.40634,28.40634,28.40634,28.40634,48.13093,28.40634,28.40634,28.40634,28.40634,48.13093,28.40634,28.40634,28.40634,28.40634,28.40634,28.40634,28.40634,48.13093,28.40634,28.40634,
28.40634,28.40634,28.40634,28.40634,28.40634,28.40634,28.40634,28.40634,28.40634,28.40634,28.40634,28.40634,28.40634,28.40634,28.40634,28.40634,28.40634,28.40634,28.40634,28.40634,28.40634,28.40634,28.40634,28.40634,28.40634,28.40634,28.40634,28.40634,28.40634,28.40634,
28.40634,28.40634,28.40634,28.40634,28.40634,28.40634,28.40634,28.40634,28.40634,28.40634,28.40634,28.40634,28.40634,28.40634,28.40634,28.40634,28.40634,28.40634,28.40634,28.40634,28.40634,28.40634,28.40634,28.40634,28.40634,28.40634,28.40634,28.40634,28.40634,28.40634,
28.40634,28.40634,28.40634,81.39077,28.40634,28.40634,28.40634,28.40634,28.40634,28.40634,28.40634,28.40634,28.40634,28.40634,28.40634,36.77118,28.40634,28.40634,58.12033,28.40634,28.40634,28.40634,65.1125,28.40634,28.40634,28.40634,28.40634,28.40634,28.40634,28.40634,
28.40634,28.40634,28.40634,28.40634,97.77149,28.40634,28.40634,28.40634,28.40634,28.40634,28.40634,28.40634,28.40634,28.40634,28.40634,28.40634,28.40634,28.40634,37.58624,28.40634,28.40634,28.40634,28.40634,28.40634,28.40634,28.40634,28.40634,28.40634,28.40634,28.40634,
28.40634,28.40634,28.40634,28.40634,28.40634,37.58624,28.40634,28.40634,28.40634,28.40634,28.40634,28.40634,28.40634,37.58624,28.40634,28.40634,28.40634,28.40634,28.40634,28.40634,28.40634,28.40634,28.40634,63.86965,28.40634,28.40634,28.40634,28.40634,28.40634,84.14824,
28.40634,28.40634,28.40634,28.40634,28.40634,28.40634,28.40634,28.40634,69.86577,28.40634,28.40634,28.40634,28.40634,28.40634,28.40634,28.40634,37.58624,28.40634,28.40634,28.40634,28.40634,28.40634,28.40634,28.40634,37.58624,66.40608,28.40634,28.40634,28.40634,28.40634,
28.40634,28.40634,28.40634,28.40634,28.40634,28.40634,28.40634,28.40634,28.40634,28.40634,28.40634,28.40634,28.40634,28.40634,28.40634,55.98666,28.40634,28.40634,28.40634,28.40634,28.40634,28.40634,28.40634,28.40634,28.40634,28.40634,28.40634,28.40634,28.40634,37.39659,
28.40634,28.40634,28.40634,28.40634,28.40634,28.40634,28.40634,37.39659,55.98666,28.40634,28.40634,28.40634,28.40634,28.40634,28.40634,28.40634,28.40634,28.40634,28.40634,28.40634,28.40634,28.40634,28.40634,28.40634,28.40634,28.40634,28.40634,28.40634,53.72091,28.40634,
28.40634,28.40634,28.40634,28.40634,28.40634,28.40634,28.40634,28.40634,28.40634,28.40634,28.40634,28.40634,28.40634,28.40634,28.40634,28.40634,28.40634,28.40634,28.40634,28.40634,28.40634,28.40634,68.47382,28.40634,28.40634,28.40634,28.40634,28.40634,28.40634,28.40634,
28.40634,28.40634,28.40634,68.47382,28.40634,28.40634,28.40634,28.40634,28.40634,28.40634,28.40634,28.40634,28.40634,28.40634,28.40634,28.40634,28.40634,28.40634,28.40634,28.40634,28.40634,28.40634,28.40634,28.40634,28.40634,28.40634,28.40634,28.40634,28.40634,28.40634,
28.40634,28.40634,28.40634,28.40634,28.40634,28.40634,28.40634,28.40634,28.40634,28.40634,28.40634,28.40634,28.40634,28.40634,28.40634,28.40634,39.73991,28.40634,28.40634,28.40634,28.40634,28.40634,28.40634,28.40634,28.40634,28.40634,28.40634,28.40634,28.40634,28.40634,
28.40634,28.40634,73.35712,28.40634,28.40634,28.40634,28.40634,28.40634,28.40634,28.40634,28.40634,28.40634,28.40634,28.40634,28.40634,28.40634,82.50752,28.40634,28.40634,28.40634,28.40634,58.562,28.40634,28.40634,28.40634,28.40634,28.40634,28.40634,28.40634,28.40634,
28.40634,28.40634,28.40634,28.40634,28.40634,28.40634,28.40634,28.40634,28.40634,28.40634,28.40634,28.40634,19.78711,28.40634,28.40634,28.40634,28.40634,28.40634,28.40634,28.40634,28.40634,28.40634,28.40634,82.50752,28.40634,28.40634,28.40634,28.40634,28.40634,28.40634,
28.40634,28.40634,28.40634,28.40634,28.40634,28.40634,28.40634,28.40634,28.40634,15.23575,28.40634,28.40634,31.6998,28.40634,28.40634,28.40634,28.40634,65.40485,28.40634,28.40634,28.40634,28.40634,28.40634,28.40634,28.40634,28.40634,28.40634,28.40634,28.40634,28.40634,
28.40634,28.40634,52.57659,28.40634,28.40634,28.40634,28.40634,28.40634,65.40485,31.6998,28.40634,28.40634,28.40634,28.40634,28.40634,28.40634,15.50267,28.40634,28.40634,28.40634,28.40634,28.40634,28.40634,28.40634,28.40634,28.40634,28.40634,28.40634,28.40634,28.40634,
28.40634,28.40634,28.40634,28.40634,28.40634,28.40634,65.40485,28.40634,28.40634,28.40634,21.24967,28.40634,28.40634,32.41187,28.40634,28.40634,28.40634,28.40634,28.40634,64.15796,28.40634,31.6998,28.40634,28.40634,28.40634,28.40634,28.40634,28.40634,28.40634,28.40634,
28.40634,28.40634,28.40634,28.40634,78.98685,31.6998,28.40634,28.40634,28.40634,28.40634,28.40634,28.40634,28.40634,28.40634,89.93217,28.40634,28.40634,28.40634,28.40634,28.40634,59.70938,28.40634,28.40634,28.40634,28.40634,64.15796,28.40634,28.40634,28.40634,28.40634,
28.40634,28.40634,90.07343,28.40634,28.40634,28.40634,31.6998,28.40634,28.40634,28.40634,28.40634,31.6998,28.40634,28.40634,28.40634,28.40634,28.40634,28.40634,28.40634,28.40634,28.40634,28.40634,28.40634,28.40634,28.40634,28.40634,28.40634,28.40634,28.40634,28.40634,
28.40634,28.40634,28.40634,28.40634,28.40634,28.40634,28.40634,28.40634,28.40634,28.40634,28.40634,28.40634,28.40634,28.40634,28.40634,28.40634,28.40634,28.40634,18.03897,28.40634,28.40634,28.40634,28.40634,28.40634,28.40634,28.40634,28.40634,28.40634,87.53242,28.40634,
28.40634,28.40634,28.40634,28.40634,28.40634,28.40634,28.40634,28.40634,28.40634,28.40634,28.40634,28.40634,28.40634,28.40634,28.40634,28.40634,28.40634,28.40634,28.40634,28.40634,28.40634,28.40634,28.40634,28.40634,28.40634,28.40634,28.40634,28.40634,28.40634,28.40634,
28.40634,28.40634,28.40634,28.40634,28.40634,28.40634,28.40634,28.40634,28.40634,28.40634,28.40634,28.40634,28.40634,28.40634,28.40634,28.40634,28.40634,28.40634,28.40634,28.40634,28.40634,28.40634,28.40634,28.40634,28.40634,28.40634,28.40634,28.40634,28.40634,28.40634,
28.40634,28.40634,28.40634,28.40634,28.40634,28.40634,28.40634,28.40634,28.40634,28.40634,28.40634,28.40634,28.40634,28.40634,28.40634,21.2718,28.40634,28.40634,28.40634,28.40634,28.40634,28.40634,91.56483,28.40634,28.40634,28.40634,28.40634,28.40634,28.40634,28.40634,
28.40634,28.40634,28.40634,28.40634,28.40634,28.40634,28.40634,28.40634,28.40634,28.40634,28.40634,28.40634,28.40634,28.40634,28.40634,28.40634,28.40634,28.40634,28.40634,28.40634,28.40634,28.40634,28.40634,37.23828,28.40634,28.40634,91.56483,28.40634,28.40634,28.40634,
28.40634,28.40634,28.40634,81.63069,28.40634,28.40634,28.40634,28.40634,28.40634,28.40634,28.40634,28.40634,28.40634,28.40634,28.40634,28.40634,28.40634,28.40634,28.40634,28.40634,28.40634,28.40634,28.40634,28.40634,28.40634,28.40634,28.40634,28.40634,46.78996,28.40634,
28.40634,28.40634,28.40634,28.40634,28.40634,28.40634,28.40634,28.40634,28.40634,28.40634,28.40634,28.40634,28.40634,28.40634,28.40634,28.40634,28.40634,28.40634,99.11838,28.40634,28.40634,28.40634,28.40634,28.40634,28.40634,28.40634,28.40634,28.40634,28.40634,28.40634,
28.40634,28.40634,28.40634,28.40634,28.40634,76.28387,28.40634,28.40634,28.40634,28.40634,28.40634,28.40634,28.40634,28.40634,28.40634,28.40634,28.40634,28.40634,28.40634,28.40634,28.40634,28.40634,67.80505,63.06831,28.40634,28.40634,28.50203,28.40634,28.40634,24.0814,
28.40634,28.40634,67.80505,28.40634,28.40634,28.40634,28.40634,28.40634,28.40634,28.40634,28.40634,28.40634,28.40634,28.40634,28.40634,28.40634,28.40634,28.40634,28.40634,28.40634,28.40634,28.40634,28.40634,28.40634,28.40634,28.40634,28.40634,28.40634,28.40634,28.40634,
28.40634,28.40634,28.40634,28.40634,28.40634,28.40634,28.40634,28.40634,28.40634,28.40634,28.40634,46.8517,28.40634,28.40634,28.40634,28.40634,28.40634,28.40634,28.40634,28.40634,28.40634,28.40634,28.40634,28.40634,28.40634,28.40634,28.40634,28.40634,28.40634,28.40634,
28.40634,28.40634,28.40634,97.49871,28.40634,28.40634,28.40634,28.40634,28.40634,28.40634,22.05161,28.40634,28.40634,28.40634,28.40634,28.40634,28.40634,28.40634,28.40634,28.40634,28.40634,28.40634,34.30626,28.40634,28.40634,28.40634,28.40634,28.40634,28.40634,28.40634,
28.40634,28.40634,28.40634,28.40634,28.40634,28.40634,28.40634,28.40634,28.40634,28.40634,28.40634,93.45965,28.40634,28.40634,28.40634,28.40634,28.40634,28.40634,34.30626,28.40634,28.40634,34.30626,34.30626,28.40634,28.40634,28.40634,28.40634,28.40634,28.40634,28.40634,
28.40634,28.40634,86.0836,28.40634,91.06666,28.40634,28.40634,28.40634,28.40634,28.40634,28.40634,28.40634,28.40634,28.40634,28.40634,28.40634,28.40634,28.40634,28.40634,28.40634,28.40634,28.40634,28.40634,28.40634,28.40634,28.40634,28.40634,28.40634,28.40634,28.40634,
28.40634,28.40634,28.40634,28.40634,28.40634,28.40634,28.40634,86.0836,28.40634,28.40634,28.40634,28.40634,28.40634,28.40634,28.40634,28.40634,28.40634,28.40634,13.74404,28.40634,28.40634,28.40634,28.40634,28.40634,28.40634,28.40634,28.40634,28.40634,28.40634,28.40634,
28.40634,28.40634,28.40634,28.40634,28.40634,28.40634,28.40634,86.0836,28.40634,28.40634,28.40634,28.40634,28.40634,28.40634,28.40634,28.40634,86.0836,28.40634,28.40634,28.40634,28.40634,28.40634,28.40634,28.40634,28.40634,28.40634,28.40634,28.40634,28.40634,28.40634,
28.40634,28.40634,28.40634,38.83718,28.40634,28.40634,28.40634,28.40634,28.40634,28.40634,28.40634,28.40634,28.40634,28.40634,28.40634,28.40634,22.10189,28.40634,28.40634,28.40634,28.40634,28.40634,28.40634,28.40634,28.40634,28.40634,28.40634,28.40634,28.40634,28.40634,
28.40634,28.40634,28.40634,28.40634,28.40634,28.40634,28.40634,82.39803,28.40634,28.40634,28.40634,28.40634,28.40634,28.40634,28.40634,28.40634,38.83718,28.40634,28.40634,28.40634,28.40634,22.10189,28.40634,28.40634,28.40634,38.83718,28.40634,28.40634,28.40634,28.40634,
28.40634,28.40634,28.40634,28.40634,28.40634,28.40634,28.40634,28.40634,28.40634,38.83718,54.72703,28.40634,28.40634,28.40634,28.40634,28.40634,28.40634,28.40634,28.40634,28.40634,28.40634,28.40634,28.40634,85.19895,28.40634,28.40634,28.40634,52.68305,28.40634,28.40634,
28.40634,28.40634,28.40634,28.40634,28.40634,28.40634,28.40634,28.40634,28.40634,28.40634,28.40634,28.40634,28.40634,28.40634,28.40634,28.40634,28.40634,28.40634,28.40634,28.40634,28.40634,28.40634,28.40634,87.61343,28.40634,28.40634,28.40634,28.40634,28.40634,28.40634,
28.40634,28.40634,28.40634,28.40634,28.40634,28.40634,28.40634,28.40634,28.40634,28.40634,28.40634,28.40634,28.40634,28.40634,28.40634,28.40634,28.40634,28.40634,28.40634,28.40634,28.40634,28.40634,28.40634,28.40634,28.40634,28.40634,28.40634,28.40634,28.40634,28.40634,
28.40634,28.40634,28.40634,28.40634,28.40634,28.40634,28.40634,28.40634,28.40634,28.40634,28.40634,28.40634,28.40634,28.40634,28.40634,28.40634,28.40634,28.40634,28.40634,28.40634,28.40634,28.40634,28.40634,28.40634,28.40634,28.40634,28.40634,28.40634,28.40634,28.40634,
28.40634,28.40634,28.40634,28.40634,28.40634,28.40634,66.50651,28.40634,28.40634,28.40634,28.40634,43.10099,28.40634,28.40634,28.40634,55.75474,28.40634,75.13281,28.40634,28.40634,28.40634,28.40634,28.40634,28.40634,28.40634,28.40634,28.40634,28.40634,28.40634,28.40634,
28.40634,28.40634,28.40634,28.40634,28.40634,28.40634,28.40634,28.40634,28.40634,28.40634,28.40634,28.40634,28.40634,75.13281,28.40634,28.40634,28.40634,28.40634,66.50651,28.40634,28.40634,28.40634,28.40634,28.40634,28.40634,28.40634,28.40634,43.10099,28.40634,28.40634,
28.40634,28.40634,28.40634,28.40634,28.40634,28.40634,28.40634,28.40634,28.40634,28.40634,28.40634,28.40634,28.40634,43.10099,28.40634,28.40634,75.13281,28.40634,28.40634,28.40634,28.40634,28.40634,28.40634,28.40634,29.45569,28.40634,28.40634,28.40634,28.40634,28.40634,
28.40634,28.40634,28.40634,28.40634,28.40634,28.40634,28.40634,60.54301,28.40634,28.40634,28.40634,28.40634,28.40634,28.40634,28.40634,75.13281,28.40634,28.40634,28.40634,28.40634,28.40634,28.40634,28.40634,28.40634,28.40634,28.40634,28.40634,28.40634,28.40634,28.40634,
28.40634,28.40634,28.40634,28.40634,28.40634,28.40634,28.40634,28.40634,28.40634,28.40634,60.54301,60.54301,28.40634,28.40634,28.40634,28.40634,28.40634,28.40634,28.40634,28.40634,28.40634,28.40634,28.40634,28.40634,28.40634,28.40634,28.40634,28.40634,87.71007,28.40634,
28.40634,28.40634,28.40634,28.40634,28.40634,28.40634,28.40634,30.69658,49.08958,28.40634,28.40634,28.40634,28.40634,28.40634,28.40634,28.40634,80.66829,28.40634,28.40634,28.40634,28.40634,28.40634,28.40634,28.40634,28.40634,28.40634,28.40634,28.40634,28.40634,28.40634,
28.40634,28.40634,28.40634,28.40634,28.40634,28.40634,80.66829,28.40634,28.40634,28.40634,28.40634,28.40634,28.40634,28.40634,28.40634,28.40634,95.3254,28.40634,28.40634,28.40634,28.40634,28.40634,28.40634,28.40634,28.40634,28.40634,28.40634,28.40634,28.40634,28.40634,
28.40634,28.40634,28.40634,28.40634,28.40634,28.40634,91.40315,28.40634,28.40634,28.40634,28.40634,28.40634,46.84213,28.40634,28.40634,28.40634,28.40634,28.40634,28.40634,28.40634,28.40634,28.40634,28.40634,28.40634,28.40634,28.40634,80.66829,28.40634,43.40094,28.40634,
28.40634,28.40634,28.40634,28.40634,28.40634,28.40634,28.40634,43.40094,28.40634,28.40634,28.40634,28.40634,28.40634,28.40634,28.40634,28.40634,28.40634,28.40634,28.40634,28.40634,28.40634,28.40634,28.40634,28.40634,31.65922,28.40634,28.40634,28.40634,28.40634,28.40634,
28.40634,28.40634,28.40634,28.40634,43.40094,28.40634,28.40634,28.40634,28.40634,28.40634,28.40634,28.40634,28.40634,28.40634,28.40634,28.40634,28.40634,80.79658,28.40634,28.40634,28.40634,28.40634,28.40634,28.40634,28.40634,31.65922,28.40634,28.40634,28.40634,28.40634,
28.40634,28.40634,31.65922,28.40634,28.40634,28.40634,28.40634,28.40634,28.40634,28.40634,28.40634,28.40634,28.40634,28.40634,31.65922,28.40634,28.40634,28.40634,31.65922,28.40634,28.40634,28.40634,28.40634,28.40634,28.40634,28.40634,28.40634,28.40634,28.40634,28.40634,
28.40634,28.40634,28.40634,28.40634,28.40634,28.40634,28.40634,28.40634,28.40634,28.40634,28.40634,28.40634,28.40634,28.40634,28.40634,28.40634,88.31665,28.40634,28.40634,28.40634,28.40634,31.65922,28.40634,28.40634,28.40634,31.65922,28.40634,28.40634,28.40634,28.40634,
28.40634,28.40634,28.40634,28.40634,28.40634,28.40634,28.40634,28.40634,31.65922,28.40634,28.40634,28.40634,60.93717,28.40634,28.40634,28.40634,31.65922,28.40634,28.40634,28.40634,28.40634,28.40634,28.40634,28.40634,28.40634,28.40634,28.40634,96.33842,28.40634,28.40634,
28.40634,28.40634,28.40634,28.40634,28.40634,28.40634,28.40634,28.40634,28.40634,28.40634,28.40634,31.65922,28.40634,28.40634,28.40634,28.40634,36.04019,28.40634,59.33104,28.40634,28.40634,28.40634,28.40634,28.40634,28.40634,28.40634,28.40634,28.40634,96.33842,28.40634,
28.40634,28.40634,28.40634,28.40634,28.40634,28.40634,28.40634,28.40634,28.40634,28.40634,28.40634,28.40634,28.40634,28.40634,28.40634,77.96478,28.40634,28.40634,28.40634,28.40634,28.40634,28.40634,28.40634,28.40634,28.40634,28.40634,28.40634,28.40634,36.04019,28.40634,
28.40634,28.40634,28.40634,28.40634,28.40634,36.04019,28.40634,28.40634,28.40634,28.40634,28.40634,28.40634,28.40634,28.40634,28.40634,28.40634,61.70625,28.40634,36.04019,28.40634,28.40634,28.40634,28.40634,28.40634,28.40634,28.40634,28.40634,28.40634,28.40634,28.40634,
28.40634,28.40634,91.35165,28.40634,28.40634,28.40634,28.40634,28.40634,28.40634,28.40634,28.40634,28.40634,28.40634,28.40634,28.40634,28.40634,28.40634,28.40634,28.40634,28.40634,28.40634,28.40634,28.40634,28.40634,28.40634,28.40634,28.40634,28.40634,28.40634,28.40634,
28.40634,28.40634,28.40634,28.40634,53.44188,28.40634,28.40634,91.35165,28.40634,28.40634,28.40634,28.40634,28.40634,28.40634,28.40634,28.40634,28.40634,28.40634,28.40634,28.40634,28.40634,28.40634,28.40634,28.40634,28.40634,28.40634,28.40634,28.40634,28.40634,28.40634,
28.40634,28.40634,24.80281,28.40634,28.40634,28.40634,28.40634,28.40634,28.40634,28.40634,28.40634,28.40634,28.40634,28.40634,28.40634,28.40634,28.40634,28.40634,28.40634,28.40634,28.40634,28.40634,28.40634,28.40634,28.40634,28.40634,28.40634,28.40634,28.40634,28.40634,
28.40634,28.40634,28.40634,28.40634,28.40634,28.40634,28.40634,28.40634,28.40634,28.40634,28.40634,28.40634,28.40634,28.40634,28.40634,28.40634,28.40634,28.40634,28.40634,28.40634,28.40634,28.40634,28.40634,28.40634,28.40634,28.40634,28.40634,28.40634,28.40634,28.40634,
28.40634,28.40634,28.40634,28.40634,28.40634,28.40634,28.40634,28.40634,28.40634,28.40634,28.40634,28.40634,28.40634,28.40634,28.40634,28.40634,28.40634,28.40634,28.40634,28.40634,28.40634,28.40634,28.40634,28.40634,28.40634,28.40634,28.40634,28.40634,28.40634,28.40634,
28.40634,28.40634,28.40634,28.40634,28.40634,28.40634,28.40634,28.40634,28.40634,28.40634,28.40634,28.40634,28.40634,28.40634,28.40634,28.40634,28.40634,28.40634,28.40634,28.40634,28.40634,28.40634,28.40634,28.40634,28.40634,28.40634,28.40634,28.40634,28.40634,28.40634,
28.40634,28.40634,28.40634,28.40634,28.40634,77.21962,28.40634,28.40634,28.40634,28.40634,28.40634,28.40634,28.40634,28.40634,28.40634,76.54203,30.56807,28.40634,28.40634,28.40634,98.92877,28.40634,28.40634,28.40634,28.40634,28.40634,28.40634,28.40634,28.40634,28.40634,
28.40634,28.40634,28.40634,28.40634,28.40634,28.40634,28.40634,98.92877,30.56807,28.40634,28.40634,28.40634,28.40634,28.40634,28.40634,28.40634,28.40634,28.40634,28.40634,28.40634,28.40634,28.40634,28.40634,28.40634,28.40634,28.40634,92.03185,28.40634,28.40634,28.40634,
28.40634,28.40634,28.40634,28.40634,28.40634,28.40634,28.40634,28.40634,28.40634,28.40634,83.45744,28.40634,81.29951,28.40634,28.40634,28.40634,28.40634,28.40634,28.40634,28.40634,28.40634,20.55298,28.40634,28.40634,28.40634,28.40634,78.42377,28.40634,28.40634,96.33683,
28.40634,28.40634,28.40634,28.40634,28.40634,28.40634,28.40634,28.40634,28.40634,28.40634,23.28585,28.40634,28.40634,28.40634,28.40634,28.40634,28.40634,28.40634,28.40634,51.57244,28.40634,98.61337,83.45744,28.40634,28.40634,28.40634,28.40634,28.40634,28.40634,28.40634,
28.40634,28.40634,28.40634,28.40634,98.61337,28.40634,28.40634,28.40634,28.40634,28.40634,28.40634,65.02081,28.40634,28.40634,28.40634,28.40634,28.40634,85.94838,28.40634,28.40634,51.57244,28.40634,51.57244,28.40634,28.40634,28.40634,28.40634,28.40634,28.40634,28.40634,
28.40634,28.40634,28.40634,28.40634,28.40634,46.9744,28.40634,28.40634,28.40634,77.03918,28.40634,30.169,28.40634,28.40634,28.40634,28.40634,28.40634,28.40634,28.40634,28.40634,28.40634,28.40634,28.40634,28.40634,28.40634,28.40634,43.07182,28.40634,28.40634,28.40634,
28.40634,28.40634,28.40634,28.40634,28.40634,28.40634,28.40634,28.40634,28.40634,28.40634,28.40634,28.40634,28.40634,99.19571,28.40634,28.40634,28.40634,28.40634,28.40634,43.07182,28.40634,28.40634,28.40634,28.40634,28.40634,28.40634,28.40634,28.40634,28.40634,30.169,
28.40634,28.40634,28.40634,28.40634,28.40634,28.40634,30.169,28.40634,28.40634,28.40634,28.40634,28.40634,30.169,28.40634,28.40634,28.40634,28.40634,28.40634,28.40634,28.40634,30.169,28.40634,28.40634,28.40634,28.40634,28.40634,28.40634,28.40634,28.40634,28.40634,
28.40634,28.40634,28.40634,48.28959,28.40634,28.40634,30.169,30.169,28.40634,28.40634,28.40634,28.40634,28.40634,28.40634,28.40634,28.40634,28.40634,28.40634,28.40634,30.169,28.40634,28.40634,28.40634,30.169,28.40634,28.40634,28.40634,28.40634,28.40634,30.169,
28.40634,28.40634,28.40634,28.40634,28.40634,30.169,28.40634,30.169,30.169,28.40634,70.82813,28.40634,28.40634,28.40634,28.40634,73.9659,28.40634,30.169,28.40634,28.40634,69.13931,28.40634,28.40634,28.40634,28.40634,28.40634,28.40634,28.40634,28.40634,28.40634,
28.40634,28.40634,30.169,28.40634,28.40634,28.40634,28.40634,28.40634,30.169,30.169,28.40634,28.40634,28.40634,28.40634,28.40634,28.40634,28.40634,28.40634,28.40634,28.40634,21.53083,28.40634,28.40634,28.40634,28.40634,28.40634,28.40634,28.40634,28.40634,28.40634,
28.40634,28.40634,28.40634,28.40634,30.169,28.40634,28.40634,30.169,30.169,28.40634,28.40634,28.40634,21.59419,28.40634,30.169,28.40634,28.40634,28.40634,28.40634,28.40634,28.40634,30.169,74.15532,28.40634,28.40634,28.40634,42.44881,28.40634,28.40634,30.169,
28.40634,28.40634,28.40634,28.40634,30.169,28.40634,28.40634,77.24109,28.40634,87.17627,28.40634,30.169,28.40634,30.169,28.40634,28.40634,28.40634,30.169,28.40634,30.169,30.169,28.40634,28.40634,30.169,28.40634,28.40634,28.40634,28.40634,28.40634,28.40634,
28.40634,28.40634,28.40634,28.40634,30.169,28.40634,28.40634,28.40634,86.83317,28.40634,30.169,30.169,28.40634,28.40634,28.40634,28.40634,28.40634,28.40634,30.169,28.40634,28.40634,28.40634,28.40634,30.169,28.40634,55.69269,28.40634,28.40634,28.40634,30.169,
28.40634,28.40634,28.40634,28.40634,28.40634,28.40634,28.40634,28.40634,28.40634,28.40634,30.169,28.40634,28.40634,30.169,28.40634,28.40634,55.69269,28.40634,28.40634,30.169,28.40634,30.169,28.40634,28.40634,28.40634,28.40634,28.40634,28.40634,28.40634,30.169,
28.40634,28.40634,28.40634,28.40634,28.40634,28.40634,28.40634,28.40634,28.40634,28.40634,28.40634,28.40634,28.40634,28.40634,28.40634,28.40634,28.40634,28.40634,28.40634,30.169,28.40634,28.40634,28.40634,30.169,28.40634,28.40634,28.40634,30.169,28.40634,30.169,
28.40634,28.40634,30.169,28.40634,49.29262,28.40634,28.40634,28.40634,28.40634,30.169,30.169,28.40634,30.169,28.40634,28.40634,28.40634,30.169,28.40634,28.40634,28.40634,28.40634,30.169,28.40634,12.54875,28.40634,28.40634,28.40634,28.40634,30.169,28.40634,
28.40634,28.40634,30.169,28.40634,28.40634,28.48502,28.40634,28.40634,30.169,92.81658,28.40634,28.40634,28.40634,48.04251,28.40634,30.169,28.40634,28.40634,28.40634,28.40634,28.40634,49.29262,30.169,28.40634,28.40634,28.40634,28.40634,28.40634,28.40634,30.169,
28.40634,28.40634,30.169,28.40634,28.40634,49.29262,28.40634,28.40634,30.169,28.40634,28.40634,28.40634,28.40634,28.40634,28.40634,28.40634,30.169,28.40634,49.29262,30.169,28.40634,30.169,28.40634,30.169,30.169,28.40634,28.40634,28.40634,28.40634,28.40634,
28.40634,28.40634,28.40634,28.40634,28.40634,30.169,28.40634,28.40634,28.40634,28.40634,28.40634,28.40634,28.40634,28.40634,28.40634,28.40634,28.40634,28.40634,30.169,28.40634,30.169,28.40634,28.40634,30.169,28.40634,28.40634,28.40634,28.40634,28.40634,28.40634,
28.40634,28.40634,28.40634,28.40634,28.40634,30.169,28.40634,28.40634,28.40634,28.40634,28.40634,28.40634,28.40634,28.40634,28.40634,30.169,28.40634,28.40634,28.40634,28.40634,30.169,28.40634,30.169,28.40634,28.40634,28.40634,28.40634,28.40634,28.40634,28.40634,
28.40634,28.40634,28.40634,28.40634,28.40634,28.40634,28.40634,28.40634,28.40634,28.40634,30.169,28.40634,28.40634,28.40634,28.40634,30.169,28.40634,30.169,28.40634,28.40634,28.40634,28.40634,30.169,28.40634,30.169,28.40634,28.40634,28.40634,28.40634,28.40634,
28.40634,28.40634,30.169,28.40634,28.40634,30.169,28.40634,30.169,94.8898,28.40634,28.40634,30.169,28.40634,28.40634,28.40634,28.40634,28.40634,28.40634,30.169,28.40634,28.40634,28.40634,28.40634,45.0338,28.40634,28.40634,28.40634,28.40634,28.40634,28.40634,
28.40634,28.40634,94.8898,28.40634,28.40634,28.40634,30.169,28.40634,28.40634,30.169,30.169,28.40634,28.40634,30.169,28.40634,28.40634,30.169,28.40634,28.40634,45.0338,28.40634,28.40634,30.169,28.40634,28.40634,28.40634,28.40634,28.40634,30.169,28.40634,
28.40634,28.40634,28.40634,28.40634,28.40634,28.40634,30.169,30.169,28.40634,30.169,28.40634,30.169,28.40634,30.169,30.169,28.40634,30.169,28.40634,30.169,30.169,28.40634,28.40634,28.40634,30.169,30.169,28.40634,30.86357,30.169,28.40634,28.40634,
28.40634,28.40634,28.40634,28.40634,28.40634,30.169,28.40634,28.40634,45.16073,28.40634,28.40634,28.40634,28.40634,30.169,28.40634,30.169,28.40634,30.86357,28.40634,30.86357,30.169,30.169,30.169,30.169,28.40634,30.169,30.169,30.169,30.169,28.40634,
28.40634,28.40634,28.40634,28.40634,28.40634,28.40634,28.40634,28.40634,30.169,69.08746,30.86357,30.169,89.43291,30.169,28.40634,28.40634,28.40634,28.40634,28.40634,28.40634,30.169,28.40634,28.40634,28.40634,28.40634,28.40634,28.40634,96.04202,30.169,30.169,
28.40634,28.40634,28.40634,28.40634,28.40634,28.40634,28.40634,28.40634,28.40634,28.40634,28.40634,28.40634,30.169,89.43291,28.40634,89.43291,28.40634,30.86357,28.40634,30.169,89.43291,30.169,28.40634,30.169,28.40634,28.40634,28.40634,28.40634,28.40634,28.40634,
28.40634,28.40634,28.40634,28.40634,28.40634,28.40634,63.47519,28.40634,30.169,28.40634,30.169,28.40634,28.40634,28.40634,28.40634,28.40634,28.40634,28.40634,75.48479,28.40634,30.86357,89.43291,28.40634,89.43291,28.40634,28.40634,28.40634,28.40634,28.40634,28.40634,
28.40634,28.40634,28.40634,28.40634,28.40634,28.40634,30.169,28.40634,28.40634,28.40634,89.43291,28.40634,30.169,28.40634,28.40634,28.40634,28.40634,28.40634,28.40634,30.169,28.40634,28.40634,28.40634,30.169,28.40634,28.40634,28.40634,28.40634,28.40634,30.86357,
28.40634,28.40634,28.40634,28.40634,30.169,28.40634,28.40634,28.40634,28.40634,28.40634,28.40634,30.169,28.40634,30.169,84.61272,28.40634,28.40634,28.40634,28.40634,28.40634,28.40634,30.86357,28.40634,28.40634,28.40634,28.40634,28.40634,28.40634,28.40634,30.169,
28.40634,28.40634,28.40634,28.40634,28.40634,28.40634,28.40634,28.40634,28.40634,28.40634,30.169,28.40634,28.40634,70.02317,28.40634,28.40634,28.40634,28.40634,28.40634,28.40634,28.40634,52.61107,28.40634,28.40634,28.40634,28.40634,28.40634,30.169,28.40634,28.40634,
28.40634,28.40634,28.40634,28.40634,28.40634,28.40634,28.40634,28.40634,28.40634,28.40634,28.40634,28.40634,28.40634,28.40634,28.40634,28.40634,28.40634,28.40634,28.40634,28.40634,52.61107,28.40634,28.40634,28.40634,30.169,28.40634,28.40634,28.40634,28.40634,30.169,
28.40634,28.40634,29.25882,28.40634,28.40634,28.40634,28.40634,28.40634,52.61107,28.40634,28.40634,28.40634,30.169,28.40634,28.40634,28.40634,28.40634,28.40634,30.169,30.169,28.40634,28.40634,28.40634,28.40634,28.40634,30.169,28.40634,28.40634,28.40634,30.169,
28.40634,28.40634,28.40634,28.40634,28.40634,30.169,28.40634,28.40634,28.40634,28.40634,28.40634,30.169,28.40634,30.169,28.40634,28.40634,80.95037,28.40634,28.40634,60.55095,28.40634,28.40634,28.40634,28.40634,28.40634,28.40634,28.40634,30.169,28.40634,28.40634,
28.40634,28.40634,30.169,28.40634,28.40634,28.40634,60.55095,30.169,28.40634,28.40634,28.40634,60.55095,28.40634,28.40634,28.40634,28.40634,28.40634,28.40634,28.40634,28.40634,28.40634,28.40634,30.169,28.40634,30.169,28.40634,28.40634,28.40634,28.40634,28.40634,
28.40634,28.40634,28.40634,28.40634,28.40634,28.40634,28.40634,28.40634,30.169,30.169,30.169,28.40634,28.40634,28.40634,28.40634,28.40634,30.169,28.40634,28.40634,28.40634,28.40634,28.40634,28.40634,28.40634,30.169,28.40634,28.40634,66.11052,28.40634,28.40634,
28.40634,28.40634,28.40634,28.40634,28.40634,28.40634,30.169,28.40634,28.40634,28.40634,28.40634,28.40634,28.40634,40.76936,28.40634,28.40634,28.40634,28.40634,28.40634,30.169,28.40634,28.40634,82.21364,28.40634,28.40634,28.40634,28.40634,28.40634,30.169,28.40634,
28.40634,28.40634,28.40634,28.40634,28.40634,28.40634,28.40634,42.30173,28.40634,28.40634,28.40634,28.40634,28.40634,30.169,28.40634,28.40634,28.40634,28.40634,28.40634,28.40634,28.40634,40.76936,28.40634,30.169,30.169,28.40634,28.40634,28.40634,28.40634,28.40634,
28.40634,28.40634,28.40634,28.40634,28.40634,30.169,28.40634,28.40634,28.40634,28.40634,28.40634,28.40634,28.40634,30.169,28.40634,40.76936,28.40634,28.40634,28.40634,28.40634,28.40634,28.40634,28.40634,28.40634,28.40634,40.76936,26.34167,28.40634,30.169,28.40634,
28.40634,28.40634,28.40634,28.40634,28.40634,30.169,54.40121,28.40634,28.40634,28.40634,28.40634,28.40634,36.43194,28.40634,28.40634,28.40634,28.40634,28.40634,28.40634,28.40634,84.48414,26.34167,30.169,28.40634,28.40634,28.40634,28.40634,28.40634,28.40634,28.40634,
28.40634,28.40634,28.40634,28.40634,28.40634,28.40634,30.169,28.40634,28.40634,28.40634,93.54784,28.40634,28.40634,28.40634,28.40634,28.40634,28.40634,28.40634,28.40634,84.48414,84.48414,28.40634,28.40634,28.40634,28.40634,28.40634,28.40634,28.40634,28.40634,28.40634,
28.40634,28.40634,28.40634,28.40634,84.48414,28.40634,28.40634,28.40634,28.40634,28.40634,28.40634,28.40634,28.40634,28.40634,28.40634,31.54218,28.40634,28.40634,28.40634,28.40634,28.40634,28.40634,28.40634,28.40634,28.40634,28.40634,28.40634,28.40634,28.40634,28.40634,
28.40634,28.40634,28.40634,28.40634,28.40634,28.40634,28.40634,28.40634,28.40634,28.40634,31.54218,28.40634,28.40634,31.54218,28.40634,28.40634,28.40634,28.40634,28.40634,28.40634,28.40634,28.40634,28.40634,28.40634,28.40634,41.87305,28.40634,28.40634,28.40634,28.40634,
28.40634,28.40634,28.40634,28.40634,28.40634,28.40634,28.40634,28.40634,31.54218,28.40634,28.40634,28.40634,28.40634,28.40634,41.87305,28.40634,28.40634,31.54218,28.40634,28.40634,28.40634,28.40634,28.40634,28.40634,28.40634,28.40634,28.40634,28.40634,28.40634,28.40634,
28.40634,28.40634,12.834,66.88579,28.40634,28.40634,28.40634,28.40634,28.40634,28.40634,28.40634,28.40634,28.40634,28.40634,31.54218,28.40634,28.40634,28.40634,28.40634,28.40634,28.40634,28.40634,28.40634,28.40634,28.40634,28.40634,28.40634,28.40634,28.40634,28.40634,
28.40634,28.40634,28.40634,28.40634,28.40634,28.40634,52.14312,28.40634,28.40634,28.40634,28.40634,28.40634,28.40634,66.88579,28.40634,28.40634,28.40634,28.40634,28.40634,28.40634,28.40634,28.40634,28.40634,28.40634,28.40634,28.40634,28.40634,28.40634,28.40634,28.40634,
28.40634,28.40634,28.40634,28.40634,28.40634,28.40634,28.40634,28.40634,28.40634,28.40634,28.40634,28.40634,28.40634,41.33341,28.40634,28.40634,28.40634,28.40634,28.40634,28.40634,28.40634,28.40634,28.40634,28.40634,28.40634,10.98293,28.40634,28.40634,28.40634,10.94183,
28.40634,28.40634,28.40634,28.40634,28.40634,28.40634,28.40634,28.40634,28.40634,28.40634,10.94183,28.40634,28.40634,28.40634,28.40634,28.40634,28.40634,28.40634,28.40634,28.40634,28.40634,28.40634,28.40634,28.40634,28.40634,28.40634,28.40634,28.40634,41.33341,28.40634,
28.40634,28.40634,28.40634,28.40634,28.40634,28.40634,28.40634,28.40634,28.40634,28.40634,28.40634,28.40634,28.40634,28.40634,28.40634,28.40634,28.40634,28.40634,28.40634,28.40634,28.40634,28.40634,28.40634,41.33341,46.39947,28.40634,28.40634,28.40634,28.40634,28.40634,
28.40634,28.40634,28.40634,28.40634,28.40634,28.40634,28.40634,28.40634,28.40634,28.40634,28.40634,28.40634,28.40634,28.40634,28.40634,28.40634,28.40634,28.40634,28.40634,28.40634,28.40634,28.40634,28.40634,28.40634,28.40634,28.40634,28.40634,28.40634,28.40634,28.40634,
28.40634,28.40634,28.40634,28.40634,28.40634,28.40634,28.40634,28.40634,28.40634,28.40634,28.40634,28.40634,28.40634,28.40634,28.40634,28.40634,28.40634,28.40634,28.40634,28.40634,28.40634,28.40634,28.40634,28.40634,28.40634,28.40634,32.48301,28.40634,28.40634,28.40634,
28.40634,28.40634,28.40634,32.48301,28.40634,28.40634,28.40634,28.40634,32.48301,28.40634,28.40634,28.40634,28.40634,28.40634,28.40634,28.40634,28.40634,28.40634,28.40634,28.40634,28.40634,28.40634,28.40634,28.40634,28.40634,28.40634,28.40634,28.40634,28.40634,28.40634,
28.40634,28.40634,28.40634,28.40634,28.40634,28.40634,28.40634,28.40634,28.40634,28.40634,28.40634,28.40634,28.40634,28.40634,28.40634,28.40634,28.40634,28.40634,28.40634,36.14412,28.40634,28.40634,28.40634,28.40634,28.40634,28.40634,28.40634,28.40634,28.40634,28.40634,
28.40634,28.40634,28.40634,28.40634,28.40634,28.40634,28.40634,28.40634,28.40634,28.40634,28.40634,28.40634,28.40634,28.40634,28.40634,28.40634,28.40634,28.40634,28.40634,28.40634,28.40634,28.40634,28.40634,28.40634,28.40634,28.40634,28.40634,28.40634,28.40634,28.40634,
28.40634,28.40634,28.40634,28.40634,54.04721,28.40634,28.40634,28.40634,28.40634,28.40634,28.40634,33.17766,28.40634,28.40634,28.40634,28.40634,28.40634,28.40634,28.40634,28.40634,28.40634,28.40634,28.40634,28.40634,28.40634,28.40634,28.40634,15.86654,28.40634,28.40634,
28.40634,28.40634,28.40634,28.40634,28.40634,28.40634,28.40634,28.40634,28.40634,28.40634,28.40634,28.40634,28.40634,28.40634,28.40634,28.40634,28.40634,28.40634,33.17766,28.40634,28.40634,28.40634,28.40634,28.40634,28.40634,28.40634,28.40634,28.40634,81.30898,28.40634,
28.40634,28.40634,28.40634,28.40634,28.40634,28.40634,28.40634,28.40634,28.40634,28.40634,28.40634,28.40634,28.40634,28.40634,28.40634,28.40634,28.40634,28.40634,28.40634,28.40634,28.40634,28.40634,28.40634,33.17766,28.40634,28.40634,28.40634,33.17766,33.17766,28.40634,
28.40634,28.40634,28.40634,28.40634,28.40634,28.40634,28.40634,28.40634,28.40634,18.65169,28.40634,28.40634,33.17766,70.60159,33.17766,28.40634,28.40634,28.40634,28.40634,28.40634,28.40634,28.40634,28.40634,28.40634,28.40634,28.40634,28.40634,28.40634,33.17766,28.40634,
28.40634,28.40634,28.40634,28.40634,33.17766,28.40634,28.40634,28.40634,28.40634,28.40634,28.40634,28.40634,28.40634,28.40634,28.40634,28.40634,28.40634,28.40634,28.40634,28.40634,28.40634,28.40634,28.40634,28.40634,28.40634,28.40634,28.40634,28.40634,28.40634,28.40634,
28.40634,28.40634,28.40634,28.40634,28.40634,28.40634,28.40634,28.40634,28.40634,28.40634,28.40634,28.40634,28.40634,28.40634,28.40634,28.40634,28.40634,28.40634,33.17766,28.40634,28.40634,28.40634,28.40634,28.40634,28.40634,28.40634,28.40634,28.40634,28.40634,28.40634,
28.40634,28.40634,28.40634,28.40634,28.40634,28.40634,28.40634,39.28196,28.40634,28.40634,28.40634,28.40634,28.40634,28.40634,28.40634,28.40634,28.40634,28.40634,28.40634,28.40634,28.40634,28.40634,28.40634,28.40634,28.40634,28.40634,28.40634,28.40634,28.40634,28.40634,
28.40634,28.40634,28.40634,28.40634,28.40634,28.40634,28.40634,28.40634,28.40634,28.40634,28.40634,28.40634,28.40634,28.40634,28.40634,28.40634,28.40634,28.40634,28.40634,28.40634,28.40634,28.40634,28.40634,28.40634,28.40634,28.40634,39.28196,28.40634,28.40634,28.40634,
28.40634,28.40634,10.00574,28.40634,28.40634,28.40634,28.40634,28.40634,28.40634,28.40634,28.40634,28.40634,28.40634,28.40634,28.40634,28.40634,28.40634,28.40634,28.40634,28.40634,39.28196,28.40634,39.28196,28.40634,28.40634,39.28196,28.40634,28.40634,28.40634,28.40634,
28.40634,28.40634,28.40634,28.40634,28.40634,28.40634,28.40634,39.28196,28.40634,28.40634,28.40634,28.40634,28.40634,28.40634,28.40634,28.40634,28.40634,28.40634,28.40634,28.40634,28.40634,28.40634,28.40634,28.40634,28.40634,28.40634,28.40634,28.40634,28.40634,28.40634,
28.40634,28.40634,28.40634,28.40634,28.40634,28.40634,28.40634,28.40634,28.40634,28.40634,28.40634,28.40634,28.40634,28.40634,28.40634,28.40634,28.40634,28.40634,28.40634,28.40634,28.40634,28.40634,28.40634,28.40634,28.40634,28.40634,28.40634,28.40634,28.40634,28.40634,
28.40634,28.40634,28.40634,28.40634,28.40634,28.40634,28.40634,28.40634,28.40634,28.40634,28.40634,28.40634,28.40634,28.40634,91.97291,28.40634,28.40634,28.40634,28.40634,28.40634,28.40634,28.40634,22.61488,28.40634,71.89931,28.40634,28.40634,28.40634,28.40634,28.40634,
28.40634,28.40634,28.40634,28.40634,28.40634,88.28294,28.40634,28.40634,28.40634,44.0142,28.40634,28.40634,28.40634,28.40634,28.40634,28.40634,28.40634,28.40634,28.40634,28.40634,28.40634,28.40634,28.40634,28.40634,28.40634,28.40634,28.40634,28.40634,28.40634,28.40634,
28.40634,28.40634,28.40634,28.40634,28.40634,28.40634,28.40634,28.40634,28.40634,28.40634,28.40634,28.40634,28.40634,28.40634,28.40634,28.40634,28.40634,28.40634,28.40634,28.40634,28.40634,28.40634,28.40634,28.40634,28.40634,28.40634,28.40634,28.40634,28.40634,28.40634,
28.40634,28.40634,28.40634,28.40634,28.40634,28.40634,28.40634,28.40634,28.40634,28.40634,28.40634,28.40634,28.40634,28.40634,28.40634,28.40634,28.40634,28.40634,28.40634,28.40634,28.40634,28.40634,28.40634,28.40634,28.40634,28.40634,49.24845,28.40634,28.40634,28.40634,
28.40634,28.40634,28.40634,28.40634,56.32634,28.40634,28.40634,28.40634,28.40634,28.40634,28.40634,28.40634,28.40634,23.92007,28.40634,28.40634,28.40634,28.40634,49.24845,28.40634,88.30434,28.40634,28.40634,28.40634,37.44339,28.40634,28.40634,28.40634,28.40634,28.40634,
28.40634,28.40634,28.40634,28.40634,28.40634,28.40634,28.40634,28.40634,28.40634,28.40634,28.40634,28.40634,28.40634,28.40634,28.40634,28.40634,28.40634,28.40634,28.40634,28.40634,28.40634,28.40634,28.40634,28.40634,28.40634,46.67314,28.40634,28.40634,28.40634,28.40634,
28.40634,28.40634,28.40634,28.40634,28.40634,28.40634,28.40634,28.40634,28.40634,28.40634,28.40634,28.40634,28.40634,28.40634,28.40634,28.40634,28.40634,28.40634,28.40634,28.40634,28.40634,28.40634,28.40634,28.40634,28.40634,28.40634,28.40634,28.40634,28.40634,28.40634,
28.40634,28.40634,62.41926,28.40634,28.40634,47.10672,28.40634,28.40634,28.40634,28.40634,28.40634,28.40634,28.40634,28.40634,28.40634,98.96221,28.40634,28.40634,28.40634,28.40634,28.40634,28.40634,28.40634,28.40634,28.40634,28.40634,28.40634,28.40634,28.40634,28.40634,
28.40634,28.40634,28.40634,28.40634,28.40634,28.40634,28.40634,28.40634,28.40634,28.40634,62.41926,28.40634,28.40634,28.40634,28.40634,28.40634,28.40634,28.40634,28.40634,28.40634,28.40634,28.40634,28.40634,37.8835,28.40634,28.40634,28.40634,28.40634,28.40634,28.40634,
28.40634,28.40634,28.40634,28.40634,28.40634,28.40634,28.40634,28.40634,28.40634,28.40634,28.40634,28.40634,28.40634,28.40634,28.40634,28.40634,28.40634,28.40634,28.40634,28.40634,28.40634,28.40634,28.40634,28.40634,28.40634,28.40634,28.40634,28.40634,37.8835,28.40634,
28.40634,28.40634,28.40634,28.40634,28.40634,28.40634,28.40634,28.40634,28.40634,28.40634,28.40634,28.40634,83.62342,28.40634,28.40634,28.40634,28.40634,28.40634,28.40634,28.40634,28.40634,28.40634,70.82351,28.40634,37.8835,28.40634,28.40634,28.40634,28.40634,28.40634,
28.40634,28.40634,28.40634,28.40634,37.8835,28.40634,28.40634,28.40634,28.40634,28.40634,28.40634,28.40634,28.40634,28.40634,28.40634,28.40634,28.40634,28.40634,28.40634,28.40634,28.40634,13.97666,47.21888,28.40634,28.40634,28.40634,28.40634,28.40634,28.40634,28.40634,
28.40634,28.40634,28.40634,28.40634,28.40634,28.40634,37.8835,28.40634,28.40634,28.40634,28.40634,28.40634,28.40634,28.40634,28.40634,28.40634,28.40634,28.40634,28.40634,28.40634,28.40634,28.40634,28.40634,28.40634,28.40634,28.40634,28.40634,28.40634,28.40634,28.40634,
28.40634,28.40634,28.40634,28.40634,28.40634,28.40634,28.40634,20.64112,28.40634,28.40634,28.40634,28.40634,28.40634,28.40634,28.40634,37.8835,28.40634,28.40634,28.40634,28.40634,28.40634,28.40634,28.40634,28.40634,28.40634,28.40634,28.40634,28.40634,28.40634,28.40634,
28.40634,28.40634,40.42286,28.40634,28.40634,28.40634,28.40634,28.40634,28.40634,28.40634,28.40634,28.40634,28.40634,28.40634,28.40634,28.40634,28.40634,28.40634,28.40634,28.40634,37.8835,20.49124,28.40634,28.40634,28.40634,28.40634,28.40634,28.40634,28.40634,28.40634,
28.40634,28.40634,28.40634,28.40634,28.40634,28.40634,28.40634,28.40634,28.40634,28.40634,28.40634,37.8835,57.6633,28.40634,28.40634,28.40634,28.40634,28.40634,28.40634,28.40634,28.40634,37.8835,28.40634,28.40634,28.40634,28.40634,28.40634,28.40634,28.40634,28.40634,
28.40634,28.40634,28.40634,28.40634,28.40634,28.40634,28.40634,28.40634,28.40634,28.40634,28.40634,28.40634,28.40634,28.40634,28.40634,57.6633,28.40634,28.40634,28.40634,28.40634,28.40634,28.40634,28.40634,28.40634,28.40634,28.40634,28.40634,28.40634,28.40634,28.40634,
28.40634,28.40634,28.40634,28.40634,28.40634,28.40634,28.40634,28.40634,28.40634,28.40634,28.40634,28.40634,28.40634,28.40634,28.40634,28.40634,28.40634,28.40634,28.40634,28.40634,28.40634,28.40634,28.40634,28.40634,28.40634,28.40634,28.40634,28.40634,28.40634,28.40634,
28.40634,28.40634,28.40634,28.40634,28.40634,28.40634,28.40634,28.40634,54.98069,28.40634,28.40634,28.40634,28.40634,28.40634,28.40634,28.40634,28.40634,28.40634,28.40634,28.40634,28.40634,28.40634,52.08234,28.40634,28.40634,71.47419,28.40634,28.40634,35.25993,47.76481,
28.40634,28.40634,28.40634,28.40634,35.25993,28.40634,28.40634,28.40634,28.40634,28.40634,28.40634,28.40634,28.40634,28.40634,86.45937,28.40634,28.40634,28.40634,28.40634,28.40634,28.40634,28.40634,28.40634,35.25993,28.40634,55.87214,28.40634,28.40634,28.40634,28.40634,
28.40634,28.40634,28.40634,28.40634,28.40634,28.40634,28.40634,28.40634,28.40634,28.40634,28.40634,35.25993,28.40634,28.40634,28.40634,28.40634,28.40634,35.25993,28.40634,28.40634,28.40634,28.40634,28.40634,28.40634,28.40634,28.40634,28.40634,55.87214,28.40634,28.40634,
28.40634,28.40634,28.40634,28.40634,28.40634,28.40634,28.40634,28.40634,28.40634,28.40634,28.40634,28.40634,28.40634,43.49909,28.40634,28.40634,28.40634,28.40634,28.40634,28.40634,28.40634,28.40634,28.40634,28.40634,28.40634,28.40634,28.40634,16.48715,28.40634,28.40634,
28.40634,28.40634,28.40634,28.40634,28.40634,28.40634,28.40634,28.40634,28.40634,28.40634,28.40634,28.40634,28.40634,28.40634,28.40634,28.40634,28.40634,28.40634,28.40634,28.40634,28.40634,62.63403,28.40634,28.40634,28.40634,50.8402,28.40634,28.40634,28.40634,28.40634,
28.40634,28.40634,28.40634,28.40634,62.63403,62.63403,28.40634,28.40634,28.40634,28.40634,44.8073,28.40634,28.40634,28.40634,28.40634,28.40634,28.40634,28.40634,28.40634,28.40634,28.40634,28.40634,28.40634,28.40634,50.8402,28.40634,28.40634,28.40634,28.40634,50.8402,
28.40634,28.40634,28.40634,28.40634,28.40634,44.8073,28.40634,28.40634,44.8073,28.40634,28.40634,28.40634,28.40634,28.40634,28.40634,50.51287,28.40634,28.40634,28.40634,28.40634,28.40634,28.40634,28.40634,28.40634,28.40634,28.40634,28.40634,50.8402,28.40634,28.40634,
28.40634,28.40634,28.40634,28.40634,28.40634,28.40634,28.40634,28.40634,28.40634,28.40634,28.40634,28.40634,28.40634,28.40634,28.40634,44.8073,28.40634,28.40634,28.40634,28.40634,28.40634,56.58117,28.40634,28.40634,28.40634,28.40634,28.40634,28.40634,28.40634,28.40634,
28.40634,28.40634,28.40634,28.40634,44.8073,28.40634,28.40634,28.40634,28.40634,28.40634,44.8073,28.40634,28.40634,28.40634,28.40634,28.40634,28.40634,28.40634,28.40634,28.40634,28.40634,28.40634,28.40634,28.40634,28.40634,28.40634,28.40634,28.40634,28.40634,28.40634,
28.40634,28.40634,28.40634,28.40634,28.40634,28.40634,28.40634,28.40634,28.40634,28.40634,28.40634,28.40634,28.40634,28.40634,28.40634,28.40634,28.40634,28.40634,28.40634,28.40634,28.40634,28.40634,28.40634,28.40634,28.40634,28.40634,28.40634,28.40634,28.40634,28.40634,
28.40634,28.40634,28.40634,28.40634,28.40634,28.40634,28.40634,28.40634,28.40634,28.40634,28.40634,28.40634,28.40634,28.40634,28.40634,28.40634,28.40634,28.40634,28.40634,28.40634,75.56886,28.40634,28.40634,28.40634,28.40634,28.40634,28.40634,28.40634,28.40634,28.40634,
28.40634,28.40634,28.40634,28.40634,28.40634,28.40634,28.40634,58.47758,28.40634,28.40634,28.40634,28.40634,28.40634,28.40634,28.40634,28.40634,28.40634,28.40634,28.40634,28.40634,28.40634,28.40634,28.40634,28.40634,28.40634,28.40634,31.29678,28.40634,72.8052,28.40634,
28.40634,28.40634,28.40634,28.40634,35.37598,28.40634,28.40634,28.40634,28.40634,28.40634,35.22184,28.40634,28.40634,28.40634,28.40634,31.29678,28.40634,28.40634,28.40634,28.40634,28.40634,31.29678,28.40634,28.40634,28.40634,28.40634,28.40634,28.40634,28.40634,28.40634,
28.40634,28.40634,31.29678,28.40634,28.40634,28.40634,28.40634,28.40634,35.22184,28.40634,28.40634,28.40634,28.40634,28.40634,28.40634,63.68687,28.40634,28.40634,18.98048,28.40634,28.40634,28.40634,28.40634,31.29678,28.40634,28.40634,28.40634,28.40634,28.40634,28.40634,
28.40634,28.40634,28.40634,28.40634,28.40634,28.40634,28.40634,28.40634,28.40634,28.40634,28.40634,28.40634,28.40634,28.40634,35.22184,28.40634,28.40634,28.40634,28.40634,28.40634,28.40634,31.29678,28.40634,28.40634,31.29678,28.40634,28.40634,35.22184,28.40634,28.40634,
28.40634,28.40634,28.40634,28.40634,57.64662,31.29678,28.40634,28.40634,28.40634,28.40634,28.40634,28.40634,28.40634,28.40634,18.2657,28.40634,28.40634,28.40634,28.40634,28.40634,28.40634,28.40634,28.40634,28.40634,28.40634,28.40634,35.22184,28.40634,31.29678,28.40634,
28.40634,28.40634,28.40634,28.40634,57.64662,28.40634,28.40634,28.40634,28.40634,28.40634,28.40634,60.08646,28.40634,28.40634,28.40634,31.29678,37.47708,28.40634,28.40634,31.29678,35.22184,35.22184,28.40634,28.40634,28.40634,28.40634,28.40634,28.40634,28.40634,28.40634,
28.40634,28.40634,28.40634,57.64662,28.40634,28.40634,28.40634,35.22184,28.40634,28.40634,28.40634,28.40634,28.40634,31.29678,28.40634,28.40634,28.40634,28.40634,28.40634,28.40634,28.40634,28.40634,28.40634,31.29678,28.40634,69.94988,28.40634,28.40634,28.40634,28.40634,
28.40634,28.40634,28.40634,28.40634,28.40634,28.40634,28.40634,28.40634,28.40634,35.22184,28.40634,28.40634,28.40634,28.40634,28.40634,28.40634,31.29678,28.40634,28.40634,28.40634,31.29678,28.40634,28.40634,28.40634,28.40634,28.40634,28.40634,28.40634,28.40634,28.40634,
28.40634,28.40634,28.40634,31.29678,28.40634,28.40634,28.40634,28.40634,28.40634,28.40634,28.40634,28.40634,35.22184,28.40634,28.40634,28.40634,28.40634,28.40634,28.40634,28.40634,28.40634,37.15014,31.29678,28.40634,28.40634,28.40634,28.40634,28.40634,28.40634,28.40634,
28.40634,28.40634,28.40634,28.40634,37.15014,35.22184,28.40634,28.40634,28.40634,28.40634,28.40634,28.40634,28.40634,28.40634,28.40634,28.40634,56.56899,28.40634,79.06051,28.40634,28.40634,28.40634,28.40634,28.40634,28.40634,57.60475,28.40634,28.40634,28.40634,31.29678,
28.40634,28.40634,28.40634,31.29678,28.40634,28.40634,28.40634,28.40634,28.40634,28.40634,37.15014,28.40634,28.40634,28.40634,28.40634,28.40634,28.40634,28.40634,28.40634,35.22184,28.40634,28.40634,28.40634,28.40634,56.56899,28.40634,28.40634,66.91541,28.40634,28.40634,
28.40634,28.40634,28.40634,56.56899,28.40634,28.40634,31.29678,28.40634,28.40634,28.40634,28.40634,28.40634,28.40634,28.40634,28.40634,84.75916,28.40634,28.40634,28.40634,28.40634,28.40634,28.40634,28.40634,35.22184,28.40634,28.40634,28.40634,28.40634,28.40634,35.22184,
28.40634,28.40634,28.40634,35.22184,28.40634,28.40634,28.40634,28.40634,28.40634,28.40634,28.40634,28.40634,28.40634,28.40634,28.40634,28.40634,28.40634,28.40634,28.40634,47.5957,28.40634,28.40634,45.72947,28.40634,28.40634,28.40634,90.71159,28.40634,28.40634,28.40634,
28.40634,28.40634,28.40634,28.40634,28.40634,28.40634,28.40634,28.40634,28.40634,28.40634,28.40634,28.40634,28.40634,28.40634,28.40634,28.40634,28.40634,28.40634,28.40634,28.40634,28.40634,28.40634,28.40634,28.40634,28.40634,47.5957,28.40634,28.40634,28.40634,28.40634,
28.40634,28.40634,28.40634,28.40634,28.40634,28.40634,28.40634,28.40634,28.40634,28.40634,28.40634,28.40634,28.40634,28.40634,28.40634,28.40634,28.40634,28.40634,11.52825,28.40634,28.40634,28.40634,28.40634,28.40634,28.40634,28.40634,28.40634,28.40634,28.40634,28.40634,
28.40634,28.40634,28.40634,28.40634,28.40634,28.40634,28.40634,28.40634,28.40634,28.40634,28.40634,28.40634,28.40634,28.40634,28.40634,28.40634,28.40634,28.40634,28.40634,28.40634,28.40634,28.40634,28.40634,28.40634,28.40634,28.40634,28.40634,28.40634,28.40634,28.40634,
28.40634,28.40634,28.40634,28.40634,28.40634,28.40634,28.40634,28.40634,28.40634,28.40634,28.40634,28.40634,28.40634,28.40634,28.40634,28.40634,28.40634,28.40634,28.40634,28.40634,28.40634,28.40634,28.40634,28.40634,28.40634,28.40634,28.40634,28.40634,28.40634,28.40634,
28.40634,28.40634,28.40634,28.40634,28.40634,28.40634,28.40634,28.40634,28.40634,28.40634,28.40634,28.40634,28.40634,28.40634,28.40634,28.40634,28.40634,28.40634,28.40634,28.40634,28.40634,28.40634,28.40634,28.40634,28.40634,28.40634,28.40634,28.40634,28.40634,28.40634,
