0.0004159176,0.0006949682,0.0004981658,0.0001213087,0.00023114,0.0005441999,0.0004513688,0.0003088207,0.0007276602,0.0003313586,0.0006894945,0.0009939127,0.0005298409,0.000597679,0.0001426365,0.0006965727,0.0009738453,0.0005338209,8.160865E-05,0.0003466212,0.0006374476,0.0009458106,0.0002276498,0.0009890206,0.0001826917,0.0004457766,0.0003900511,0.0008171322,0.0004323937,7.210458E-05,
0.0007276602,0.000597679,0.0004159176,0.000597679,0.0006374476,0.0006949682,0.0007276602,0.0006949682,0.00023114,0.0002276498,0.0004159176,0.0004323937,0.0007954121,0.0006965727,0.00023114,0.0008171322,0.00023114,0.0006374476,0.000597679,0.0007276602,0.0005298409,0.0001826917,0.0007276602,8.160865E-05,0.0002276498,0.0003088207,0.0006965727,0.0002757944,0.00023114,0.0009458106,
0.00023114,0.0007276602,0.0005298409,0.0006965727,0.000597679,0.0008171322,0.0007954121,0.0004159176,0.0009458106,0.00023114,0.000597679,0.0006965727,0.0007276602,0.0004159176,0.0006949682,0.0002276498,0.00023114,0.0007276602,0.0002371755,0.0002757944,0.000597679,0.0006949682,0.0007276602,0.0006374476,0.0006949682,0.000597679,0.0008171322,0.000597679,0.0002276498,0.0006965727,
0.00023114,0.0006965727,0.0002371755,2.041805E-05,0.000597679,0.000597679,0.0008264474,0.0006965727,0.0008171322,0.0007276602,0.0007276602,0.0002371755,0.000597679,0.000597679,0.000597679,0.0008171322,0.0007276602,0.000597679,0.000597679,0.00023114,0.000597679,0.000597679,0.0007276602,0.0008171322,0.0006949682,0.000597679,0.0006965727,0.0004159176,0.0006965727,0.000597679,
0.0008171322,0.00023114,0.0005431582,0.000597679,6.881488E-05,0.000597679,0.000597679,0.0007276602,0.000597679,0.0006965727,0.0007276602,0.000597679,0.0008171322,0.000597679,0.0007276602,0.000597679,0.000597679,0.0007276602,0.0006949682,0.0002371755,0.0008264474,2.041805E-05,0.0006965727,0.000597679,0.000597679,0.0008037303,0.000597679,0.0006965727,0.000597679,0.0006965727,
0.000597679,0.0008171322,0.000597679,0.000597679,6.881488E-05,0.0007276602,0.0007276602,0.0006965727,0.0006965727,0.000597679,0.000597679,0.0008171322,0.0006965727,0.0006965727,0.0005431582,0.0006965727,6.881488E-05,0.000597679,0.000597679,0.0007276602,0.0008805908,0.000597679,0.000597679,0.0006965727,0.000597679,0.000597679,0.000597679,6.881488E-05,0.000597679,0.0008171322,
0.000597679,0.000597679,0.000597679,0.000597679,0.000597679,0.0006965727,0.0008171322,6.881488E-05,0.000597679,0.0008171322,6.881488E-05,6.881488E-05,0.0008805908,0.000597679,0.000597679,0.000597679,0.0008171322,0.0007276602,0.0007276602,0.0007276602,0.0005431582,0.0006965727,0.000597679,6.881488E-05,0.0007276602,6.881488E-05,0.000597679,0.000833604,0.0007276602,0.000597679,
0.000597679,0.000597679,0.000597679,6.881488E-05,0.0004737367,0.0007276602,0.000597679,0.0007276602,9.846294E-05,0.0003755873,0.0007276602,0.000597679,6.881488E-05,0.0007276602,0.000833604,0.000597679,0.000597679,0.0008805832,0.000597679,0.000597679,0.000597679,0.000597679,0.0006965727,6.881488E-05,0.000833604,0.000597679,6.881488E-05,0.000597679,0.0007276602,0.000597679,
6.881488E-05,0.000597679,0.0005177392,0.0007276602,0.0007276602,6.881488E-05,0.0006101119,0.000597679,0.0008805832,0.000597679,0.000597679,0.000597679,6.881488E-05,0.000597679,9.846294E-05,0.0001414694,0.000597679,0.0007276602,0.000597679,0.000597679,6.881488E-05,0.000597679,6.881488E-05,0.000597679,0.000597679,0.000833604,0.0007276602,0.0007276602,0.0007276602,0.000597679,
0.000597679,0.0007276602,0.000597679,0.0007276602,6.881488E-05,0.0006101119,0.000597679,0.0001414694,0.000597679,0.000597679,0.000597679,0.000597679,0.000597679,0.000597679,6.881488E-05,0.0009873937,0.000597679,0.0007276602,0.000597679,9.846294E-05,0.0007276602,0.000597679,0.0008805832,0.0005283855,0.000359084,0.0007276602,0.000597679,0.000597679,0.0007276602,0.000597679,
0.000597679,0.000597679,0.0005283855,0.000597679,0.0006101119,0.000597679,0.0005283855,0.000597679,0.000709306,0.000597679,0.000597679,0.000597679,0.0009873937,0.000597679,0.0006101119,0.0001414694,0.000597679,0.000597679,0.0008805832,0.000597679,0.000597679,0.000597679,0.0001414694,0.0008805832,0.0001407133,0.000597679,0.0001948905,0.0009873937,0.0007276602,0.0005976452,
0.000597679,0.000597679,0.000597679,0.000597679,0.0008805832,0.0008805832,0.000597679,0.000597679,0.000597679,0.0007276602,0.0008805832,0.000597679,0.0005283855,0.0001407133,0.0001414694,0.0009873937,0.0009873937,0.000597679,0.000597679,0.0008805832,0.000597679,0.000597679,0.0007276602,0.0008805832,0.000597679,0.0008805832,0.0005283855,0.000597679,0.000597679,0.0005283855,
0.0001407133,0.0001414694,0.000597679,0.0007276602,0.000597679,0.000597679,0.0001414694,0.0008805832,0.0007276602,0.000597679,0.000597679,0.0005283855,0.000597679,0.0008805832,0.0001407133,0.0008805832,0.0008805832,0.000597679,0.000597679,0.0008805832,0.000597679,0.0008805832,0.0008805832,0.000597679,0.000597679,0.000597679,0.000597679,0.0008805832,0.000597679,0.0008805832,
0.000597679,0.000597679,0.000597679,0.000597679,0.0007276602,0.000597679,0.0008805832,0.000597679,0.0007276602,0.000597679,7.021046E-05,0.0001407133,0.0001407133,0.0007276602,0.0008805832,0.0005283855,0.0008805832,0.0007276602,0.0007276602,0.000597679,0.0001414694,0.0008805832,0.0007276602,0.0001407133,0.0009228069,0.000597679,0.0007276602,0.0001414694,0.0008805832,0.000597679,
0.0007276602,0.000597679,7.021046E-05,0.0008805832,0.000597679,0.0007276602,0.0007276602,0.0001407133,0.000597679,0.000597679,0.0007276602,0.000597679,0.0001407133,0.000597679,0.0007276602,0.0002528701,0.000597679,0.000597679,0.000597679,0.0007276602,0.0001407133,0.0001414694,0.000597679,0.000597679,0.000597679,0.0001414694,0.000597679,0.0007276602,0.000597679,0.0007276602,
0.000597679,0.0001414694,0.000597679,0.0001407133,0.0007276602,0.000597679,0.000597679,0.0001407133,0.000597679,0.000597679,0.0001414694,0.000597679,0.0001407133,0.0001414694,0.000597679,0.0007276602,0.0008805832,0.000597679,0.000597679,0.0001414694,0.0001414694,0.000597679,0.0007276602,0.000597679,0.0007276602,0.000597679,0.0007276602,0.0007276602,0.0002528701,0.000597679,
0.0002528701,0.000597679,0.000597679,0.0001407133,0.0007276602,0.0007276602,0.0002380334,0.0001414694,0.0007276602,0.000597679,0.000597679,0.000597679,0.0007276602,0.000597679,0.000597679,0.000597679,0.0001407133,0.0007276602,0.000597679,0.000597679,0.0001414694,0.0001407133,0.0001414694,0.000597679,0.000597679,0.000597679,0.000597679,0.0001407133,0.000597679,2.856195E-05,
0.0002528701,0.000597679,0.0007276602,0.0002380334,0.0007276602,0.0007276602,0.000597679,0.0001414694,0.000597679,0.000597679,0.0007276602,0.000597679,0.0001414694,0.0002528701,2.856195E-05,0.000597679,0.000597679,0.000597679,0.000597679,0.000597679,0.0007276602,0.000597679,0.000597679,0.000597679,0.000597679,0.000597679,0.000597679,0.0001414694,0.000597679,0.000597679,
0.0007276602,0.0002380334,0.0001414694,0.0007276602,0.0001414694,0.0002380334,0.0001414694,0.0007276602,0.000597679,0.000597679,0.0007276602,0.000597679,0.000597679,0.0001414694,0.000597679,0.0006485732,0.0001414694,0.000597679,0.000597679,0.000597679,0.000597679,0.0001414694,0.000597679,0.000597679,0.000597679,0.0007276602,0.0002380334,0.0007276602,0.0007276602,0.0007276602,
0.0007276602,0.0007276602,0.000597679,0.000597679,0.0001414694,0.0007276602,0.0007276602,0.000597679,0.0007276602,0.000597679,0.0001414694,0.000597679,0.000597679,0.0001414694,0.000597679,0.0001414694,0.0007276602,0.0007276602,0.0007276602,0.000597679,0.0007276602,0.000597679,0.0001414694,0.0007276602,0.0007276602,0.0001414694,0.000597679,0.000597679,0.000597679,0.000597679,
0.0007276602,0.000597679,0.0003098618,0.0001414694,0.0007276602,0.0007276602,0.000597679,0.0007276602,0.0007276602,0.000597679,0.0001414694,0.0007276602,0.0007276602,0.000597679,0.0007276602,0.0007276602,0.000597679,0.0007276602,0.0001414694,0.0001414694,0.0001414694,0.0007276602,0.0007276602,0.0007276602,0.0007276602,0.0007276602,0.0007276602,0.000597679,0.0001414694,0.0007276602,
0.0007276602,0.000597679,0.000597679,0.0001414694,0.000597679,0.0007276602,0.0007276602,0.0007276602,0.0005881255,0.000597679,0.0007276602,0.000597679,0.0007276602,0.0007276602,0.000597679,0.0001414694,0.0001093535,0.000597679,0.0007276602,0.000597679,0.0007276602,0.0007276602,0.0007276602,0.000597679,0.0007276602,0.0001414694,0.0001414694,0.0007276602,0.000597679,0.0007276602,
0.0007276602,0.000597679,0.000597679,0.0007276602,0.0001093535,0.000597679,0.0007276602,0.0007276602,0.0007276602,0.0007276602,0.000597679,0.0007276602,0.0005881255,0.0007276602,0.000597679,0.0007276602,0.000597679,0.0007276602,0.000597679,0.000597679,0.0007276602,0.0007276602,0.0007276602,0.0001414694,0.000597679,0.000597679,0.0007276602,0.000597679,0.0007276602,0.000597679,
0.0001093535,0.0007276602,0.000597679,0.0007276602,0.000597679,0.0007276602,0.0007276602,0.0007276602,0.0007276602,0.0006844006,0.0007276602,0.0001414694,0.0007276602,0.000597679,0.000597679,0.0007276602,0.0007856137,0.0007276602,0.0007276602,0.0007276602,0.000597679,0.0007276602,0.000597679,0.0007276602,0.000597679,0.000597679,0.000597679,0.0007276602,0.0007276602,0.0007276602,
0.0001093535,0.0007276602,0.000597679,0.0007276602,0.0007276602,0.0007276602,0.0007276602,0.0007276602,0.0007276602,0.0007276602,0.0007276602,0.0007276602,0.0007276602,0.0007276602,0.0007276602,0.0007276602,0.000597679,0.0005881515,0.0007276602,0.0007276602,0.0007276602,0.0007276602,0.0007276602,0.0007276602,0.000597679,0.000597679,0.0007276602,0.0007276602,0.000597679,0.0007276602,
0.0001093535,0.0007276602,0.0007276602,0.000597679,0.0007276602,0.0007276602,0.0007276602,0.0007276602,0.0001093535,0.0007276602,0.0007276602,0.0007276602,0.000597679,0.0007276602,0.0007276602,0.0001093535,0.0007276602,0.0007276602,9.551203E-05,0.0007276602,0.000597679,0.000597679,0.0007276602,0.0007276602,0.0007276602,0.0007276602,0.0007276602,0.0007276602,0.0005881515,0.0007276602,
0.0001093535,0.0007276602,0.0007276602,0.0007276602,0.0007276602,0.0007276602,0.0007276602,0.0007276602,0.0007276602,0.0001093535,0.0007276602,0.0007276602,0.0007276602,0.0007276602,0.0007276602,0.0002356126,0.0007276602,0.0007276602,0.0007276602,0.0007276602,0.0007276602,0.0007276602,0.0005881515,0.0007276602,0.0007276602,0.000597679,0.0007276602,0.0007276602,0.0007276602,0.000597679,
0.0002356126,0.0001093535,0.0007276602,0.000597679,0.0001093535,0.0007276602,0.0007276602,0.0007276602,0.0007276602,0.0007276602,0.0001093535,0.0007276602,0.0006896464,0.0005881515,0.0007276602,0.0002356126,0.0007276602,0.0001093535,0.0007276602,0.0007276602,0.0007276602,0.0007276602,0.0007276602,0.000597679,0.0007276602,0.0008115793,0.0007276602,0.0007276602,2.641285E-05,0.0007276602,
0.0001093535,0.0001093535,0.0007276602,0.0007276602,0.0001093535,0.0007276602,0.0007276602,0.0007276602,0.0003930281,6.117309E-05,0.0001093535,0.0006896464,0.0007276602,0.0007276602,2.641285E-05,0.0007276602,0.0005881515,0.0007276602,0.0007276602,0.0007276602,0.0002356126,0.0006896464,0.0007276602,0.0002356126,0.0001093535,0.0007276602,0.0006896464,0.0007276602,0.0007276602,0.0001093535,
0.0001093535,0.0001093535,0.0001093535,0.0006896464,0.0002356126,0.0007276602,0.0007276602,0.0007276602,0.0002356126,2.641285E-05,0.0007276602,0.0002356126,0.0007276602,0.0002356126,0.0006896464,0.0007276602,0.0001093535,0.0007276602,0.0005881515,0.0007276602,0.0006896464,0.0007276602,0.0001093535,0.0005881515,0.0007276602,0.0007276602,0.0001093535,0.0007276602,0.0001093535,0.0001093535,
0.0001093535,0.0001093535,0.0001093535,0.0004218815,0.0007276602,0.0005881515,0.0007276602,0.0007276602,0.0007276602,2.641285E-05,0.0007276602,0.0001093535,0.0005881515,0.0002356126,0.0006896464,0.0002356126,0.0001093535,0.0001093535,0.0005881515,0.0001093535,0.0005772254,0.0001093535,2.641285E-05,2.641285E-05,2.641285E-05,0.0008318304,0.0007276602,0.0002356126,0.0001093535,0.0001093535,
0.0001093535,0.0001093535,0.0005881515,0.0002356126,0.0006896464,0.0007276602,0.0006896464,0.0001093535,0.0001093535,2.641285E-05,0.0005881515,0.0001093535,0.0007276602,0.0001093535,0.0001093535,2.641285E-05,0.0002356126,0.0005772254,0.0005881515,0.0001093535,0.0004437472,0.0007276602,0.0001093535,0.0001093535,0.0002356126,0.0007276602,0.0005772254,0.0007276602,0.0005881515,0.0001093535,
0.0001093535,0.0001093535,0.0002356126,0.0001093535,0.0002356126,2.641285E-05,0.0007276602,0.0007276602,0.0001093535,0.0007276602,0.0001093535,0.0007276602,0.0001093535,0.000118258,0.0006896464,0.0005772254,0.0007276602,0.0001093535,0.0001093535,0.0002356126,0.0007276602,2.641285E-05,0.0004437472,0.0001093535,2.641285E-05,0.0008057457,0.0001093535,0.0006896464,0.0005881515,0.0005881515,
0.0001093535,0.0001093535,0.0007276602,0.0007276602,0.0001093535,0.0005772254,0.0006896464,2.641285E-05,0.0007276602,0.0002356126,0.0001093535,0.0001093535,0.0001093535,0.0002356126,0.0007276602,2.641285E-05,0.0001093535,0.0005881515,0.0001093535,2.641285E-05,0.0001093535,0.0008057457,0.0001093535,0.0001093535,0.0001093535,0.0002356126,2.641285E-05,2.641285E-05,2.641285E-05,0.0001093535,
0.0001093535,0.0001093535,0.0001093535,0.0001093535,0.0001093535,0.0005772254,0.0001093535,0.0001093535,0.0001093535,0.0007276602,0.0001093535,0.0001093535,2.641285E-05,0.0001093535,0.0001093535,0.0007276602,0.0001093535,0.0008418582,0.0004858678,0.0001093535,0.0001093535,0.0005881515,0.0007276602,0.0001093535,2.641285E-05,0.0005881515,0.0002356126,0.0001093535,0.0002356126,0.0001093535,
0.0001093535,0.0001093535,0.0007276602,0.0001093535,0.0005992461,0.0001093535,0.0001093535,0.0001093535,0.0001093535,0.0007276602,2.641285E-05,0.0002356126,0.0001093535,0.0001093535,0.0001093535,0.0001093535,0.0007276602,2.641285E-05,0.0005881515,0.0005772254,0.0001093535,0.0005772254,0.0001093535,0.0001093535,0.0001093535,0.0007276602,0.0001093535,0.0001093535,0.0001093535,0.0008418582,
0.0001093535,0.0001093535,0.0001093535,0.0001093535,0.0001093535,0.0001093535,0.0001093535,0.0001093535,0.0008795297,0.0005992461,0.0001093535,2.641285E-05,0.0007276602,0.0001093535,0.0001093535,0.0001093535,0.0008418582,0.0002356126,0.0007276602,0.0001093535,0.0001093535,0.0005992461,2.641285E-05,0.0007276602,0.0001093535,0.0001093535,0.0001093535,0.0001320924,0.0001093535,0.0004253291,
0.0007276602,0.0001093535,8.468032E-05,0.0001093535,0.0001093535,0.0001093535,0.0001093535,0.0005992461,0.0001093535,0.0001093535,0.0001093535,0.0001093535,0.0001093535,0.0001093535,0.0002356126,0.0001093535,0.0001093535,2.641285E-05,0.0001093535,2.641285E-05,2.641285E-05,0.0001093535,0.0001093535,0.0005992461,0.0001093535,0.0001093535,0.0001093535,0.0008418582,0.0001093535,0.0001093535,
0.0008418582,0.0005992461,0.0004927525,0.0001093535,0.0001093535,0.0001093535,0.0005992461,0.0001093535,2.641285E-05,0.0001093535,8.468032E-05,0.0001093535,0.0001093535,0.0008418582,0.0001093535,8.468032E-05,0.0001093535,0.0007276602,0.0001093535,0.0001093535,2.641285E-05,0.0001093535,0.0001093535,0.0001093535,0.0008418582,0.0001093535,0.0001093535,0.000374106,0.0001093535,0.0001093535,
0.000374106,0.0001093535,0.000374106,0.000374106,0.0008418582,0.0005992461,0.0001093535,0.0001093535,0.0001093535,8.468032E-05,0.0001093535,0.0001093535,0.0001093535,0.0001093535,0.000374106,2.641285E-05,0.0001093535,0.0008418582,0.0001093535,0.0001093535,8.468032E-05,0.0001093535,0.0001093535,0.0001093535,0.0001093535,0.0001093535,0.000374106,0.0001093535,0.0005992461,0.0001093535,
0.0001093535,0.000374106,0.0001093535,0.0004831154,0.0005992461,0.000374106,0.0001093535,0.0008418582,0.0001093535,0.0001093535,0.0001093535,0.0001699482,0.0001093535,0.000374106,0.0001093535,0.000374106,0.000374106,0.000374106,0.0001093535,0.0001093535,0.0005992461,0.000374106,0.000374106,0.0001093535,0.000374106,0.000374106,0.000374106,0.0001093535,0.000374106,0.0001093535,
0.0001093535,0.0005992461,0.000374106,0.0001093535,0.0001093535,0.000374106,0.0001093535,0.000374106,0.0004831154,0.0001093535,0.0001093535,0.0001093535,0.0001093535,0.0001093535,0.000374106,0.0001093535,0.000374106,0.0001093535,0.000374106,0.000374106,0.0001093535,0.000374106,0.000374106,0.0001093535,0.000374106,0.0005992461,0.000374106,0.000374106,0.0001093535,0.0005992461,
0.0001093535,0.0001093535,0.0001093535,0.0005992461,0.000374106,0.0005992461,0.0001093535,1.460648E-05,0.000374106,0.0005992461,0.000374106,0.000374106,0.000374106,0.0004831154,0.0001093535,0.0001093535,0.000374106,0.0004831154,0.0001093535,0.0001093535,0.000374106,0.000374106,0.0005992461,0.0001093535,0.0004831154,0.0001093535,0.000374106,0.0001093535,0.000374106,0.0005992461,
0.0001093535,0.0005992461,0.0005992461,0.0001093535,0.000374106,0.0001093535,0.0001093535,0.000374106,0.000791456,0.0001093535,0.0001093535,0.000374106,0.000374106,0.0004831154,0.000374106,0.000374106,0.0004831154,1.460648E-05,0.0004831154,0.000374106,0.0001093535,0.000374106,0.0001093535,0.0001093535,0.0001093535,0.0001093535,0.000374106,0.0005992461,0.000374106,0.0001093535,
0.000374106,0.0001093535,0.0005992461,0.0001093535,0.0001093535,0.0004831154,0.0005992461,0.0001093535,0.0001093535,0.000374106,0.0004831154,0.0004831154,0.000374106,0.0001093535,0.000374106,0.0004831154,0.0001093535,0.0001093535,0.000374106,0.000374106,0.0001093535,0.0001093535,0.0001093535,0.000374106,0.0001093535,0.0001093535,0.000374106,0.0001093535,0.0005992461,0.0001093535,
0.000374106,0.000374106,0.0005992461,0.0001093535,0.0002624154,0.000374106,0.0005992461,0.0001093535,0.000374106,0.0001093535,0.0006005456,0.0001093535,0.0005992461,0.000374106,0.000374106,0.0001093535,0.0001093535,0.0001093535,0.000374106,0.0001093535,0.0004831154,0.000374106,0.000374106,0.000374106,0.0006591522,0.000374106,0.000374106,0.0001093535,0.0004831154,0.0001093535,
0.000374106,0.0002624154,0.0005992461,0.0001093535,0.0004818729,0.0001093535,0.000374106,0.000374106,0.0002624154,0.0001093535,0.000374106,0.0005992461,0.000374106,0.0004831154,0.0002624154,0.0001093535,0.000374106,0.0001093535,0.0001093535,0.0001093535,0.000374106,0.0001093535,0.0005992461,0.0005992461,0.0001093535,0.0001093535,0.000374106,0.0001093535,0.000374106,0.000374106,
0.000374106,0.000374106,0.000374106,0.000374106,0.0001093535,0.0002624154,0.0001093535,0.000374106,0.0001093535,0.000374106,0.000374106,0.0002624154,0.0002624154,0.0001093535,0.000374106,0.000374106,0.0001093535,0.0001173349,0.0001093535,0.0004818729,0.0001093535,0.0001093535,0.000374106,0.0001093535,0.000374106,0.000374106,0.0001093535,0.000374106,0.0005992461,0.000374106,
0.000374106,0.000374106,0.000374106,0.0005992461,0.000374106,0.0005140365,0.000374106,0.000374106,0.000374106,0.0001093535,0.0001093535,0.000374106,0.000374106,0.0002624154,0.000374106,0.000374106,0.0001173349,0.000374106,0.000374106,0.0001093535,0.000374106,0.0002624154,0.0001173349,0.0004818729,0.0005992461,0.0002624154,0.0004818729,0.000374106,0.0001093535,0.0002624154,
0.000374106,0.000374106,0.0004818729,0.000374106,0.0001093535,0.0001173349,0.000374106,0.0001173349,0.0001093535,0.0001093535,0.000374106,0.0001093535,0.0005992461,0.000374106,0.0002624154,0.0005140365,0.000374106,0.0002624154,0.000374106,0.0002624154,0.000374106,0.000374106,0.0002624154,0.0002624154,0.0005992461,0.000374106,0.000374106,0.0004818729,0.0005992461,0.0005992461,
0.000374106,0.000374106,0.0004818729,0.0005140365,0.0004818729,0.0001173349,0.0004818729,0.0001093535,0.0002624154,0.0002624154,0.0001093535,0.0001093535,0.000374106,0.0005992461,0.0001173349,0.0005992461,0.000374106,0.0001093535,0.0004965141,0.0005992461,0.0001093535,0.0001093535,0.0001093535,0.0001173349,0.0004818729,0.000374106,0.000374106,0.0001173349,0.000374106,0.0001093535,
0.0001173349,0.000374106,0.000374106,0.0001249594,0.0004818729,0.0006203293,0.000374106,0.0001093535,0.0001093535,0.0004818729,0.0005992461,0.0001173349,0.0001173349,0.000374106,0.0005992461,0.0005992461,0.0005992461,0.0004818729,0.0001173349,0.0005364079,0.0004818729,0.0001093535,0.0004818729,0.0004818729,0.000374106,0.0004818729,0.0005992461,0.0001093535,0.0001093535,0.000374106,
0.0005992461,0.0001173349,0.0004818729,0.0004818729,0.0001249594,0.0005992461,0.000374106,0.0005992461,0.0004818729,0.0004818729,0.000374106,0.0004818729,0.000374106,0.0001249594,0.0001093535,0.0001173349,0.0001093535,0.0004818729,0.0001173349,0.0001093535,0.000374106,0.0004818729,0.0001249594,0.0004818729,0.0006203293,0.000374106,0.0004818729,0.0005364079,0.0004818729,0.0004818729,
0.0006203293,0.0001173349,0.000374106,0.0006203293,0.000374106,0.0001249594,0.0004818729,0.0001173349,0.0001173349,0.0001173349,0.0004818729,0.0004818729,0.0004965148,0.0001173349,0.000374106,0.0001249594,0.0009275382,0.0004818729,0.0004818729,0.0004818729,0.0005364079,0.0004818729,0.0001173349,8.007038E-05,0.0005992461,0.0004818729,0.000374106,0.0004818729,0.0001093535,0.0004818729,
0.0001173349,0.0004818729,0.000374106,8.007038E-05,0.0006772729,0.0006203293,0.0001173349,0.0001151583,0.000374106,0.0001173349,8.007038E-05,0.0009275382,0.0004818729,0.000374106,0.0004818729,0.0001093535,0.0004818729,8.007038E-05,0.0004818729,8.007038E-05,0.0004818729,0.0009275382,0.0001173349,0.0004818729,0.0004818729,0.0009881271,0.0009275382,0.0001173349,0.0003811801,8.007038E-05,
0.0004818729,8.007038E-05,8.007038E-05,0.0001173349,8.007038E-05,0.0001173349,0.0004818729,0.000374106,0.0004818729,0.0004818729,0.0001173349,0.0004818729,0.0009275382,0.0001173349,0.0001173349,0.0001173349,0.0009275382,8.007038E-05,0.000374106,0.0009275382,0.0003811801,0.0001561838,0.000374106,0.0009275382,0.0006772729,0.0004818729,0.0009275382,8.007038E-05,0.0001173349,0.0004818729,
0.000374106,0.0009275382,0.0004818729,0.0004818729,0.000374106,0.0001173349,0.0004818729,0.0001173349,8.007038E-05,0.0001173349,8.007038E-05,0.0001006976,0.0009275382,0.0001173349,0.0001173349,8.007038E-05,0.0006772729,0.0009275382,0.0006197271,0.0001173349,0.000374106,8.007038E-05,0.0001173349,0.0001173349,0.0001173349,0.0001173349,0.0004818729,0.0009275382,0.0009275382,0.0001173349,
0.000374106,0.0009275382,0.0001173349,0.0004818729,0.0004818729,0.0009275382,0.0004818729,0.0001173349,0.000374106,0.0001006976,0.0004818729,8.007038E-05,0.0004818729,0.000374106,0.0006051541,0.0004818729,0.0001173349,0.0004818729,0.0009275382,8.007038E-05,0.0001006976,0.0009275382,0.0001173349,0.0001173349,0.0008778481,0.0001173349,0.0001173349,0.0004818729,0.0001173349,0.0001173349,
0.0004818729,0.0001173349,0.0004818729,0.0001006976,8.007038E-05,0.0001006976,0.0004818729,0.0001006976,0.0004818729,0.0001173349,0.000374106,0.0006051541,8.007038E-05,0.0001173349,0.0004818729,0.0001006976,0.0003510401,0.0004818729,0.0004818729,0.0004818729,0.000374106,0.000374106,0.0004818729,0.0008778481,0.0001173349,0.0001006976,0.0004818729,0.0004818729,0.0001006976,0.0001006976,
0.0001006976,0.0001006976,0.0008778481,0.0004818729,0.0001173349,0.0001173349,0.0004818729,0.0004818729,0.0001006976,0.0001006976,0.0001006976,0.0001173349,0.0003510401,0.0004818729,0.0001173349,0.0001006976,0.000374106,0.0001006976,0.0001006976,0.0004818729,0.000374106,0.0001006976,0.0008453837,0.0001006976,0.0004818729,0.000374106,0.0001006976,0.0004818729,0.0001006976,8.007038E-05,
0.0001006976,0.0004818729,0.0001006976,0.0004818729,0.0001006976,0.000374106,0.0001006976,0.0001006976,0.0001006976,8.007038E-05,0.0001006976,0.000374106,0.0004818729,0.000374106,0.0001006976,0.0004818729,8.007038E-05,0.0001006976,0.0003510401,0.0003510401,0.0001006976,0.0004818729,0.0001173349,0.0001006976,0.0004818729,0.0001173349,0.0001006976,0.0004818729,0.0004818729,0.000374106,
0.0004818729,0.0004818729,0.000374106,0.0001006976,0.0004818729,0.0004818729,0.0003510401,8.007038E-05,0.000374106,0.0002790498,0.0001006976,0.0001006976,0.0003716702,0.0001006976,0.0001006976,0.0001006976,0.000374106,0.0004818729,0.0004818729,0.0001173349,0.000374106,0.0004818729,0.0001006976,8.007038E-05,8.007038E-05,0.0004818729,0.0003510401,8.007038E-05,0.0001006976,0.0001173349,
0.0004818729,0.0004818729,0.0003716702,0.0001006976,0.0004818729,0.0001006976,0.000374106,0.000374106,0.0001006976,0.0001006976,0.0001173349,0.0004818729,0.0001173349,0.0001006976,0.000374106,0.0003510401,0.0005205837,0.000374106,0.0001173349,8.007038E-05,0.0004818729,0.0004818729,0.0001006976,0.000374106,0.0001006976,0.0006909897,0.0004818729,0.0004818729,0.000374106,0.0003510401,
0.0004818729,0.000374106,0.0004818729,0.000374106,0.0004818729,0.000374106,0.000374106,0.0001173349,0.0001006976,0.000374106,0.0003510401,0.0001173349,0.0004818729,0.0004818729,0.0004818729,0.0004818729,0.0001006976,0.0006909897,0.0004818729,0.0004818729,0.0003716702,0.000374106,0.000374106,0.0004342231,0.0001006976,0.0004818729,0.0004818729,0.000374106,0.0004818729,0.0005205837,
0.000374106,0.0004818729,0.0005205837,0.0004818729,0.0006909897,0.0003701578,0.0004818729,0.0004818729,0.000374106,0.000374106,0.0007505653,0.0004818729,0.000374106,0.0004818729,0.0004818729,0.0003510401,0.0004818729,0.0003510401,0.000374106,0.0005205837,0.0003716702,0.0006909897,0.0005205837,0.0004818729,0.000374106,0.000374106,0.0001006976,0.0001006976,0.0004818729,0.0003510401,
0.000374106,0.000374106,0.000374106,0.0004818729,0.0004822492,0.000374106,0.0001006976,0.0004818729,0.000374106,0.0005205837,0.0004818729,0.000374106,0.0004818729,0.0003510401,0.0003510401,0.0003701578,0.0003510401,0.0004818729,0.0004818729,0.0004818729,0.000374106,0.0005205837,0.000374106,0.0003716702,0.0006909897,0.0004818729,0.000374106,0.0003510401,0.0008387175,0.0007505653,
0.000374106,0.000374106,0.0005205837,0.0007505653,0.000374106,0.000374106,0.000374106,0.000374106,0.0003701578,0.0004818729,0.000374106,0.0003716702,0.0008387175,0.0007505653,0.0004818729,0.0003510401,0.000374106,0.000374106,0.0003701578,0.000374106,0.0004818729,0.0007483397,0.000374106,0.0004818729,0.0005205837,0.000374106,0.0004818729,0.0005205837,0.000374106,0.000374106,
0.000374106,0.0003701578,0.0004818729,0.0005205837,0.000374106,0.0005205837,0.0005205837,0.0003716702,0.000374106,0.000374106,0.0007483397,0.0005432547,0.000374106,0.0007505653,0.000374106,0.0003701578,0.0004818729,0.0004818729,0.0007505653,0.0005205837,0.000374106,0.0004220398,0.000374106,0.0003701578,0.0005205837,0.0003951617,0.0004818729,0.000374106,0.0004818729,0.0004818729,
0.000374106,0.0007483397,0.0003701578,0.000374106,0.000374106,0.0005205837,0.0004818729,0.000374106,0.0005432547,0.000374106,0.0007505653,0.0004818729,0.000374106,0.000374106,0.0004220398,0.000374106,0.0005205837,0.0005205837,0.0005205837,0.0007505653,0.0004818729,0.0004818729,0.000374106,0.0004818729,0.00017339,0.0004818729,0.000374106,0.0004818729,0.0001531057,0.0004818729,
0.000374106,0.0007483397,0.0004818729,0.000374106,0.000374106,0.0004818729,0.000374106,0.0005205837,0.0001531057,0.0004818729,0.0001531057,0.0004818729,0.00017339,0.0004818729,0.0004818729,0.000374106,0.0004818729,0.000374106,0.000374106,0.0005205837,0.000374106,0.000374106,0.0005205837,0.000374106,0.0004818729,0.0001531057,0.0005205837,0.0004220398,0.0005205837,0.0004818729,
0.000374106,0.0004818729,0.000374106,0.000374106,0.00017339,0.0001454287,0.0004818729,0.000374106,0.000374106,0.000374106,0.0005205837,0.0005205837,0.0004818729,0.0005205837,0.000374106,0.0005205837,0.0004455297,0.0005205837,0.000374106,0.0004818729,0.000374106,0.0004818729,0.0002062541,0.0004818729,0.0005205837,0.000374106,0.000374106,0.0004818729,0.000374106,0.0004818729,
0.000374106,0.000374106,0.0004818729,0.0004818729,0.0004455297,0.0005205837,0.000374106,0.0004818729,0.00017339,0.0005205837,0.0004818729,0.0004818729,0.0004491635,0.000374106,0.0002062541,0.000374106,0.000374106,0.0004818729,0.000374106,0.000374106,0.0005205837,0.0004818729,0.000374106,0.00017339,0.0005205837,0.0005205837,0.0004818729,0.0004818729,0.000374106,0.000374106,
0.0004818729,0.0004818729,0.0005205837,0.0002062541,0.000374106,0.000374106,0.0005205837,0.0005205837,0.00017339,0.000374106,0.0005205837,0.0005205837,0.0004491635,0.0004455297,0.0004818729,0.000374106,0.00017339,5.354416E-05,0.000374106,0.000374106,0.0005205837,0.000374106,0.0004818729,0.000374106,0.0004818729,0.000374106,0.0004818729,5.273485E-05,0.000374106,0.000374106,
0.0005205837,0.000374106,0.000374106,0.0005205837,0.000374106,0.0004818729,0.0004818729,0.0006923229,0.0005205837,0.0004818729,0.0005205837,0.0004818729,0.0005205837,0.000374106,0.0002062541,0.0005205837,0.0004818729,0.0002400961,0.000374106,0.0004818729,0.0004818729,0.0004818729,0.0005205837,0.000374106,0.0005205837,0.0002062541,0.0004818729,0.000374106,0.000374106,0.000374106,
0.000374106,0.0004818729,0.0005205837,0.0004818729,0.000374106,0.0004818729,0.0004818729,0.0005205837,0.0002400961,0.0005205837,0.0005205837,0.0005205837,0.0005205837,0.0005205837,0.0005205837,0.0005205837,0.000374106,0.000374106,0.0004818729,0.000374106,0.0002062541,0.0006923229,0.000374106,0.0005205837,0.0005205837,0.000374106,0.0004818729,0.0004818729,0.0002062541,0.0008315764,
0.0004818729,0.0005205837,0.000374106,0.0004818729,0.0005205837,0.0004818729,0.0002400961,0.0004818729,0.0004818729,0.0005205837,0.000374106,0.0005205837,0.0005205837,0.0004818729,0.0005205837,0.0008181606,0.000374106,0.0005205837,0.0004818729,0.0005205837,0.0004818729,0.0002400961,0.0005205837,0.0005205837,0.000374106,0.0005205837,0.0005205837,0.0005205837,0.0005205837,0.000374106,
0.0004818729,0.0005205837,0.0004818729,0.0005205837,0.000374106,0.0002400961,0.000374106,0.0008785966,0.0005205837,0.0005205837,0.0005205837,0.0008181606,0.0004818729,0.0005205837,0.0004818729,0.0005205837,0.0002400961,0.0005205837,0.0004818729,0.0005205837,0.0005205837,0.0005205837,0.0005205837,0.0005205837,0.0002400961,0.0005205837,0.000374106,0.0008181606,0.0004818729,0.0005205837,
0.000374106,0.0008181606,0.0005205837,0.0005205837,0.0004818729,0.0006368893,0.0004818729,0.0008785966,0.0005205837,0.0002400961,0.0002400961,0.0002400961,0.0008785966,0.0005205837,0.0005205837,0.0005205837,0.000374106,0.0005205837,0.0004818729,0.0004818729,0.0002400961,0.000374106,0.0003159649,0.000374106,0.0005205837,0.0005205837,0.0005205837,0.0005205837,0.0004818729,0.0004818729,
0.0008785966,0.0005205837,0.000374106,0.0002400961,0.0005205837,0.0005205837,0.0004818729,0.000740025,0.0008181606,0.0004818729,0.0005205837,0.0005205837,0.0005205837,0.0003159649,0.0008785966,0.0008181606,0.000374106,0.0004818729,0.000374106,0.0008181606,0.0004818729,0.0002400961,0.0005205837,0.0008785966,0.0008785966,0.000374106,0.0004818729,0.0008181606,0.0005205837,0.0006368893,
0.0008785966,0.0005205837,0.0002400961,0.000374106,0.0005205837,0.0008785966,0.0006368893,0.000374106,0.000374106,0.0005205837,0.0002400961,0.0003159649,0.0004818729,0.0007725118,0.0005205837,0.0005205837,0.0002400961,0.0002400961,0.0004818729,0.0005205837,0.0004818729,0.0005205837,0.0005205837,0.0004818729,0.0008785966,0.0003159649,0.0008785966,0.0005205837,0.0008785966,0.0005205837,
0.0008785966,0.0005205837,0.0002400961,0.0005205837,0.0004818729,0.0002400961,0.0005205837,0.0007725118,0.0006368893,0.0008785966,0.0001779854,0.0008785966,7.31653E-05,0.0006368893,0.0008785966,0.0005205837,0.0004818729,0.0005205837,0.000374106,0.0001371176,0.0004818729,0.0005205837,0.0002400961,0.0002400961,0.0004818729,0.0005205837,0.0005205837,0.0008785966,0.0008785966,0.0005205837,
0.0004818729,0.0008785966,0.0005205837,0.0002400961,0.0005205837,0.0002400961,0.0005205837,0.0002400961,0.0006368893,0.0005205837,7.31653E-05,0.0005205837,0.0002400961,0.0001779854,4.575253E-06,0.0008593205,0.0008785966,0.0002400961,0.0004818729,0.0005205837,0.0001779854,0.0008785966,0.0005205837,0.0005205837,0.0008785966,0.0007725118,0.0002400961,0.0006368893,0.0002400961,0.0002400961,
0.0002400961,0.0005205837,0.0001779854,0.0008785966,0.0002400961,0.0006368893,0.0006368893,0.0008785966,0.0005205837,0.0005205837,0.0007725118,0.0009870311,0.0006368893,0.0007725118,0.0008785966,0.0002774663,0.0006368893,0.0005205837,0.0007725118,7.31653E-05,0.0004818729,0.0006368893,0.0005205837,0.0002400961,0.0002400961,0.0001779854,0.0005205837,0.0006368893,0.0002400961,0.0004818729,
0.0002400961,0.0004818729,0.0006368893,0.0007034661,0.0006368893,0.0005205837,0.0006368893,0.0008785966,0.0009870311,0.0008785966,0.0002400961,0.0008785966,0.0007725118,0.0007725118,0.0005205837,0.0006368893,0.0008785966,0.0005205837,0.0004818729,0.0009870311,0.0004818729,0.0008785966,0.0006368893,0.0001779854,0.0005205837,0.0007725118,0.0001866108,0.0009870311,7.31653E-05,0.0007725118,
0.0005205837,0.0008785966,0.0005205837,0.0002400961,0.0006368893,0.0009870311,0.0009870311,0.0001816015,0.0004818729,0.0006368893,0.0004818729,0.0009513691,0.0008785966,0.0008576559,0.0008785966,0.0007725118,0.0006368893,0.0006368893,0.0008785966,0.0007725118,0.0006368893,0.0009870311,0.0002400961,0.0006368893,0.0001779854,0.0004818729,0.0005205837,0.0001866108,0.0001866108,0.0007725118,
0.0007725118,0.0005205837,0.0008881184,0.0006368893,0.0007937927,0.0007725118,0.0009513691,0.0006368893,0.0006368893,0.0006368893,0.0002400961,0.0006368893,0.0009870311,0.0001816015,0.0006368893,0.0009870311,0.0007725118,0.0005205837,0.0005205837,0.0009870311,0.0005205837,0.0004818729,0.0004818729,0.0001816015,0.0004818729,0.0007725118,0.0006368893,0.0005205837,0.0001816015,0.0008785966,
0.0009513691,0.0007725118,0.0004818729,0.0002912551,0.0005205837,0.0001816015,0.0004818729,0.0006368893,0.0009870311,0.0004818729,0.0001816015,0.0006368893,0.0007725118,0.0004818729,0.0006368893,0.0008881184,0.0001816015,0.0006368893,0.0005205837,0.0004818729,0.0005205837,0.0004818729,0.0005205837,0.0006368893,0.0005205837,0.0006368893,0.0001816015,0.0001816015,0.0005205837,0.0009870311,
0.0002912551,0.0005205837,0.0009870311,0.0006368893,0.0001816015,0.0005205837,0.0004818729,0.0001816015,0.0004818729,0.0005205837,0.0004818729,0.0008881184,0.0009870311,0.0004818729,0.0006368893,0.0005205837,0.0005205837,0.0004818729,0.0006368893,0.0006368893,0.0009513691,0.0004818729,0.0006368893,0.0001816015,0.0002912551,0.0005205837,0.0006368893,0.0009870311,0.0004818729,0.0001816015,
0.0009870311,0.0004818729,0.0005205837,0.0001816015,0.0005205837,0.0005205837,0.0009870311,0.0005205837,0.0004818729,0.0009513691,0.0004818729,0.0001816015,0.0005205837,0.0004818729,0.0006368893,0.0009870311,0.0001816015,0.0005205837,0.0005205837,0.0004818729,0.0005205837,0.0001816015,0.0002912551,0.0009870311,0.0004818729,0.0005205837,0.0009870311,0.0004818729,0.0006368893,0.0005205837,
0.0005205837,0.0009870311,0.0001816015,0.0009513691,0.0009870311,0.0005205837,0.0008369141,0.0009870311,0.0005205837,0.0009870311,0.0005205837,0.0004818729,0.0009870311,0.0004818729,0.0005205837,0.0005205837,0.0009870311,0.0004818729,0.0006368893,0.0005205837,0.0004818729,0.0009513691,0.0009513691,0.0009870311,0.0009870311,0.0005205837,0.0005748906,0.0005710499,0.0009870311,0.0004818729,
0.0009870311,0.0004818729,0.0009870311,0.0009870311,0.0009513691,0.0008369141,0.0005205837,0.0005205837,0.0007123665,0.0009513691,0.0005205837,0.0005205837,0.0004818729,0.0005205837,0.0005205837,0.0005205837,0.0009513691,0.0005710499,0.0005205837,0.0004818729,0.0001816015,0.0009870311,0.0005205837,0.0008369141,0.0009870311,0.0005205837,0.0005205837,0.0005205837,4.326439E-05,0.0007481218,
0.0009870311,0.0005205837,0.0005205837,0.0001816015,0.0005205837,0.0005205837,0.0009594426,0.0009870311,0.0009513691,4.326439E-05,0.0009513691,0.0009513691,0.0008369141,0.0008369141,0.0009513691,0.0008369141,0.0005205837,0.0005205837,0.0002741643,0.0009870311,0.0009870311,0.0001816015,0.0004818729,0.0005205837,0.0004818729,0.0009870311,0.0009513691,0.0007481218,0.0005205837,0.0009870311,
0.0009513691,4.326439E-05,0.0008369141,0.0005205837,0.0005205837,0.0009870311,0.0005205837,0.0009870311,0.0009513691,0.0005205837,0.0009513691,4.326439E-05,0.0008369141,6.095934E-05,0.0009513691,0.0005205837,0.0009870311,0.0008369141,0.000836215,0.0005205837,0.0008369141,0.0001816015,0.0009870311,0.0007481218,0.0005205837,0.0009870311,0.0009513691,3.173184E-05,0.0009870311,0.0008369141,
0.0009513691,0.0008369141,0.0005205837,0.0005205837,0.0008369141,0.0009226219,0.0009870311,0.0008369141,0.0009513691,0.0005205837,0.000836215,0.0005205837,0.0008369141,0.0009870311,0.0007481218,0.0008369141,0.0009583728,0.0005205837,0.0008369141,0.0009870311,0.0009513691,0.0009513691,0.0009870311,0.0008369141,0.0009870311,0.0001816015,0.0009870311,0.0005205837,0.0009870311,0.0009513691,
0.0008369141,0.0009226219,0.0009513691,0.0009870311,0.0008369141,0.0008369141,0.0008369141,0.0008369141,0.0009870311,0.0005205837,0.0008369141,0.0005205837,0.0008369141,0.0008369141,0.0008369141,0.0009870311,0.0005205837,0.0008369141,0.0007481218,0.0008369141,0.0009870311,0.0008369141,0.0009513691,0.0007904075,4.986263E-05,0.0009870311,0.0009513691,0.0009870311,0.0009226219,0.0008369141,
0.0009870311,0.0005205837,0.0009870311,0.0009870311,0.0009870311,0.0008369141,0.0009870311,0.0008369141,0.0008369141,0.0008369141,0.0008369141,0.0007481218,0.0008369141,0.0007481218,0.0005205837,0.0005205837,0.0001143522,0.0008369141,0.0009513691,0.0008369141,0.0009870311,0.0005205837,0.0008369141,0.0008369141,0.0009870311,0.0008369141,0.0008369141,0.0008369141,0.0009870311,0.0009870311,
0.0009870311,0.0007481218,0.0008369141,0.0008369141,0.0005205837,0.0009870311,0.0008369141,0.0005205837,0.0003320663,0.0009870311,0.0008369141,0.0005973908,0.0008369141,0.0005205837,0.0009513691,0.0005205837,0.0009870311,0.0005205837,0.0007481218,0.0008369141,0.0008369141,0.0008369141,0.0008369141,0.0009513691,0.0008369141,0.0001143522,0.0009870311,0.0008369141,0.0001143522,0.0009870311,
0.0008369141,0.0001143522,0.0008369141,0.0005205837,0.0008369141,0.0005205837,0.0005205837,0.0008369141,0.0008369141,0.0009870311,0.0008369141,0.0009870311,0.0008369141,0.0008369141,0.0001143522,0.0009870311,0.0001143522,0.0005116055,0.0005205837,0.0008369141,0.0008369141,0.0009694975,0.0008369141,0.0005973908,0.0009870311,0.0008369141,0.0008369141,0.0005205837,0.0008369141,0.0003320663,
0.0008369141,0.0005205837,0.0001143522,0.0008369141,0.0005205837,0.0009870311,0.0001143522,0.0008369141,0.0005205837,0.0008369141,0.0005205837,0.0008369141,0.0008369141,0.0008369141,0.0008369141,0.0001143522,0.0005205837,0.0008369141,0.0005973908,0.0009870311,0.0009870311,0.0008369141,0.0009870311,0.0009870311,0.0009427995,0.0008369141,0.0009870311,0.0005973908,0.0008369141,0.0003320663,
0.0008369141,0.0008369141,0.0001143522,0.0001143522,0.0008369141,0.0009870311,0.0008369141,0.0005205837,0.0009427995,0.0008369141,0.0005205837,0.0005205837,0.0009427995,0.0008369141,0.0005205837,0.0008369141,0.0008369141,0.0008369141,0.0005205837,0.0008369141,0.0008369141,0.0009870311,0.0008369141,0.0008369141,0.0003320663,0.0008369141,0.0009870311,0.0008369141,0.0008369141,0.0001143522,
0.0005205837,0.0005205837,0.0001143522,0.0008369141,0.0005205837,0.0008369141,0.0008369141,0.0008369141,0.0008369141,0.0008369141,0.0008369141,0.0001143522,0.0008369141,0.0008369141,0.0003320663,0.0008369141,0.0008369141,0.0009870311,0.0008369141,0.0005205837,0.0009870311,0.0008369141,0.0008369141,0.0008369141,0.0005205837,0.0005205837,0.0008369141,0.0008369141,0.0009870311,0.0008369141,
0.0003320663,0.0008369141,0.0008369141,0.0005205837,0.0001143522,0.0008369141,0.0008369141,0.0009870311,0.0008369141,0.0001143522,0.0005205837,0.0008369141,0.0003320663,0.0008369141,0.0008369141,0.0005205837,0.0008369141,0.0008369141,0.0009870311,0.0008369141,0.0009870311,0.0008369141,0.0008369141,0.0008369141,0.0008369141,0.0005205837,0.0008369141,0.0008369141,0.0008369141,0.0008369141,
0.0008369141,0.0009870311,0.0008369141,0.0002962679,0.0008369141,0.0008369141,0.0008369141,0.0008369141,0.0008369141,0.0008369141,0.0008369141,0.0005205837,0.0008369141,0.0009870311,0.0008369141,0.0008369141,0.0008369141,0.0005205837,0.0008369141,0.0008369141,0.0009870311,0.0008369141,0.0008369141,0.0008369141,0.0009870311,0.0005205837,0.0005205837,0.0003320663,0.0005915632,0.0009870311,
0.0005205837,0.0008369141,0.0008369141,0.0008369141,0.0008369141,0.0004738595,0.0003320663,0.0005205837,0.0005915632,0.0008369141,0.0008369141,0.0008369141,0.0009870311,0.0008369141,0.0005205837,0.0002962679,0.0009870311,0.0008369141,0.0005205837,0.0008369141,0.0008369141,0.0008369141,0.0003320663,0.0006862109,0.0008369141,0.0009870311,0.0005205837,0.0008369141,0.0005205837,0.0009542438,
0.0009542438,0.0009870311,0.0003320663,0.0008369141,0.0008369141,0.0008369141,0.0005205837,0.0008369141,0.0008369141,0.0008369141,0.0002962679,0.0008180237,0.0005205837,0.0009870311,0.0005205837,0.0004738595,0.0008369141,0.0004738595,0.0008369141,0.0009542438,0.0005205837,7.533074E-05,0.0008369141,0.0005915632,0.0006862109,0.0008369141,0.0008369141,0.0008369141,0.0008369141,0.0005915632,
0.0004738595,0.0009542438,0.0008369141,0.0008369141,0.0008180237,0.0009870311,0.0008369141,0.0006519369,0.0003320663,0.0004738595,0.0008369141,0.0005205837,0.0006862109,0.0006862109,0.0005205837,0.0006862109,0.0008369141,0.0009542438,0.0006862109,0.0005205837,0.0009870311,0.0008369141,0.0008369141,0.0008369141,0.0005205837,0.0009542438,0.0008369141,0.0008369141,7.533074E-05,0.0004738595,
0.0009542438,0.0006519369,0.0008369141,0.0006862109,0.0009542438,0.0008369141,0.0006519369,0.0008369141,0.0006862109,0.0008369141,0.0008369141,0.0008180237,0.0005205837,0.0008010091,0.0006862109,0.0008369141,0.0005205837,0.0009542438,0.0004738595,0.0006862109,0.0005205837,0.0008055746,0.0008369141,0.0006862109,0.0006862109,0.0008369141,0.0008369141,0.0009870311,0.0008369141,0.0005205837,
0.0008369141,0.0009870311,0.0004738595,0.0004738595,0.0008369141,0.0001129657,0.0005205837,0.0008369141,0.0008369141,0.0005205837,0.0006519369,0.0005205837,0.0003157161,0.0006862109,0.0008369141,0.0004922544,0.0006862109,0.0006862109,0.0008369141,0.0009870311,0.0002915948,0.0008369141,0.0006862109,0.0009542438,0.0005205837,0.0008369141,0.0008473928,0.0006862109,0.0009870311,0.0006862109,
0.0008369141,0.0005205837,0.0004254856,0.0009542438,0.0009870311,0.0009870311,0.0008369141,0.0008902063,0.0003177621,0.0006862109,0.0004922544,0.0006862109,0.0004738595,0.0008369141,0.0009870311,0.0005205837,0.0004738595,0.0002915948,0.0004738595,0.0009542438,0.0006519369,0.0008369141,0.0002778953,0.0006862109,0.0005205837,0.0005205837,0.0005205837,0.0006862109,0.0001129657,0.0004738595,
0.0004738595,0.0009542438,0.0004738595,0.0004738595,0.0004254856,0.0004922544,0.0006862109,0.0009870311,0.0006519369,0.0008369141,0.0004738595,0.0008902063,0.0009542438,0.0004738595,0.0004738595,0.0005205837,0.0004738595,0.0004922544,0.0005205837,0.0004922544,0.0005205837,0.0009870311,0.0004738595,0.0004738595,0.0004254856,0.0005205837,0.0001129657,0.0001129657,0.0006862109,0.0009870311,
0.0004738595,0.0004922544,0.0005205837,0.0001129657,0.0005205837,0.0006862109,0.0004738595,0.0006143262,0.0004219224,0.0004922544,0.0004254856,0.0003292843,0.0009542438,0.0001129657,0.0008902063,0.0004922544,0.0006862109,0.0005205837,0.0009542438,0.0009870311,0.0005205837,0.0004738595,0.0006862109,0.0006862109,0.0006519369,0.0004922544,0.0001129657,0.0004738595,0.0009870311,0.0009542438,
0.0006862109,0.0006862109,0.0004219224,0.0001129657,0.0001111438,0.0005205837,0.0002415344,0.0009542438,0.0005991188,0.0001129657,0.0004738595,0.0009542438,0.0006143262,0.0006862109,0.0001129657,0.0004738595,0.0004219224,0.0003292843,0.0005205837,0.0006862109,0.0006862109,0.0004738595,0.0004254856,0.0004738595,0.0004219224,0.0006862109,0.0005205837,0.0009870311,0.0006862109,0.0005205837,
0.0004738595,0.0009542438,0.0004738595,0.0001129657,0.0003292843,0.0004738595,0.0004219224,0.0005205837,0.0006862109,0.0005205837,0.0009542438,0.0005991188,0.0004738595,0.0001129657,0.0005205837,0.0004254856,0.0003292843,0.0006862109,0.0004219224,0.0005205837,0.0004738595,0.0005205837,0.0007467677,0.0005991188,0.0009542438,0.0006862109,0.0009542438,0.0009542438,0.0009870311,0.0006862109,
0.0004738595,0.0006862109,0.0009542438,0.0009542438,0.0005991188,0.0004738595,0.0007467677,0.0005205837,0.0009542438,0.0009542438,0.0005205837,0.0006862109,0.0006862109,0.0003292843,0.0007467677,0.0005205837,0.0005205837,0.0001129657,0.0009542438,0.0005205837,0.0005205837,0.0009542438,0.0002468275,0.0006862109,0.0005205837,0.0006862109,0.0005130247,0.0006862109,0.0004738595,0.0004219224,
0.0005205837,0.0001129657,0.0006862109,0.0002468275,0.0004456504,0.0006862109,0.0005991188,0.0005205837,0.0004219224,0.0002468275,0.0004219224,0.0009542438,0.0006862109,0.0009542438,0.0002468275,0.0007467677,0.0009542438,0.0001129657,0.0004738595,0.0007258565,0.0001129657,0.0006862109,0.0004219224,0.0005205837,0.0006862109,0.0006862109,0.0007467677,0.0001129657,0.0009542438,0.0009542438,
0.0001129657,0.0005205837,0.0004219224,0.0008607283,0.0001129657,0.0005991188,0.0006862109,0.0009542438,0.0002468275,0.0001129657,0.0007258565,0.0005991188,0.0004219224,0.0007467677,0.0007467677,0.0007467677,0.0005205837,0.0005991188,0.0006862109,0.0004219224,0.0004219224,0.0002468275,0.0002468275,0.0007467677,0.0007258565,0.0006862109,0.0007467677,0.0004219224,0.0004219224,0.0004219224,
0.0006862109,0.0004219224,0.0007467677,0.0007467677,0.0004219224,0.0001129657,0.0001129657,0.0004219224,0.0004219224,0.0005991188,0.0007467677,0.0004219224,0.0004219224,0.0007467677,0.0004219224,0.0004219224,0.0007258565,0.0007258565,0.0007467677,0.0004219224,0.0005991188,0.0003915072,0.0007467677,0.0005840067,0.0004219224,0.0002468275,0.0002725819,0.0001129657,0.0007258565,0.0004219224,
0.0004219224,0.0005991188,0.0002871632,0.0005991188,0.0004219224,0.0007467677,0.0001129657,0.0004219224,0.0005991188,0.0003915072,0.0003915072,0.0001129657,0.0004257539,0.0007258565,0.0004219224,0.0003178694,0.0004219224,0.0003915072,0.0007258565,0.0007467677,0.0005991188,0.0005991188,0.0001129657,0.0002468275,0.0004219224,0.0004219224,0.0009630826,9.347797E-05,0.0002468275,0.0007467677,
0.0007467677,0.0009630826,0.0005991188,0.0001129657,0.0007467677,0.0005991188,0.0003178694,0.0007467677,0.0001129657,0.0007467677,0.0001129657,0.0005991188,0.0003178694,0.0006164529,0.0005991188,0.0004219224,0.0004219224,0.0003178694,0.0004395185,0.0004219224,0.0007467677,0.0002871632,0.0004219224,0.0004219224,0.0004219224,0.0004219224,0.0005991188,0.0004219224,0.0005991188,9.347797E-05,
0.0004219224,0.0004219224,0.0007467677,0.0001129657,0.0001129657,0.0001129657,9.347797E-05,0.0003178694,0.0004219224,0.0005991188,0.0005991188,0.0004219224,0.0007467677,0.0007467677,0.0005991188,0.0004219224,0.0002871632,0.0003178694,0.0003178694,0.0003178694,0.0004219224,0.0007467677,0.0005991188,0.0005991188,0.0007467677,0.0004219224,0.0005991188,0.0003178694,0.0005991188,0.0004219224,
0.0007467677,0.0004219224,0.0004219224,0.0007467677,0.0004104621,0.0001129657,0.0005991188,0.0002871632,0.0004219224,0.0004219224,0.0005991188,0.0007467677,0.0001129657,0.0007467677,0.0003178694,0.0003178694,0.0007467677,0.0004219224,0.0003178694,0.0003178694,0.0003178694,0.0007467677,0.0007467677,0.0004219224,0.0003178694,0.0002871632,0.0004219224,0.0003178694,0.0001129657,0.0001129657,
0.0004219224,0.0004219224,0.0003178694,0.0001129657,0.0003178694,0.0001129657,0.0003178694,0.0007467677,0.0003178694,0.0002871632,0.0003178694,0.0004219224,0.0004219224,0.0005991188,0.0007467677,0.0004219224,0.0003178694,0.0007467677,0.0005991188,0.0003178694,0.0004219224,0.0001129657,0.0007467677,0.0003178694,0.0004219224,0.0004219224,0.0007467677,0.0003178694,0.0003178694,0.0005991188,
0.0001129657,0.0007467677,0.0003178694,0.0007467677,0.0004219224,0.0007467677,0.0003178694,0.0004219224,0.0002871632,0.0005991188,0.0001129657,0.0003178694,0.0003178694,0.0003178694,0.0003178694,0.0007467677,0.0004219224,0.0003178694,0.0003178694,0.0003178694,0.0003178694,0.0003178694,0.0003178694,0.0003178694,0.0004219224,0.0004219224,0.0003178694,0.0002871632,0.0007341232,0.0004219224,
0.0002871632,0.0007341232,0.0005991188,0.0004219224,0.0003178694,0.0004683229,0.0007467677,0.0004219224,0.0003178694,0.0001129657,0.0005991188,0.0003178694,0.0001129657,0.0007467677,0.0007341232,0.0003178694,0.0004219224,0.0003178694,0.0002871632,0.0003178694,0.0005991188,0.0003178694,0.0003178694,0.0007467677,0.0001129657,0.0003178694,0.0003178694,0.0007467677,0.0003178694,0.0007341232,
0.0002871632,0.0007341232,0.0001129657,0.0002871632,0.0007467677,0.0007467677,0.0003178694,0.0001129657,0.0007725207,0.0003178694,0.0004219224,0.0001129657,0.0002871632,0.0004683229,0.0003178694,0.0007341232,0.0004219224,0.0001129657,0.0002871632,0.0004219224,0.0004537475,0.0007467677,0.0005991188,0.0005991188,0.0003178694,0.0007341232,0.0003178694,0.0004219224,0.0001129657,0.0004683229,
0.0002871632,0.0007341232,0.0001129657,0.0002871632,0.0007341232,0.0004683229,0.0003178694,0.0002871632,0.0004219224,0.0002871632,0.0003178694,0.0001129657,0.0007467677,0.0003178694,0.0001129657,0.0004219224,0.0007341232,0.0002871632,0.0005991188,0.0003178694,0.0004219224,0.0004537475,0.0004219224,0.0004683229,0.0003178694,0.0001129657,0.0009791233,0.0001774937,0.0001129657,0.0001129657,
0.0005991188,0.0003178694,0.0009791233,0.0002871632,0.0001129657,0.0003178694,0.0002871632,0.0003178694,0.0001129657,0.0004219224,0.0002871632,0.0001129657,0.0002871632,0.0003178694,0.0002871632,0.0002871632,0.0002871632,0.0003178694,0.0004683229,0.0002871632,0.0007341232,0.0009791233,0.0001129657,0.0001129657,0.0001129657,0.0009700841,0.0007341232,0.0002871632,0.0004922741,0.0003178694,
0.0002871632,0.0004922741,0.0002871632,0.0005991188,0.0002871632,0.0001129657,0.0002871632,0.0003178694,0.0005991188,0.0004922741,0.0001129657,0.0001129657,0.0001129657,0.0005785972,0.0002871632,0.0002871632,0.0003178694,0.0003178694,0.0001129657,0.0004922741,0.0009791233,0.0004683229,0.0003178694,0.0009791233,0.0003178694,0.0004683229,0.0001129657,0.0002871632,0.0001129657,0.0001129657,
0.0002871632,0.0004922741,0.0003178694,0.0004922741,0.0003178694,0.0002871632,0.0001129657,0.0001129657,0.0003178694,0.0001129657,0.0002871632,0.0004922741,0.0001129657,0.0003178694,0.0004922741,0.0002871632,0.0002871632,0.0003178694,0.0004922741,0.0002871632,0.0001129657,0.0001129657,0.0002871632,0.0002871632,0.0003178694,0.0003178694,0.0001129657,0.0003178694,0.0004683229,0.0003178694,
0.0003178694,0.0001129657,0.0003178694,0.0003178694,0.0004922741,0.0003178694,0.0001129657,0.0001129657,0.0002871632,0.0002871632,0.0003178694,0.0004922741,0.0003178694,0.0001129657,0.0003178694,0.0002871632,0.0003178694,0.0003178694,0.0001129657,0.0002871632,0.0002793027,0.0002871632,0.0002871632,0.0001129657,0.0002871632,0.0001129657,0.0002871632,0.0002871632,0.0001129657,0.0003178694,
0.0002871632,0.0003178694,0.0001129657,0.0002871632,0.0002871632,0.0002871632,0.0002871632,0.0003178694,0.0001129657,0.0002871632,0.0009368046,0.0003178694,0.0001129657,0.0004922741,0.0003178694,0.0002871632,0.0002871632,0.0003178694,0.0003178694,0.0003178694,0.0003178694,0.0002871632,0.0003178694,0.0002871632,0.0004922741,0.0002871632,0.0003178694,0.0002871632,0.0003178694,0.0002871632,
0.0002871632,0.0003178694,0.0002871632,0.0001129657,0.0008391095,0.0002871632,0.0003178694,0.0003178694,0.0003178694,0.0001129657,0.0002871632,0.0003178694,0.0003178694,0.0002871632,0.0001129657,0.0002871632,0.0003178694,0.0001129657,0.0001129657,0.0003178694,0.0002871632,0.0002871632,0.0001129657,0.0002871632,0.0002871632,0.0003178694,0.0002871632,0.0003178694,0.0003178694,0.0002871632,
0.0002871632,0.0003178694,0.0003178694,4.764485E-05,0.0002871632,0.0002871632,0.0003178694,0.0003178694,0.0006511019,0.0003178694,0.0002871632,0.0001129657,0.0003178694,0.0003178694,0.0001129657,0.0003178694,0.0001129657,0.0002871632,0.0007255242,0.0006237248,0.0003178694,0.0001129657,0.0003052086,0.0003178694,0.0003178694,0.0008391095,0.0001129657,0.0003178694,0.0002871632,0.0003178694,
0.0003178694,0.0003178694,0.0002871632,0.0008391095,0.0001129657,0.0003178694,0.0003178694,0.0003178694,0.0003178694,0.0003178694,0.0001129657,0.0003178694,0.0002871632,0.0003178694,0.0003178694,0.0003178694,0.0003178694,0.0001129657,0.0003178694,0.0001129657,0.0006511019,0.0007255242,0.0003178694,0.0008391095,0.0005108298,0.0003178694,0.0001129657,0.0003178694,0.0003178694,0.0003178694,
0.0003178694,0.0001129657,0.0003178694,0.0003178694,0.0003178694,0.0002871632,0.0001129657,0.0003178694,0.0003178694,0.0003178694,0.0001129657,0.0008391095,0.0005020998,0.0004774205,0.0003178694,0.0008391095,0.0001129657,0.0003178694,0.0001129657,0.0003178694,0.0002871632,0.0003178694,0.0003178694,0.0001129657,0.0001129657,0.0002871632,0.0007255242,0.0003178694,0.0003178694,0.0007323737,
0.0003178694,0.0007255242,0.0003178694,0.0004774205,0.0001129657,0.0008391095,0.0003178694,0.0001671559,0.0002871632,0.0003178694,0.0003178694,0.0001129657,0.0001129657,0.0003178694,0.0003178694,0.0001129657,0.0002871632,0.0001129657,0.0003178694,0.0003178694,0.0007255242,0.0005020998,0.0003178694,0.0003178694,0.0002871632,0.0003178694,0.0003178694,0.0003178694,0.0001129657,0.0001129657,
0.0001129657,0.0003178694,0.0007255242,0.0002871632,0.0001129657,0.0008391095,0.0003178694,0.0007255242,0.0005020998,0.0003178694,0.0002988474,0.0003178694,0.0003178694,0.0003178694,0.0003178694,0.0003178694,0.0003178694,0.0002871632,0.0003178694,0.0007255242,0.0003178694,0.0003178694,0.0003178694,0.0008391095,0.0003178694,0.0005020998,0.0003178694,0.0003178694,0.0003178694,0.0001129657,
0.0001129657,0.0003178694,0.0003178694,0.0003178694,2.942729E-05,0.0001129657,0.0001129657,0.0003178694,0.0008133557,0.0001129657,0.0003178694,0.0001129657,0.0008391095,0.0003178694,0.0003178694,0.0001129657,0.0007255242,0.0002988474,0.0007255242,0.0003178694,0.0003678076,0.0008391095,0.0003178694,0.0006934482,0.0003178694,0.0001129657,0.0003178694,0.0003178694,0.0003178694,0.0003178694,
0.0001129657,0.0001129657,0.0007255242,0.0003178694,0.0001129657,0.0003178694,0.0003678076,0.0008133557,0.0008133557,0.0003178694,0.0001129657,0.0001129657,0.0001129657,0.0003178694,0.0001129657,0.0003178694,0.0001129657,0.0003178694,0.0002988474,0.0003178694,0.0007255242,2.942729E-05,0.0003178694,0.0003178694,0.0008391095,0.0001129657,0.0003178694,0.0001129657,0.0003178694,0.0003178694,
0.0001129657,0.0001129657,0.0007255242,0.0003678076,0.0003178694,2.942729E-05,0.0007255242,0.0008133557,0.0003178694,0.0001129657,0.0003178694,0.0003178694,0.0008133557,0.0007255242,0.0007255242,0.0001129657,0.0003178694,0.0003178694,2.942729E-05,0.0003178694,0.0007255242,0.0007255242,0.0003178694,0.0003178694,0.0008391095,0.0007255242,0.0001129657,0.0007255242,0.0003178694,0.0001129657,
0.0007255242,0.0008133557,0.0003178694,0.0001129657,0.0001129657,0.0007255242,0.0007255242,0.0003678076,0.0003178694,0.0007255242,0.0003178694,0.0003178694,0.0001129657,0.0001129657,0.0001129657,0.0001027881,0.0007255242,0.0001129657,0.0007255242,0.0003178694,0.0001129657,0.0001129657,0.0007255242,0.0007255242,0.0001129657,0.0003678076,0.0008133557,0.0007255242,0.0001129657,0.0003178694,
0.0001129657,0.0001129657,0.0003907129,0.0001129657,0.0001129657,0.0007255242,0.0001129657,0.0003178694,0.0003178694,0.0003178694,0.0007255242,0.0007255242,0.0003178694,0.0003178694,0.0003178694,0.0001129657,0.0007255242,0.0003178694,0.0001129657,0.0007255242,0.0007255242,5.899835E-05,0.0001129657,0.0007255242,0.0003678076,0.0001129657,0.0001129657,0.0003178694,0.0003178694,0.0003678076,
0.0003178694,0.0007255242,0.0003178694,0.0003178694,0.0007255242,0.0003678076,0.0003178694,0.0003178694,0.0001129657,0.0001129657,0.0001129657,0.0003178694,0.0005853347,0.0007255242,0.0003178694,0.0007255242,0.0001129657,0.0001129657,0.0001129657,0.0003178694,0.0001129657,0.0007255242,0.0001129657,0.0001129657,0.0001129657,0.0003178694,0.0003178694,0.0003178694,0.0003178694,0.0007255242,
0.0003178694,0.0007255242,0.0001129657,0.0003178694,0.0003678076,0.0001129657,0.0001129657,0.0007255242,0.0003678076,0.0003178694,0.0003178694,0.0001129657,0.0001129657,0.0001129657,0.0001129657,0.0007255242,0.0007255242,0.0003178694,0.0003178694,0.0003178694,0.0003178694,0.0007255242,0.0003178694,0.0001129657,0.0001129657,0.0003678076,0.0003178694,0.000934055,0.0003178694,0.0003178694,
0.0003178694,0.0003178694,0.0001129657,0.0003178694,0.0003678076,0.0003178694,0.0001129657,0.0003178694,0.0003178694,0.0001129657,0.0003178694,0.0003678076,0.0003178694,0.0003678076,0.0001129657,0.0003178694,0.00080475,0.0003178694,0.0007255242,0.0001129657,0.0003178694,0.0003178694,0.0003178694,0.0001129657,0.0003178694,0.0007255242,0.0003178694,0.0001129657,0.0001129657,0.0003178694,
0.0003178694,0.0003178694,0.0003178694,0.0003178694,0.0003178694,0.0003678076,0.0001129657,0.0003178694,0.0003178694,0.0001129657,0.0003178694,0.0003178694,0.0003178694,0.0003178694,0.0001129657,0.000120005,0.0001129657,0.0003178694,0.0003178694,0.0003178694,0.0003178694,0.0003178694,0.0003178694,0.0003178694,0.0001129657,0.0001129657,0.0003678076,0.0001129657,0.0001129657,0.0003178694,
0.0001129657,0.0003178694,0.0003178694,0.0003178694,0.0003178694,0.0003178694,0.0003178694,0.0003178694,0.0003178694,0.0001129657,0.0003178694,0.0003178694,0.0003178694,0.0003178694,0.000120005,0.0003178694,0.0003178694,0.0003678076,0.0003178694,0.000120005,0.0003178694,0.0003178694,0.0001129657,0.0003178694,0.0001129657,0.0001129657,0.0003178694,0.0001129657,0.0003178694,0.0003178694,
0.0001129657,0.0003178694,0.0004529108,0.0003178694,0.0003178694,0.0001129657,0.0003178694,0.0003178694,0.0003178694,0.0003178694,0.0003678076,0.0003178694,0.0001129657,0.0003178694,0.0003178694,0.0003178694,0.0001129657,0.000120005,0.0001129657,0.0003178694,0.0005367594,0.0003178694,0.0001129657,0.0003178694,0.0001129657,0.000120005,0.0003178694,0.0001129657,0.0003178694,0.0003178694,
0.0003178694,0.0003178694,0.0001129657,0.0003178694,0.0003178694,0.0001129657,0.0003178694,0.0001129657,0.0003178694,0.0003178694,0.0001129657,0.0003178694,0.0003178694,0.0001129657,0.0003178694,0.0001129657,0.0001129657,0.0001129657,0.0003178694,0.0003178694,0.0001129657,0.0003178694,0.0003178694,0.0003178694,0.0003178694,0.0001129657,0.0003178694,0.0001129657,0.0003178694,0.0001129657,
0.0003178694,0.0001129657,0.0003178694,0.0001129657,0.0009187788,0.0001129657,0.0001129657,0.0001129657,0.0003178694,0.0003178694,0.0003178694,0.0003178694,0.0003178694,0.0003178694,0.0003178694,0.0003178694,0.0001129657,0.0003178694,0.000228171,0.0001129657,0.0001129657,0.0001129657,0.0003178694,0.0001129657,0.0003178694,0.0003178694,0.0003178694,0.0001129657,0.0001129657,0.0001129657,
0.0003178694,0.0001129657,0.0003178694,0.0001129657,0.0003178694,0.0003178694,0.0003178694,0.0001129657,0.0003178694,0.0003178694,0.0001129657,0.000228171,0.0003178694,0.0003178694,0.0001129657,0.0003178694,0.0003178694,0.0003178694,0.0001129657,0.0003178694,0.0003178694,0.000228171,0.0003178694,0.0003178694,0.0003178694,0.0001129657,0.0001129657,0.0003178694,0.0001129657,0.0003178694,
0.000228171,0.0003178694,0.0003178694,0.0003178694,0.0003178694,0.0003178694,0.0003178694,0.0003178694,0.0003178694,0.0003178694,0.0005010671,0.000228171,0.0001129657,0.0003178694,0.0003178694,0.0003178694,0.0003178694,0.0003178694,0.0003178694,0.0003178694,0.0001129657,0.0003178694,0.0003178694,0.0003178694,0.0003178694,0.000228171,0.0001129657,0.0003178694,0.0001129657,0.0003178694,
0.0003178694,0.0003178694,0.0003178694,0.0003178694,0.0003178694,0.000228171,0.0005010671,0.0003178694,0.0003178694,0.0003178694,0.0003178694,0.0001129657,0.0003178694,0.0003178694,6.276369E-05,0.000228171,0.0003178694,0.0003178694,0.0003178694,0.000228171,0.0001129657,0.0003178694,0.0003178694,0.0001129657,0.0003178694,0.0003178694,0.0003178694,0.0003178694,0.0003178694,0.000228171,
0.0003178694,6.276369E-05,0.0003178694,0.000228171,0.0003178694,0.0003178694,0.0005010671,0.0001129657,0.0003178694,0.0003178694,0.000228171,0.0003178694,0.0005010671,0.0003178694,0.0002234101,0.000228171,0.0001129657,0.0003178694,0.0003178694,0.000228171,0.0003178694,0.0003178694,0.0003178694,0.0003178694,0.0003178694,0.0001129657,0.0003178694,0.0003178694,0.0003178694,0.0003178694,
0.0005010671,0.0001129657,0.0003178694,0.0003178694,0.0003178694,0.0003178694,0.0003178694,0.0005010671,0.0003178694,0.0003178694,0.0003178694,0.0003178694,0.000228171,0.0003178694,0.0003178694,0.000228171,0.000228171,0.0003178694,0.0003178694,0.0003178694,0.0003178694,0.0003178694,0.0003178694,0.0001129657,0.0003178694,0.0003178694,0.0003178694,0.0003178694,0.0003178694,0.0003178694,
0.0003178694,0.0003178694,0.0003178694,0.0005010671,0.0003178694,0.0003178694,0.000228171,0.0003178694,0.0005010671,0.0003178694,0.0001129657,0.0003178694,0.0003178694,0.0003178694,0.0003178694,0.000228171,0.0003178694,0.0003178694,0.0003178694,0.0003178694,0.0003178694,0.0003178694,0.0003178694,0.0003178694,0.0001129657,0.0005010671,0.0003178694,0.0003178694,0.0003178694,0.000228171,
0.0003178694,0.0003178694,0.0003178694,0.0003178694,0.0005010671,0.0001129657,0.0003178694,0.0003178694,0.0003178694,0.0003178694,0.0001129657,0.0003178694,0.0003178694,0.0003178694,0.0003178694,0.0003178694,0.0003178694,0.0003178694,0.0003178694,0.0003178694,0.0003178694,0.0001129657,0.0003178694,0.0001129657,0.0003178694,0.0003178694,0.0003178694,0.0003178694,0.0005760727,0.0003178694,
0.0003178694,0.0003178694,0.0003178694,0.0001129657,0.0005010671,0.0003178694,0.0003178694,0.0003178694,0.0003178694,0.0003178694,0.0003178694,0.0004750067,0.0001129657,0.0003178694,0.0003178694,0.0003178694,0.0003178694,0.0003178694,0.0003178694,0.0003178694,0.0003178694,0.0003178694,0.0001129657,0.0003178694,0.0003178694,0.0003178694,0.0003178694,0.0003178694,0.0003178694,0.0003178694,
0.0003178694,0.0004750067,0.0001129657,0.0003178694,0.0003178694,0.0003178694,0.0003178694,0.0007257726,0.0003178694,0.0005010671,0.0003178694,0.0003178694,0.0003178694,0.0003178694,0.0006135493,0.0003178694,0.0003178694,0.0003178694,0.0003178694,0.0003178694,0.0003178694,0.0001129657,0.0003178694,0.0003178694,0.0004750067,0.0003178694,0.0003178694,0.0004750067,0.0003178694,0.0003178694,
0.0003178694,0.0006135493,0.0003178694,0.0001129657,0.0001129657,0.0004750067,0.0003178694,0.0003178694,0.0003178694,0.0001129657,0.0003178694,0.0003178694,9.536732E-05,0.0004750067,0.0004750067,0.0003178694,0.0001129657,0.0003178694,0.0003178694,0.0003178694,0.0003178694,0.0003178694,0.0001129657,0.0003178694,0.0004750067,0.0006135493,0.0003178694,0.0003178694,0.0004750067,0.0003178694,
0.0001129657,0.0004750067,0.0003178694,0.0006135493,0.0003178694,0.0004750067,0.0001129657,0.0001129657,0.0003178694,0.0003178694,0.0001129657,0.0003178694,0.0003178694,0.0004750067,0.0004750067,0.0003178694,0.0001129657,0.0003178694,0.0003178694,0.0003178694,0.0004750067,0.0003178694,0.0003178694,0.0006135493,0.0003178694,0.0006192512,0.0003178694,0.0003178694,0.0004750067,0.0003178694,
0.0001129657,0.0003178694,0.0003178694,0.0003178694,0.0003178694,0.0003178694,0.0004750067,0.0001129657,0.0003178694,0.0004750067,0.0003178694,0.0003178694,0.0003178694,0.0003178694,0.0003178694,0.0003178694,0.0004750067,0.0003178694,0.0003178694,0.0003178694,0.0006135493,0.0006192512,0.0004750067,0.0003178694,0.0003178694,0.0006135493,0.0006135493,0.0003178694,0.0003178694,0.0006135493,
0.0001129657,0.0003178694,0.0003178694,0.0004750067,0.0003178694,0.0008904108,0.0004750067,0.0006135493,0.0003178694,0.0003178694,0.0006135493,0.0001129657,0.0003178694,0.0003178694,0.0003178694,0.0003178694,0.0003178694,0.0003178694,0.0003178694,0.0004750067,0.0006135493,0.0006135493,0.0003178694,0.0003178694,0.0004750067,0.0003178694,0.0003178694,0.0004750067,0.0003178694,0.0002647486,
0.0006135493,0.0001129657,0.0007647717,0.0003178694,0.0006135493,0.0003178694,0.0004750067,0.0006135493,0.0001129657,0.0004750067,0.0008904108,0.0003178694,0.0006135493,0.0001129657,0.0003178694,0.0004750067,0.0006135493,0.0004750067,0.0003178694,0.0001129657,0.0003178694,0.0003345285,0.0003178694,0.0006135493,0.0003178694,0.0004750067,0.0003178694,0.0003178694,0.0001129657,0.0003178694,
0.0004750067,0.0008904108,0.0001129657,0.0006135493,0.0004750067,0.0004750067,0.0001129657,0.0003178694,0.0003178694,0.0003178694,0.0006135493,0.0004750067,0.0004750067,0.0001129657,0.0003178694,0.0006135493,0.0003178694,0.0008904108,0.0007155607,0.0003178694,0.0001129657,0.0001129657,0.0001532287,0.0004750067,0.0006135493,0.0006135493,0.0003178694,0.0007647717,0.0002401817,0.0001129657,
0.0003178694,0.0004750067,0.0003178694,0.0003178694,0.0004750067,0.0006135493,0.0006135493,0.0006135493,0.0006135493,0.0007155607,0.0001129657,0.0004750067,0.0004750067,0.0004750067,0.0006135493,0.0006135493,0.0003178694,0.0001129657,0.0001129657,0.0001129657,0.0007647717,0.0001532287,0.0007647717,0.0006135493,0.0004750067,0.0003178694,0.0001219986,0.0006135493,0.0003178694,0.0003178694,
0.0006135493,0.0007155607,0.0003178694,0.0004750067,0.0004750067,0.0004750067,0.0006135493,0.0003178694,0.0004750067,0.0007155607,0.0006135493,0.0006135493,0.0001129657,0.0006135493,0.0006135493,0.0004750067,0.0006135493,0.0007647717,0.0007647717,0.0006135493,0.0006135493,0.0001532287,0.0003178694,0.0004750067,0.0004750067,0.0001129657,0.0006135493,0.0004750067,0.0007647717,0.0006135493,
0.0004750067,0.0004750067,0.0006066314,0.0006135493,0.0007647717,0.0006135493,0.0008943994,0.0004701199,0.0006135493,0.0006135493,0.0007647717,0.0006135493,0.0004750067,0.0009510935,0.0006135493,0.0006135493,0.0006019358,0.0006135493,0.0006135493,0.0007155607,0.0004750067,0.0007155607,0.0006135493,0.0006135493,0.0004750067,0.0006135493,0.0004750067,0.0006135493,0.0001532287,0.0006135493,
0.0006135493,0.0004701199,0.0004750067,0.0006135493,0.0008943994,0.0006135493,0.0004750067,0.0006135493,0.0004750067,0.0004750067,0.0004750067,0.0004750067,0.0006135493,0.0006135493,0.0006135493,0.0007155607,0.0004750067,0.0006135493,0.0006135493,0.0006135493,0.0006135493,0.0006135493,0.0006135493,0.0006135493,0.0004750067,0.0006135493,0.0007647717,0.0007647717,0.0004750067,0.0006135493,
0.0006135493,0.0007155607,0.0004750067,0.0004750067,0.0006135493,0.0004750067,0.0007155607,0.0006135493,0.0007155607,0.0006135493,0.0006135493,0.0006135493,0.0004750067,0.0006135493,0.0006488381,0.0006135493,0.0004750067,0.0004750067,0.0006135493,0.0004750067,0.0006135493,0.0007155607,0.0004701199,0.0004701199,0.0007155607,0.0006135493,0.0007647717,0.0006135493,0.0008943994,0.0004750067,
0.0004750067,0.0006135493,0.0006488381,0.0006135493,0.0004750067,0.0004750067,0.0006135493,0.0004750067,0.0006135493,0.0007155607,0.0004750067,0.0006135493,0.0004750067,0.0006488381,0.0007155607,0.0006135493,0.0004312865,0.0006135493,0.0006135493,0.0007155607,0.0006135493,0.0004750067,0.0006135493,0.0006135493,0.0006135493,0.0007155607,0.0006135493,0.0006135493,0.0004750067,0.0006135493,
0.0007155607,0.0006135493,0.0006135493,0.0006135493,0.0004750067,0.0004750067,0.0004750067,0.0006135493,0.0006135493,0.0004750067,0.0006135493,0.0006135493,0.0004750067,0.0006135493,0.0007155607,0.0004750067,0.0006135493,0.0004750067,0.0006135493,0.0006135493,0.0004750067,0.0005986838,0.0003579108,0.0006488381,0.0006135493,0.0004312865,0.0004750067,0.0006135493,0.0004750067,0.0004750067,
0.0007155607,0.0004750067,0.0005986838,0.0006135493,0.0006135493,0.0003579108,0.0004750067,0.0006488381,0.0006135493,0.0006135493,0.0004750067,0.0007155607,0.0007155607,0.0005986838,0.0006135493,0.0004750067,0.0006135493,0.0004312865,0.0006135493,0.0004750067,0.0007155607,0.0004750067,0.0006135493,0.0006135493,0.0006135493,0.0007155607,0.0004750067,0.0006135493,0.0006135493,0.0004750067,
0.0006135493,0.0006135493,0.0006135493,0.0007840413,0.0001211891,0.0007155607,0.0005986838,0.0006488381,0.0004312865,0.0004750067,0.0004750067,0.0006135493,0.0005037953,0.0005986838,0.0006135493,0.0006135493,0.0006135493,0.0004750067,0.0006135493,0.0004750067,0.0006135493,0.0007155607,0.0003579108,0.0004750067,0.0006135493,0.0004750067,0.0006488381,0.0006135493,0.0005986838,0.0004750067,
0.0001211891,0.0006135493,0.0005037953,0.0006135493,0.0004750067,0.0006135493,0.0006135493,0.0006135493,0.0006135493,0.0003579108,0.0006135493,0.0006135493,0.0005986838,0.0007155607,0.0007155607,0.0005986838,0.0008841713,0.0005986838,0.0004750067,0.0007840413,0.0003579108,0.0003579108,0.0005986838,0.0006135493,0.000582743,0.0006135493,0.0007155607,0.0006488381,0.0004750067,0.0006135493,
0.0003579108,0.0003579108,0.0006135493,0.0004750067,0.0005037953,0.0005986838,0.0005986838,0.0006135493,0.0007155607,0.0005986838,0.0006135493,0.0001211891,0.0006135493,0.000582743,0.0007155607,0.0006135493,0.0006135493,0.000941132,0.0003579108,0.0003579108,0.0006135493,0.0006135493,0.0006135493,0.0006135493,0.0007155607,0.0006135493,0.0006135493,0.0005037953,0.0006135493,0.0001211891,
0.0005986838,0.0006135493,0.0007155607,0.0006135493,0.0006135493,0.0006135493,0.0006135493,0.0006135493,0.0003549045,0.0006135493,0.0003579108,0.0006135493,0.0005986838,0.0003579108,0.0007605664,0.0003579108,0.0003579108,0.000582743,0.0006135493,0.0006135493,0.000941132,0.0006135493,0.0007155607,0.0003579108,0.0005986838,0.0006135493,0.0005986838,0.0005986838,0.0003579108,0.0007155607,
0.0006135493,0.0006135493,0.0003579108,0.0009720798,0.0005986838,0.0003579108,0.0006135493,0.000288082,0.0003579108,0.0007605664,0.0006135493,0.0006135493,0.0003579108,0.0006135493,0.0007605664,0.0006135493,0.0005986838,0.0005986838,0.0006135493,0.0003579108,0.0006135493,0.0005986838,0.0007155607,0.0007579028,0.0006135493,0.0003549045,0.0006135493,0.0006135493,0.0003579108,0.0006135493,
0.0006135493,0.0003549045,0.0003579108,0.0006135493,0.0003579108,0.0006135493,0.0003579108,0.0006135493,0.0006135493,0.0005986838,0.0006135493,0.0006135493,0.0003549045,0.0005840168,0.0002037514,0.0006135493,0.0005986838,0.0006135493,0.0006135493,0.0007155607,0.0003549045,0.0007579028,0.0006135493,0.0005986838,0.0006135493,0.0007155607,0.0003579108,0.0007579028,0.0006135493,0.0006135493,
0.0006135493,0.0003549045,0.0006135493,0.0003579108,0.0003579108,0.0006135493,0.0006135493,0.0005986838,0.0006135493,0.0007155607,0.0005986838,0.0005986838,0.0006135493,0.0006135493,0.0003579108,0.0006135493,0.0006135493,0.0003579108,0.0006135493,0.0006135493,0.0005840168,0.0003549045,0.0003579108,0.0006135493,0.0005986838,0.0003549045,0.0003549045,0.0003549045,0.0005986838,0.0005986838,
0.0006135493,0.0006135493,0.0003579108,0.0006135493,0.0003549045,0.0003549045,0.0003549045,0.0006135493,0.0006135493,0.0006135493,0.0006135493,0.0003579108,0.0003579108,0.0003579108,0.0003579108,0.0004364527,0.0003549045,0.0006135493,0.0005986838,0.0006135493,0.0006135493,0.0005986838,0.0005986838,0.0003579108,0.0005840168,0.0006135493,0.0003549045,0.0006135493,0.0006135493,0.0006135493,
0.0003549045,0.0003549045,0.0003549045,0.0006135493,0.0003579108,0.0003549045,0.0006135493,0.0006135493,0.0003579108,0.0006135493,0.0003549045,0.0005986838,0.0003579108,0.0003579108,0.0006135493,0.0006135493,0.0003579108,0.0005986838,0.0004364527,0.0006135493,0.0006135493,0.0003579108,0.0006135493,0.0006135493,0.0003549045,0.0006135493,0.0005840168,0.0006135493,0.0006135493,0.0003579108,
0.0006135493,0.0006135493,0.0006135493,0.0004364527,0.0003549045,0.0005840168,0.0005986838,0.0003579108,0.0003549045,0.0003549045,0.0003579108,0.0006135493,0.0003579108,0.0003579108,0.0006135493,0.0003271482,0.0001351177,0.0005840168,0.0003549045,0.0003579108,0.0003579108,0.0003549045,0.0006135493,0.0003579108,0.0003579108,0.0003579108,0.0006135493,0.0006135493,0.0006135493,0.0003579108,
0.0003549045,0.0003579108,0.0003579108,0.0003579108,0.0001351177,0.0003579108,0.0003271482,0.0006135493,0.0004364527,0.0003579108,0.0006135493,0.0003579108,0.0003549045,0.0006135493,0.0003549045,0.0001228895,0.0006135493,0.0005840168,0.0006135493,0.0003579108,0.0003579108,0.0003579108,0.0003579108,0.0003579108,0.0003271482,0.0003579108,0.0003579108,0.0003549045,0.0006135493,0.0005986838,
0.0003549045,0.0006135493,0.0006135493,0.0005840168,0.0003579108,0.0003579108,0.0003549045,0.0003579108,0.0001228895,0.0001228895,0.0007247633,0.0005986838,0.0003549045,0.0003592859,0.0004364527,0.0005840168,0.0003579108,0.0003549045,0.0009429595,0.0001351177,0.0003579108,0.0003579108,0.0007860339,0.0006135493,0.0003579108,0.0003549045,0.0003579108,0.0006135493,0.0005840168,0.0006135493,
0.0006135493,0.0003579108,0.0007247633,0.0004364527,0.0003579108,0.0003549045,0.0005986838,0.0003549045,0.0008430279,0.0003592859,0.0003579108,0.0003579108,0.0003579108,0.0007247633,0.0003579108,0.0009429595,0.0003549045,0.0005840168,0.0003579108,0.0006135493,0.0005840168,0.0003579108,0.0003592859,0.0001228895,0.0003579108,0.0003579108,0.0001351177,0.0009429595,0.0005840168,0.0003579108,
0.0001351177,0.0003579108,0.0005840168,0.0003549045,0.0003549045,0.0003579108,0.0003579108,0.0003579108,0.0003579108,0.0003579108,0.0005986838,0.0009429595,0.0005840168,0.0004364527,0.0001351177,0.0006135493,0.0003579108,0.0004364527,0.0009429595,0.0007247633,0.0003579108,0.0003579108,0.0003579108,0.0007247633,0.0003579108,0.0005986838,0.0003549045,0.0003549045,0.0003579108,0.0003549045,
0.0003579108,0.0009429595,0.0007247633,0.0006135493,0.0006135493,0.0004364527,0.0003549045,0.0006135493,0.0003579108,0.0006135493,0.0001351177,0.0004364527,0.0003549045,0.0001351177,0.0007247633,0.0005986838,0.0003579108,0.0003579108,0.0005840168,0.0005986838,0.0003579108,0.0007247633,0.0009429595,0.0003579108,0.0003579108,0.0003549045,0.0005986838,0.0005840168,0.0007247633,0.0004364527,
0.0003549045,0.0005986838,0.0003579108,0.0003579108,0.0001351177,0.0001351177,0.0005840168,0.0003579108,0.0003549045,0.0005986838,0.0005086041,0.0006135493,0.0003579108,0.0006135493,0.0005840168,0.0005840168,0.0004364527,0.0007247633,0.0003579108,0.0003579108,0.0004364527,0.0003579108,0.0005840168,0.0003579108,0.0001351177,0.0005986838,0.0006135493,0.0006135493,0.0002013042,0.0005986838,
0.0005840168,0.0003549045,0.0005840168,0.0003579108,0.0002013042,0.0003579108,0.0007247633,0.0005840168,0.0006135493,0.0005986838,0.0001351177,0.0005840168,0.0004364527,0.0005840168,0.0005986838,0.0004364527,0.0003579108,0.0006135493,0.0005840168,0.0001351177,0.000137229,0.0005840168,0.0003579108,0.0003579108,0.0006135493,0.0006135493,0.0003579108,0.0005986838,0.0003579108,0.0003579108,
0.0005840168,0.0006135493,0.0001351177,0.0006135493,0.0006135493,0.0005840168,0.0003579108,0.0005840168,0.0005840168,0.0004364527,0.0006135493,0.0005840168,0.0007247633,0.0005986838,0.0005840168,0.0006135493,0.0005986838,0.0006135493,0.0002013042,0.0006135493,0.0004364527,0.0005840168,0.0006135493,0.0003579108,0.0004364527,0.0005840168,0.0001351177,0.0005840168,0.0005840168,0.0005840168,
0.0005840168,0.0005840168,0.0005840168,0.0004364527,0.0005840168,0.0005840168,0.0004364527,0.0004364527,0.0006135493,0.0005840168,0.0005986838,0.0006135493,0.0005986838,0.0005231716,0.0005840168,0.0004364527,0.0006135493,0.0002013042,0.0001351177,0.0004364527,0.0007247633,0.0003579108,0.0006054929,0.0002013042,0.0006135493,0.0006135493,0.0006135493,0.0002319982,0.0005840168,0.0006135493,
0.0005840168,0.0004364527,0.0002319982,0.0004364527,0.0005840168,0.0006135493,0.0005840168,0.0001351177,0.0002013042,0.0006135493,0.0005840168,0.0004364527,0.0003579108,0.0005840168,0.0005840168,0.0001293082,0.0002319982,0.0005840168,0.0004364527,0.0004868389,0.0006135493,0.0006054929,0.0004364527,0.0005840168,0.0006135493,0.0002319982,0.0005840168,0.0006135493,0.0006135493,0.0005986838,
0.0006135493,0.0005840168,0.0004364527,0.0005840168,0.0005840168,0.0004364527,9.886456E-05,0.0004364527,0.0005840168,0.0004364527,0.0004364527,0.0006135493,0.0003579108,0.0006135493,0.0001293082,0.0005986838,0.0001351177,0.0006135493,0.0001293082,0.0009619736,0.0008795907,0.0005840168,0.0006135493,0.0004364527,0.0006054929,0.0005840168,0.0005840168,0.0004364527,0.0006135493,0.0006135493,
0.0004364527,0.0004364527,0.0006135493,0.0006135493,0.0004364527,0.0009619736,0.0005840168,0.0008795907,0.0005840168,0.0006135493,0.0005840168,0.0005840168,0.0006135493,0.0001351177,0.0004364527,0.0006135493,0.0005840168,0.0006135493,0.0006377322,0.0004364527,0.0004364527,0.0009619736,0.0008795907,0.0006135493,0.0006135493,0.0005840168,0.0005986838,0.0004364527,0.0004364527,0.0006135493,
0.0006135493,0.0004364527,0.0004364527,0.0008795907,0.0005986838,0.0009619736,0.0006135493,0.0004364527,0.0005840168,0.0005840168,0.0006135493,0.0005840168,0.0006135493,0.0005840168,0.0005986838,0.0004364527,0.0006135493,0.0006135493,0.0006135493,0.0004364527,0.0004364527,0.0004364527,0.0004364527,0.0004364527,0.0004364527,0.0004364527,0.0004364527,0.0005840168,0.0006135493,0.0005840168,
0.0006135493,0.0004364527,0.0006135493,0.0005986838,0.0004364527,0.0004364527,0.0005840168,0.0004364527,0.0004364527,0.0005986838,0.0004364527,0.0006135493,0.0004364527,0.0004364527,0.0005840168,0.0005840168,0.0009619736,0.0005840168,0.0004364527,0.0006135493,0.0008795907,0.0005840168,0.0004364527,0.0006135493,0.0006135493,0.0006135493,0.0006135493,0.0006135493,0.0006135493,0.0006135493,
0.0005840168,0.0006135493,0.0006135493,0.0004364527,0.0008795907,0.00062731,0.0006135493,0.0004364527,0.0006135493,0.0001752958,0.0004364527,0.0004364527,0.0005986838,0.0004364527,0.0009619736,0.0009619736,0.0008795907,0.0001037126,0.0006135493,0.0004364527,0.0006135493,0.0005840168,0.0006135493,0.0005840168,0.0006135493,0.0004364527,0.0007635647,0.0004364527,0.0008475912,0.0004364527,
0.0004364527,0.0006135493,0.0006135493,0.0006135493,0.0009619736,0.0007635647,0.0008882855,0.00062731,0.0006135493,0.0001037126,0.0006135493,0.0009619736,0.0004364527,0.0008795907,0.0005840168,0.0009619736,0.0006135493,0.0006135493,0.0009619736,0.0004364527,0.0006135493,0.0004364527,0.0005840168,0.0004364527,0.0008795907,0.0006135493,0.0004364527,0.0004364527,0.0006135493,0.0004364527,
0.0004364527,0.0008795907,0.0009619736,0.0009619736,0.0006135493,0.0006135493,0.0004364527,0.0006135493,0.0006135493,0.0006135493,0.0006135493,0.0008795907,0.0004364527,0.0006135493,0.0004364527,0.0008882855,0.0002927478,0.0006135493,0.0004364527,0.0001037126,0.0001292609,0.0007635647,0.0009619736,0.0008795907,0.0009921802,0.0006135493,0.0006330687,0.0006135493,0.0006135493,0.0004364527,
0.0006135493,0.0006135493,0.0009619736,0.0006135493,0.0006135493,0.0006135493,0.0004364527,0.0006135493,0.0002927478,0.0006135493,0.0006135493,0.0006330687,0.0004364527,0.0001292609,0.0008882855,0.0004364527,0.0006135493,0.0004364527,0.0006135493,0.0006135493,0.0006135493,0.0004364527,0.0004364527,0.0009921802,0.0006135493,0.0001292609,0.0004364527,0.0004364527,0.0008882855,0.0006135493,
0.0006135493,0.0004364527,0.0009921802,0.0001292609,0.0006135493,0.0006135493,0.0004364527,0.0004364527,0.0006135493,0.0004364527,0.0006135493,0.0004364527,0.0004364527,0.0001292609,0.0006135493,0.0004364527,0.0001292609,0.0009619736,0.0006135493,0.0006135493,0.0006135493,0.0006135493,0.0004364527,0.0006135493,0.0006135493,0.0006135493,0.0004364527,0.0004364527,0.0008304673,0.0004364527,
0.0001292609,0.0006135493,0.0004364527,0.0006135493,0.0001292609,0.0004364527,0.0006135493,0.0006135493,0.0006135493,0.0009863068,5.798924E-05,0.0006135493,0.0006135493,0.0004364527,0.0004364527,0.0004364527,0.0006135493,0.0006135493,0.0004364527,0.0006135493,0.0004364527,0.0006135493,0.0004364527,0.0006135493,0.0004364527,0.0008304673,0.0006135493,0.0004364527,0.0004364527,0.0006135493,
0.0008304673,0.0006135493,0.0004364527,0.0006135493,0.0006135493,0.0006135493,0.0004364527,0.0004364527,0.0006135493,0.0004364527,0.0006135493,0.0004364527,0.0004364527,0.0006135493,0.0006135493,0.0006135493,0.0004364527,0.0004364527,0.0008304673,0.0004364527,0.0004364527,0.0006135493,0.0004364527,0.0008304673,0.0006135493,3.442478E-05,0.0008304673,0.0006135493,0.0004364527,0.0006135493,
0.0004364527,0.0004364527,0.0006135493,0.0006135493,0.0008304673,0.0004364527,0.0008304673,0.0006135493,0.0006135493,3.442478E-05,0.0006135493,0.0004364527,0.0004364527,0.0006135493,0.0006135493,0.0006135493,0.0004364527,0.0006135493,0.0004364527,0.0006135493,0.0001625694,0.0006135493,0.0004364527,0.0004364527,0.0004364527,0.0004364527,0.0006135493,0.0004364527,0.0004364527,0.0004364527,
0.0004364527,0.0004364527,0.0008304673,0.0004364527,0.0008565328,0.0004364527,0.0008304673,0.0001860687,0.0004364527,0.0006135493,0.0006135493,0.0006135493,0.0004364527,0.0008304673,0.0004364527,0.0006135493,0.0004364527,0.0004364527,0.0004364527,0.0004364527,0.0004364527,0.0006135493,3.442478E-05,0.0006135493,0.0004364527,0.0004364527,0.0008304673,0.0004364527,0.0006135493,0.0004364527,
0.0008304673,0.0006135493,0.0004364527,0.0004364527,0.0004364527,0.0004364527,0.0004364527,0.0006135493,0.0006135493,0.0004364527,0.0001860687,0.0004364527,0.0001860687,0.0008304673,0.0006135493,0.0006135493,0.0004364527,0.0004364527,0.0004364527,0.0008304673,0.0004364527,0.0006135493,0.0006135493,0.0004364527,0.0001752467,0.0004364527,0.0004364527,0.0008304673,0.0008565328,0.0006135493,
0.0006135493,0.0008304673,0.0004364527,0.0001752467,0.0008304673,0.0001752467,0.0008565328,0.0001860687,0.0006135493,0.0002723091,0.0004364527,0.0007906618,0.0006135493,0.0004364527,0.0005233251,0.0006135493,0.0008304673,0.0004364527,0.0004364527,0.0006135493,0.0001860687,0.0008304673,0.0004364527,0.0006135493,0.0008304673,0.0004364527,0.0008565328,0.0003059859,0.0008304673,0.0008565328,
0.0008304673,0.0006135493,0.0008304673,0.0008565328,0.0006135493,0.0001752467,0.0001860687,0.0006135493,0.0001860687,0.0008304673,0.0008304673,0.0001860687,0.0008565328,0.0008304673,0.0001860687,5.027342E-05,0.0001752467,0.0008565328,0.0006135493,0.0008304673,0.0006135493,0.0008304673,0.0003059859,0.0006135493,0.000978488,0.0001860687,0.0006135493,0.0006135493,0.0004364527,0.0004364527,
0.0001860687,0.0008304673,0.0006135493,0.0001860687,0.0001752467,0.0001752467,0.0008304673,0.0001752467,0.0008304673,0.0008304673,0.0001752467,0.0006135493,0.0006135493,0.0006135493,0.0001752467,0.0008304673,0.0001752467,0.0006135493,0.0008304673,0.0006135493,0.0008304673,0.0008304673,0.0003059859,0.0006135493,0.0001752467,0.0008304673,0.000978488,0.0008304673,0.0006135493,0.0008565328,
0.0003059859,0.000978488,0.0006135493,0.0001752467,0.0008304673,0.0008304673,0.0006135493,0.0003059859,0.0003059859,0.0006135493,0.0001752467,0.0006135493,0.000978488,0.000978488,0.0006135493,0.0006135493,0.0003059859,0.0006135493,0.0004490708,0.0008304673,0.0006135493,1.0409E-05,0.0001073346,0.0008304673,0.0008304673,0.000978488,0.000978488,0.0006135493,0.0008565328,0.000978488,
0.000978488,0.000978488,0.000978488,0.0006135493,0.0008304673,0.0006135493,0.0006135493,0.0003059859,0.0001752467,0.0001752467,0.0006135493,0.0008304673,0.0006135493,0.0006135493,0.000978488,0.0003059859,0.0001752467,0.000978488,4.079867E-05,0.0008304673,0.0006135493,0.0003059859,0.0008565328,1.0409E-05,0.000978488,0.000978488,0.0003059859,0.000978488,0.0003059859,0.0008304673,
0.000978488,0.0001752467,4.079867E-05,0.0006135493,0.000978488,0.0003059859,0.0001752467,0.000978488,0.0006135493,0.0006135493,0.0008304673,0.0003059859,0.0003059859,0.0008304673,0.0008304673,0.0001564418,0.0008304673,0.0008304673,0.000978488,0.0006135493,0.0008304673,0.0006135493,7.590735E-05,0.0006135493,0.000978488,0.0003059859,0.0006135493,0.000978488,0.0006135493,0.000978488,
7.590735E-05,0.0008304673,0.000978488,0.0008304673,0.0001564418,0.0006135493,0.0008304673,0.0006135493,0.000978488,0.0008304673,0.0009356145,0.0003059859,0.000978488,0.000978488,0.0006135493,7.590735E-05,0.0003059859,0.000978488,0.0008304673,0.0001752467,0.0001752467,0.000978488,0.0006135493,0.000978488,0.0008304673,0.000978488,0.0003059859,0.000978488,0.0006135493,0.000978488,
0.0003059859,0.0006135493,0.0001752467,0.0006135493,0.0008304673,0.0006135493,0.0006135493,0.0008304673,0.0008304673,0.000978488,0.0008304673,0.000978488,0.0001564418,0.0006135493,0.0007708426,0.000978488,0.0001752467,0.0001752467,0.0005631055,0.0008304673,0.0006135493,0.0003059859,0.0009356145,0.0001752467,0.0006135493,0.000978488,0.0008304673,0.0008304673,0.000978488,0.000978488,
0.0003059859,0.0006135493,0.0008304673,0.000978488,0.0006135493,0.0001752467,0.0006135493,0.0008304673,0.0006135493,0.000978488,0.0006135493,0.0001205045,0.0008304673,0.0007708426,0.0008304673,0.0006135493,0.0001752467,0.0008304673,0.0008304673,0.0006135493,0.0006135493,0.0006135493,0.0006135493,0.0008304673,0.000978488,0.0006135493,0.0004466432,0.0008304673,0.0008304673,0.0008304673,
0.0006135493,0.0006135493,0.0001967029,0.0006135493,0.0006135493,0.0001205045,0.0006135493,0.0007708426,0.000978488,0.0001205045,0.0008304673,0.0005390075,0.0001752467,0.0008304673,0.0008317162,0.0006135493,0.0007708426,0.0008304673,0.0008304673,0.000978488,0.0008304673,0.0004466432,0.0008304673,0.0006135493,0.0007708426,0.0006135493,0.0001752467,0.0006135493,0.000978488,0.0001752467,
0.0001752467,0.000978488,0.0008304673,0.0005390075,0.0006135493,0.0008304673,0.0001587608,0.0006135493,0.0001752467,0.0001421974,0.0007708426,0.0006135493,0.000978488,0.0008304673,0.0006135493,0.0001752467,0.0006135493,0.0006135493,0.000978488,0.0001205045,0.0006135493,0.0001752467,0.000755656,0.0006135493,0.000978488,0.0004466432,0.0008304673,0.0001205045,0.0008317162,0.0006135493,
0.0001752467,0.000978488,0.0001752467,0.0001205045,0.0006135493,0.0006135493,0.0006135493,0.0006135493,0.0001421974,0.0006135493,0.0006135493,0.0001421974,0.0001205045,0.0005390075,0.000978488,0.0001752467,0.0001205045,0.0001752467,0.0001752467,0.0006135493,0.0005390075,0.0005390075,0.0001421974,0.0005390075,0.0006135493,0.0001205045,0.0004466432,0.0001205045,0.0006135493,0.000782602,
0.0001205045,0.0001752467,0.0006135493,0.0001421974,0.0006135493,0.0001205045,0.000782602,0.0006135493,0.0006135493,0.0001205045,0.0001205045,0.0006135493,0.0006135493,0.000978488,0.0001752467,0.0004222321,0.0001752467,0.0001205045,0.0001752467,0.0006135493,0.000978488,0.000978488,0.000978488,0.00019607,0.0005390075,0.0006135493,0.0001205045,0.0001421974,0.0005620474,0.0006135493,
0.0005620474,0.0004222321,0.0001421974,0.000978488,0.0006135493,0.0004727516,0.0001205045,0.0001752467,0.000337258,0.0001637667,0.0006135493,0.0001421974,0.0006135493,0.0001205045,0.000978488,0.000978488,0.000782602,0.0006135493,0.000978488,0.0001752467,0.0006135493,0.0006135493,0.0001205045,0.0006135493,0.000782602,0.0001205045,0.0001421974,0.0005161535,0.0001205045,0.0006135493,
0.0005161535,0.0001205045,0.0004222321,0.0001421974,0.0004222321,0.000978488,0.0001421974,0.0001205045,0.000782602,0.0005620474,0.0004222321,0.0004222321,0.000696035,0.000978488,0.0005620474,0.0004727516,0.0006135493,0.0005161535,0.0006135493,0.0004727516,0.0005161535,0.0001421974,4.152644E-05,0.0005620474,0.0006135493,0.0006135493,0.000978488,0.000337258,0.0001421974,0.0006135493,
0.000696035,0.000978488,0.0005161535,0.0006135493,0.0001421974,0.0004222321,0.0006135493,0.0004222321,0.0006135493,0.0001205045,0.0001421974,0.0001205045,0.0006135493,4.152644E-05,0.0006135493,0.000978488,0.0005620474,0.0001205045,0.0001421974,4.152644E-05,0.0005620474,0.000782602,0.0004727516,0.0009200194,0.0001205045,0.0004222321,0.0001421974,0.0005620474,0.000782602,0.000978488,
0.0001421974,0.0004222321,0.0001205045,0.000978488,0.0001421974,0.0001205045,0.0009548586,0.000782602,0.0001421974,0.0004222321,0.0005620474,0.0006135493,0.0001421974,0.0006135493,0.0006135493,0.0001205045,0.0001205045,0.000782602,0.000696035,0.000864153,4.152644E-05,0.0001421974,0.0005620474,0.0001421974,0.0004222321,0.0004222321,0.0004222321,0.000978488,0.0004424468,0.0004727516,
0.0005620474,0.0006135493,0.0001205045,0.000978488,0.0001421974,0.0009548586,0.0004727516,0.0004424468,0.0004424468,0.0004424468,0.0001421974,0.0004424468,0.0004222321,0.0005620474,0.0001421974,0.0006135493,0.0006494724,0.0004222321,0.0001421974,0.000782602,0.0001421974,0.0004222321,0.0001205045,0.0005620474,0.000782602,0.000782602,0.0005620474,0.0001205045,0.0001623794,0.0006135493,
0.0005620474,0.0001421974,0.0004727516,0.0004424468,0.0004222321,0.0004222321,0.000782602,0.0009548586,0.0004424468,0.0005620474,0.0001421974,0.0005620474,0.0009548586,0.0009548586,0.0004727516,0.000782602,0.0009548586,0.0001623794,0.0001396816,0.0001421974,0.0004424468,0.0001421974,0.000782602,0.0006135493,0.0006135493,0.0005620474,0.0004424468,0.000782602,0.0001421974,0.0001205045,
0.0001421974,0.0004424468,0.0001421974,0.0001205045,0.0001421974,0.000782602,0.0005620474,0.0004424468,0.0005620474,0.000782602,0.0004222321,0.0001623794,0.000782602,0.0004727516,0.0004222321,0.0001421974,0.0004424468,0.0006135493,0.000782602,0.0004222321,0.0004727516,0.0005620474,0.000782602,0.0001421974,0.0009548586,0.0005620474,0.0001421974,0.0004222321,0.0006135493,0.0001421974,
0.0006135493,0.0005620474,0.0005620474,0.0009548586,0.0004424468,0.0004424468,0.0005620474,0.0005620474,0.000782602,0.0004222321,0.0006135493,0.0001623794,0.0005620474,0.0001623794,0.000782602,0.0004424468,0.0001623794,0.0005620474,0.0004727516,0.000782602,0.000782602,0.0001421974,0.000782602,0.0004222321,0.0005620474,0.0001623794,0.0004222321,0.0005620474,0.0001623794,0.0004222321,
0.0001623794,0.0005620474,0.0001421974,0.0004222321,0.0004424468,0.0001421974,0.0001623794,0.0006135493,0.0005620474,0.0006135493,0.000782602,0.0006135493,0.0004222321,0.0005620474,0.000782602,0.000782602,0.0006135493,0.0001623794,0.0005620474,0.000782602,0.0004222321,0.0005620474,0.0005620474,0.0001623794,0.0005620474,0.000782602,0.0004424468,0.0004424468,0.0004424468,0.0001623794,
0.0004222321,0.0001623794,0.000782602,0.0006135493,0.0001623794,0.0001623794,0.0006135493,0.0005620474,0.0004222321,0.0008449769,0.0001623794,0.0005620474,0.0004424468,0.0004424468,0.0004424468,0.0001623794,0.0006135493,0.0001623794,0.0006135493,0.0004424468,0.0004424468,0.0005620474,0.000782602,0.0006041931,0.0004424468,0.0006135493,0.0001421974,0.0005620474,0.0001623794,0.0005620474,
0.0001421974,0.0004424468,0.0004424468,0.0004424468,0.0005620474,0.0001623794,0.0008449769,0.000782602,0.0005620474,0.0004424468,0.0005620474,0.0006135493,0.0006135493,0.0001623794,0.000782602,0.0004222321,0.0004424468,0.0004424468,0.0004222321,9.202839E-06,0.0008449769,0.0004424468,0.000782602,0.0005620474,0.0005620474,0.0001623794,0.0004424468,0.0004222321,0.0001623794,0.0001623794,
0.0004424468,0.0004222321,0.0004424468,0.000782602,0.0008449769,0.0001421974,9.202839E-06,0.0004424468,0.0004424468,0.0001623794,0.0005620474,0.0004222321,0.000782602,0.0001623794,0.0004424468,0.000782602,0.0005620474,0.0006135493,0.0005620474,0.0005620474,0.0008449769,0.0004222321,0.0004222321,0.0008449769,0.0001623794,0.0001623794,0.0006135493,0.0004424468,0.0004424468,0.0001623794,
0.0008449769,0.000782602,0.0004424468,0.0005620474,0.0001623794,0.000782602,0.000782602,0.0004222321,0.000782602,0.0005620474,0.0004424468,0.0004222321,0.000782602,0.0004222321,0.0004424468,0.0005620474,0.0004424468,8.608354E-05,0.0004424468,0.0001623794,0.0004424468,0.0001623794,0.0008449769,9.202839E-06,0.000782602,0.0001623794,9.202839E-06,0.0008449769,0.0006135493,0.0003842553,
0.0008449769,0.000782602,0.0008449769,9.202839E-06,0.0004424468,0.0004222321,0.000782602,0.0001623794,0.0004222321,0.0004424468,0.0004222321,0.0001623794,0.0004424468,0.0005620474,0.0004222321,0.0003842553,0.0004424468,0.0008449769,0.0001623794,0.0005273981,0.0004424468,0.000782602,9.202839E-06,9.202839E-06,0.000782602,0.0005620474,0.0008449769,0.000782602,0.0004424468,0.0008449769,
