0
0.5986884
0.5991476
0.5991573
0.5992048
0.5993904
0.5989985
0.5989992
0.5989431
0.598926
0.5988827
0.5990404
0.5993297
0.5989358
0.5989564
0.5989673
0.5990017
0.5989382
0.5989332
0.5992008
0.5990398
0.5990304
0.5992343
0.5989015
0.5989906
0.5992771
0.5989864
0.5990847
0.5989725
0.5989831
0.5990459
0.5992639
0.5992745
0.5986426
0.5995963
0.598914
0.5989159
0.5992566
0.5986146
0.5986478
0.5989583
0.5987275
0.5989582
0.5989237
0.5992073
0.5987808
0.5986443
0.5991177
0.5992438
0.5990398
0.5994989
0.5992604
0.5987976
0.5990082
0.5992355
0.5985695
0.5988755
0.5990683
0.5988642
0.5990347
0.599047
0.5989067
0.5989854
0.5989612
0.5994835
0.5992123
0.5996358
0.5990002
0.5991176
0.5994235
0.5994723
0.5998391
0.5991303
0.5988724
0.5988417
0.5993951
0.5995846
0.5993337
0.5992315
0.5993479
0.5996914
0.5992913
0.5996021
0.5993614
0.599782
0.5994208
0.5996046
0.5995246
0.5996367
0.5993294
0.5995849
0.5997739
0.5995888
0.5992444
0.5996633
0.5995283
0.5994076
0.5993286
0.5994042
0.5993298
0.599358
0.5995
0.5998901
0.5994568
0.5994138
0.5995325
0.5997769
0.5994939
0.599519
0.5997269
0.5994735
0.5994591
0.5990123
0.5986862
0.5991335
0.5984791
0.5983397
0.5994956
0.5997013
0.5986227
0.599489
0.5995119
0.5986272
0.5983692
0.5995084
0.5993388
0.5996655
0.5991594
0.5994943
0.5994871
0.5994906
0.5995542
0.5994364
0.5994514
0.5992568
0.5994154
0.5994173
0.5994318
0.5992446
0.5997819
0.5995903
0.5994936
0.5995735
0.5994208
0.5992745
0.5993141
0.5993088
0.5992975
0.5995008
0.5994324
0.5995055
0.5994412
0.5993664
0.5993603
0.5986496
0.5993298
0.5994203
0.5993257
0.5995525
0.5996326
0.5994551
0.5995104
0.6001424
0.5995911
0.5993297
0.599434
0.5994608
0.5994003
0.5993606
0.5991215
0.5994385
0.5996487
0.5995644
0.5995002
0.5980849
0.5981069
0.5993655
0.5993174
0.5996565
0.5993356
0.5995689
0.6000502
0.5992655
0.5995213
0.5995099
0.5998403
0.5995564
0.5994964
0.5993955
0.5995339
0.5998976
0.5999357
0.5994653
0.5993386
0.5994537
0.5995032
0.5994576
0.5994036
0.5996724
0.5995809
0.599463
0.5990171
0.5987
0.5992644
0.599514
0.5996162
0.5996718
0.5999026
0.5999064
0.5995727
0.5995839
0.5994529
0.5984079
0.5994406
0.5996103
0.5994913
0.5997866
0.5993203
0.5984703
0.5994418
0.5994388
0.5992572
0.599483
0.5994654
0.5993219
0.5997136
0.5996217
0.5985893
0.5986032
0.5984087
0.5993603
0.5998141
0.5994763
0.5991129
0.5993412
0.5994651
0.5993522
0.5995157
0.5996094
0.599202
0.5994111
0.599528
0.5993299
0.599258
0.5985186
0.5994937
0.599754
0.59958
0.5993925
0.5997755
0.5993335
0.5995854
0.5996107
0.5994713
0.5994954
0.5994994
0.5996127
0.59953
0.5994073
0.5995724
0.59947
0.5995567
0.5995389
0.5994337
0.5995184
0.599594
0.5997285
0.5991781
0.5995168
0.5994526
0.5995206
0.5998048
0.5994728
0.5992969
0.5995655
0.599312
0.5993353
0.6000424
0.5989915
0.5996869
0.5993564
0.5996013
0.6001463
0.5998321
0.6005204
0.6006916
0.6001347
0.6000716
0.6000845
0.6009801
0.6001592
0.6001614
0.6000968
0.6000527
0.600026
0.6001324
0.6002401
0.6001607
0.6002095
0.600145
0.6001177
0.6001344
0.6000538
0.6001181
0.6000782
0.6004404
0.6000029
0.6001255
0.6002539
0.6001745
0.600246
0.6003743
0.5997448
0.5999345
0.6001785
0.6003435
0.6000648
0.5999852
0.6006631
0.6001153
0.6001109
0.6003212
0.6000962
0.6004316
0.5999289
0.5999053
0.6000212
0.5996639
0.5999904
0.5999643
0.5999656
0.5996594
0.6000596
0.600811
0.6004179
0.5995778
0.6001482
0.6003239
0.6003294
0.6000666
0.6000197
0.6001605
0.6000386
0.6000271
0.5998578
0.5999135
0.5995228
0.5992262
0.5998752
0.5999798
0.5999396
0.6000571
0.6004062
0.5996015
0.5999342
0.5998412
0.5997201
0.5998817
0.5998302
0.5997639
0.5999343
0.6004388
0.6001152
0.5999504
0.5999492
0.5999311
0.5994504
0.5992131
0.600041
0.5999107
0.6003664
0.6005499
0.6001588
0.5999117
0.6000149
0.6001557
0.5996357
0.6002145
0.6002092
0.6002836
0.5999269
0.6000143
0.5999285
0.599179
0.5997088
0.599799
0.5991309
0.5999172
0.5990744
0.5991673
0.6002098
0.5995956
0.5991036
0.6009887
0.5999246
0.6001192
0.5998356
0.5998873
0.6001504
0.6003625
0.5996257
0.5998936
0.6005
0.6001911
0.5999082
0.6001223
0.5999846
0.6001138
0.6001218
0.6008174
0.6001341
0.6001598
0.6008312
0.5996516
0.5992881
0.6000232
0.5999144
0.5996238
0.5997611
0.5999091
0.5996658
0.5999466
0.6001147
0.5996869
0.5998443
0.6000346
0.6000867
0.6007541
0.6003556
0.6000205
0.5998062
0.6001134
0.6000363
0.6000377
0.60006
0.6002558
0.6001571
0.6002163
0.600099
0.6000712
0.6000376
0.6000556
0.6000796
0.5998642
0.6000321
0.6000653
0.5999788
0.6003741
0.5998439
0.6008585
0.6001982
0.6000485
0.6007761
0.5999619
0.600499
0.6000995
0.6005204
0.600353
0.6005104
0.5998969
0.6003461
0.6003981
0.5997764
0.5998046
0.5997713
0.6003088
0.5999915
0.6001049
0.5997673
0.5998666
0.5997992
0.6005086
0.600059
0.6003234
0.5997892
0.599829
0.6005695
0.5998911
0.5999835
0.6000589
0.5999784
0.6000764
0.5999336
0.5999354
0.6000755
0.5999695
0.6001422
0.600283
0.6003017
0.5999986
0.6000194
0.6000305
0.600197
0.6006438
0.6000718
0.5998722
0.6002076
0.5999972
0.6002693
0.5997434
0.5999882
0.5999628
0.5998257
0.5996991
0.6001002
0.6003526
0.6002972
0.6000304
0.5999329
0.6007012
0.599852
0.5998373
0.5995957
0.5997821
0.6000233
0.5999048
0.5994892
0.6001202
0.6000952
0.6003549
0.5999734
0.6000957
0.6001542
0.5996718
0.5997427
0.6004868
0.5999776
0.6001936
0.5997605
0.6002935
0.600043
0.6008695
0.6001244
0.5998716
0.5999965
0.6000037
0.6000534
0.6000001
0.6001608
0.6000918
0.6002069
0.6001434
0.6000378
0.6007714
0.6008084
0.6000597
0.5999783
0.6007009
0.5999335
0.6000657
0.6000078
0.6000124
0.60062
0.6002137
0.6007365
0.5999185
0.5999122
0.6002154
0.6004744
0.6003041
0.5998773
0.5999742
0.6000934
0.5996308
0.6001363
0.6001136
0.5998954
0.5996431
0.5989432
0.6004909
0.5992825
0.5990061
0.6001101
0.5999108
0.6000087
0.6001237
0.5998956
0.5998903
0.6008289
0.6000704
0.5997981
0.6000481
0.5999738
0.5998282
0.6000822
0.6001182
0.600237
0.6009477
0.6000278
0.6001676
0.600073
0.6000777
0.6000409
0.6000862
0.6002502
0.5999938
0.6000373
0.6000213
0.6000457
0.6001131
0.6005138
0.6001058
0.6000581
0.6003998
0.6001191
0.6001127
0.6001608
0.5999421
0.5999885
0.6001214
0.6000567
0.5999205
0.6001246
0.6000131
0.5999064
0.5999557
0.6002819
0.5999863
0.6001867
0.5999969
0.6003644
0.6004453
0.6008407
0.5999807
0.5999863
0.6000986
0.599717
0.5991855
0.5996305
0.6002548
0.5999898
0.5997674
0.5993945
0.599623
0.5998476
0.6001073
0.599983
0.5996874
0.6000825
0.6002839
0.5998807
0.6000056
0.5997846
0.5999904
0.6001568
0.5998605
0.6009092
0.5994712
0.5991231
0.5997885
0.5998445
0.6004861
0.6000707
0.6004043
0.6001763
0.5999547
0.6003654
0.6001664
0.6005733
0.5999081
0.6002836
0.6001386
0.600238
0.600659
0.5999607
0.6001066
0.6000262
0.5999548
0.6000031
0.6001207
0.6000942
0.5999831
0.6000019
0.6008296
0.6000941
0.600015
0.600026
0.6004692
0.6000442
0.6000699
0.6002535
0.5998247
0.6000595
0.6000273
0.5998503
0.5999634
0.5998729
0.5998644
0.5990111
0.5997353
0.5996766
0.6002775
0.6000842
0.6001073
0.6000995
0.6001589
0.6001357
0.6002737
0.6002322
0.6002148
0.6002848
0.5999957
0.6001663
0.5998883
0.5996979
0.5996864
0.5996892
0.5995989
0.600176
0.599996
0.599982
0.5998564
0.6001449
0.5999575
