0.1247581,0.09791792,0.2084904,0.1042318,0.2154599,0.03639261,0.082595,0.08889598,0.16326,0.2642303,0.02170444,0.0926462,0.006438697,0.05587675,0.09940759,0.1676127,0.02104633,0.2981738,0.1577643,0.2973855,0.1793037,0.008789599,0.2963145,0.2089718,0.05106958,0.271297,0.1601463,0.06881654,0.01464082,0.1039864,
0.1577643,0.1601463,0.16326,0.1676127,0.2089718,0.1577643,0.1793037,0.05587675,0.082595,0.05587675,0.1676127,0.1912343,0.06881654,0.1457485,0.2154599,0.2837432,0.1039864,0.1247581,0.082595,0.02170444,0.1601463,0.05106958,0.1247581,0.16326,0.06881654,0.1577643,0.008789599,0.1601463,0.2963145,0.1793037,
0.1457485,0.1577643,0.1676127,0.1793037,0.06881654,0.082595,0.05106958,0.082595,0.1601463,0.2963145,0.1247581,0.05587675,0.1601463,0.1872971,0.1577643,0.1676127,0.1577643,0.06881654,0.008789599,0.1601463,0.1457485,0.05587675,0.1577643,0.082595,0.1577643,0.1793037,0.1912343,0.1039864,0.1577643,0.1247581,
0.1457485,0.1457485,0.082595,0.06829494,0.1793037,0.1793037,0.1577643,0.082595,0.1676127,0.1457485,0.1577643,0.1457485,0.1247581,0.1676127,0.1577643,0.1577643,0.1912343,0.1577643,0.1247581,0.1601463,0.1601463,0.1601463,0.05587675,0.1577643,0.1793037,0.1872971,0.1039864,0.1676127,0.1601463,0.06881654,
0.1457485,0.1457485,0.1676127,0.1577643,0.1247581,0.1793037,0.06829494,0.1457485,0.082595,0.1457485,0.1457485,0.1247581,0.1577643,0.1912343,0.1793037,0.082595,0.1577643,0.1039864,0.1793037,0.1457485,0.1247581,0.1793037,0.1457485,0.1601463,0.1793037,0.1577643,0.1247581,0.1577643,0.2967061,0.1793037,
0.1457485,0.1457485,0.1247581,0.1457485,0.1793037,0.1793037,0.1247581,0.1601463,0.1912343,0.1457485,0.082595,0.1457485,0.1793037,0.1793037,0.2967061,0.1247581,0.1577643,0.1247581,0.1247581,0.1457485,0.1676127,0.1457485,0.1457485,0.1457485,0.1577643,0.1577643,0.1577643,0.1457485,0.1457485,0.1793037,
0.1457485,0.1457485,0.1793037,0.1912343,0.1457485,0.1577643,0.1601463,0.1247581,0.082595,0.1457485,0.1577643,0.1457485,0.1793037,0.1676127,0.1793037,0.1247581,0.1457485,0.1577643,0.1247581,0.1457485,0.1912343,0.1457485,0.1793037,0.1247581,0.1457485,0.1793037,0.1577643,0.1793037,0.1395471,0.1793037,
0.1457485,0.1457485,0.1793037,0.1577643,0.1676127,0.1793037,0.1577643,0.1247581,0.1247581,0.1676127,0.1912343,0.1457485,0.1457485,0.1793037,0.1457485,0.133733,0.1457485,0.1457485,0.1395471,0.1457485,0.1247581,0.1577643,0.1457485,0.1793037,0.1577643,0.1247581,0.1457485,0.1247581,0.1247581,0.1457485,
0.1457485,0.1457485,0.1912343,0.133733,0.1457485,0.1457485,0.1793037,0.1912343,0.1457485,0.1247581,0.1793037,0.1457485,0.1457485,0.1247581,0.1793037,0.1395471,0.1793037,0.1577643,0.1457485,0.1457485,0.1793037,0.1457485,0.1793037,0.1793037,0.1416938,0.1395471,0.1457485,0.1793037,0.1247581,0.07648718,
0.1457485,0.1457485,0.1793037,0.1793037,0.1457485,0.1457485,0.1457485,0.1793037,0.1457485,0.1457485,0.1457485,0.1457485,0.1457485,0.1416938,0.1793037,0.1793037,0.1457485,0.1247581,0.1457485,0.1247581,0.1457485,0.1793037,0.1395471,0.1793037,0.1457485,0.1457485,0.1457485,0.07648718,0.1457485,0.1457485,
0.1457485,0.1457485,0.1247581,0.1457485,0.1457485,0.1793037,0.1457485,0.1457485,0.1793037,0.1793037,0.1457485,0.1457485,0.1457485,0.1457485,0.1247581,0.1170153,0.1457485,0.1457485,0.1457485,0.1247581,0.1457485,0.1457485,0.1457485,0.1457485,0.1457485,0.1457485,0.1457485,0.1457485,0.1793037,0.1457485,
0.1457485,0.1457485,0.1457485,0.1247581,0.2451396,0.1457485,0.1457485,0.1457485,0.1457485,0.1247581,0.1247581,0.1457485,0.1457485,0.1457485,0.1457485,0.1457485,0.1457485,0.1457485,0.1793037,0.1247581,0.1457485,0.1457485,0.1457485,0.1247581,0.1170153,0.1457485,0.1457485,0.1457485,0.1457485,0.1793037,
0.1457485,0.1457485,0.1457485,0.1247581,0.1457485,0.1457485,0.1247581,0.1457485,0.1457485,0.1457485,0.1247581,0.2451396,0.1457485,0.1457485,0.1457485,0.1457485,0.1457485,0.1457485,0.1457485,0.1247581,0.1457485,0.1457485,0.1247581,0.1457485,0.1457485,0.1457485,0.1247581,0.1457485,0.1297181,0.1457485,
0.1457485,0.1457485,0.1457485,0.1297181,0.1457485,0.1247581,0.1457485,0.1247581,0.1247581,0.1457485,0.1247581,0.02163137,0.1247581,0.1297181,0.1457485,0.1457485,0.1457485,0.1247581,0.1457485,0.1457485,0.1247581,0.1247581,0.1457485,0.1457485,0.1457485,0.1457485,0.1457485,0.1457485,0.1247581,0.1457485,
0.1457485,0.1457485,0.07911099,0.1457485,0.1457485,0.1247581,0.1457485,0.1457485,0.1457485,0.1297181,0.1457485,0.1457485,0.1247581,0.1457485,0.1457485,0.1457485,0.1457485,0.1457485,0.1457485,0.1457485,0.1457485,0.1457485,0.1457485,0.1457485,0.1457485,0.1457485,0.1457485,0.1247581,0.1297181,0.1457485,
0.1457485,0.1457485,0.1247581,0.1457485,0.1457485,0.1457485,0.1457485,0.1457485,0.1457485,0.1457485,0.1457485,0.1247581,0.1457485,0.1457485,0.1457485,0.1457485,0.1457485,0.1457485,0.1297181,0.1457485,0.1457485,0.1457485,0.2261164,0.1457485,0.1457485,0.1457485,0.1247581,0.1297181,0.1297181,0.1457485,
0.1457485,0.1457485,0.1457485,0.1457485,0.1457485,0.1457485,0.1457485,0.1297181,0.1457485,0.1457485,0.1457485,0.1297181,0.1457485,0.1247581,0.1457485,0.1457485,0.1034174,0.1457485,0.1457485,0.1457485,0.1297181,0.1457485,0.1457485,0.1457485,0.1457485,0.1297181,0.2261164,0.07115264,0.1457485,0.1457485,
0.1457485,0.1457485,0.1297181,0.1457485,0.1297181,0.1457485,0.1457485,0.1457485,0.1457485,0.1457485,0.006125415,0.1457485,0.1457485,0.1457485,0.1297181,0.2261164,0.1457485,0.2479342,0.1034174,0.1457485,0.1034174,0.1297181,0.1457485,0.1457485,0.1457485,0.1457485,0.1457485,0.1457485,0.1457485,0.1457485,
0.1457485,0.1457485,0.1457485,0.1457485,0.1457485,0.1457485,0.1457485,0.1297181,0.1457485,0.1457485,0.1457485,0.1457485,0.1457485,0.1457485,0.1034174,0.1457485,0.1457485,0.1457485,0.2261164,0.1457485,0.1297181,0.1457485,0.1457485,0.1457485,0.1457485,0.1457485,0.1457485,0.2261164,0.1457485,0.1457485,
0.1457485,0.1457485,0.1457485,0.1457485,0.1457485,0.1457485,0.1457485,0.1457485,0.1034174,0.2261164,0.1457485,0.1457485,0.1457485,0.1629474,0.1457485,0.1457485,0.1457485,0.1457485,0.1457485,0.1457485,0.1457485,0.1457485,0.1457485,0.1457485,0.1457485,0.1457485,0.1457485,0.1457485,0.1457485,0.1457485,
0.1457485,0.1457485,0.1457485,0.1457485,0.1457485,0.1457485,0.1457485,0.1457485,0.1457485,0.1034174,0.1629474,0.1457485,0.1457485,0.1457485,0.1457485,0.1457485,0.1457485,0.1457485,0.1457485,0.1457485,0.1457485,0.1457485,0.1457485,0.1457485,0.1629474,0.1457485,0.1457485,0.1457485,0.1457485,0.1457485,
0.1457485,0.1457485,0.1457485,0.1457485,0.1457485,0.2262508,0.1457485,0.1457485,0.1457485,0.1457485,0.1457485,0.1457485,0.1629474,0.1457485,0.1457485,0.1457485,0.1457485,0.1457485,0.1457485,0.1457485,0.1629474,0.1034174,0.1457485,0.1457485,0.1457485,0.1457485,0.1629474,0.1457485,0.1457485,0.1457485,
0.1457485,0.1457485,0.1457485,0.1457485,0.1457485,0.1457485,0.1457485,0.1457485,0.1629474,0.1457485,0.1457485,0.1457485,0.1457485,0.1457485,0.2771059,0.1457485,0.1457485,0.1539231,0.2262508,0.1457485,0.1457485,0.1457485,0.1457485,0.1457485,0.1457485,0.1457485,0.1457485,0.1457485,0.1457485,0.1457485,
0.1457485,0.1457485,0.1457485,0.1629474,0.1457485,0.1457485,0.2318674,0.1457485,0.1457485,0.1457485,0.1457485,0.1457485,0.1457485,0.1457485,0.1457485,0.1539231,0.1457485,0.1457485,0.1457485,0.1457485,0.1457485,0.1457485,0.1457485,0.1457485,0.1457485,0.1629474,0.1457485,0.1854968,0.1457485,0.1457485,
0.1457485,0.1457485,0.1629474,0.2381831,0.1457485,0.1457485,0.1457485,0.08291519,0.1457485,0.1457485,0.1527353,0.1457485,0.1457485,0.1457485,0.142121,0.1457485,0.1607327,0.1539231,0.1854968,0.1457485,0.1457485,0.1457485,0.1457485,0.1457485,0.1457485,0.1457485,0.1126762,0.1457485,0.1457485,0.1457485,
0.1457485,0.1457485,0.1539231,0.1457485,0.08291519,0.1305738,0.1854968,0.1457485,0.1457485,0.1457485,0.1457485,0.1457485,0.142121,0.1539231,0.1457485,0.1457485,0.1126762,0.1539231,0.1527353,0.1527353,0.264175,0.1457485,0.1457485,0.1457485,0.1527353,0.1457485,0.1607327,0.1457485,0.1457485,0.1457485,
0.1457485,0.1457485,0.1457485,0.1527353,0.264175,0.1457485,0.1539231,0.1457485,0.1457485,0.1457485,0.1305738,0.1457485,0.1457485,0.1457485,0.1527353,0.1457485,0.1539231,0.08291519,0.1457485,0.1830336,0.1527353,0.1457485,0.1457485,0.1457485,0.1457485,0.1457485,0.1457485,0.1457485,0.1457485,0.1457485,
0.1457485,0.1457485,0.1457485,0.1457485,0.1457485,0.1457485,0.1305738,0.1457485,0.1457485,0.1527353,0.1457485,0.1457485,0.1457485,0.1527353,0.1457485,0.1457485,0.1457485,0.1457485,0.1539231,0.1457485,0.1457485,0.1457485,0.1457485,0.1457485,0.1305738,0.1527353,0.1457485,0.1457485,0.1539231,0.1457485,
0.1457485,0.1457485,0.1457485,0.1457485,0.1539231,0.1457485,0.1457485,0.1527353,0.1457485,0.1457485,0.1457485,0.1457485,0.1457485,0.1457485,0.1457485,0.1457485,0.1527353,0.1457485,0.1527353,0.1457485,0.1457485,0.1457485,0.08464557,0.1457485,0.1457485,0.1457485,0.1527353,0.1457485,0.1457485,0.1457485,
0.1457485,0.1457485,0.1457485,0.1457485,0.1457485,0.1457485,0.05569042,0.1457485,0.1457485,0.1457485,0.1457485,0.1457485,0.1539231,0.1457485,0.1457485,0.1457485,0.1457485,0.1457485,0.1457485,0.1457485,0.1457485,0.1457485,0.1457485,0.1457485,0.1893281,0.1457485,0.1457485,0.1457485,0.1457485,0.1457485,
0.1457485,0.1457485,0.1457485,0.05569042,0.1457485,0.1457485,0.1893281,0.1893281,0.1457485,0.1457485,0.1457485,0.1457485,0.1457485,0.1457485,0.1457485,0.1539231,0.1457485,0.1457485,0.1457485,0.1457485,0.1457485,0.1457485,0.2962181,0.1457485,0.1457485,0.1457485,0.1893281,0.1457485,0.1457485,0.1457485,
0.1457485,0.1457485,0.1457485,0.1457485,0.1457485,0.1457485,0.1457485,0.1457485,0.1457485,0.1893281,0.1457485,0.1457485,0.1457485,0.1457485,0.1457485,0.1457485,0.1457485,0.1457485,0.1457485,0.1457485,0.1457485,0.1585156,0.1457485,0.1457485,0.1457485,0.1457485,0.1457485,0.1457485,0.1457485,0.1457485,
0.1457485,0.1457485,0.1457485,0.1457485,0.1457485,0.1457485,0.1457485,0.1457485,0.1585156,0.1457485,0.1457485,0.1457485,0.1457485,0.1457485,0.1457485,0.1457485,0.1457485,0.1457485,0.1457485,0.1457485,0.1457485,0.1457485,0.1457485,0.1457485,0.1457485,0.1457485,0.1457485,0.1457485,0.09307632,0.1457485,
0.1457485,0.1457485,0.1457485,0.1457485,0.1457485,0.1457485,0.1457485,0.1457485,0.1457485,0.1457485,0.1457485,0.1457485,0.1457485,0.1457485,0.1457485,0.1457485,0.09307632,0.06221198,0.1457485,0.1585156,0.1457485,0.1457485,0.1457485,0.1457485,0.1457485,0.1457485,0.1457485,0.1585156,0.1457485,0.1457485,
0.1457485,0.1457485,0.1457485,0.1457485,0.1457485,0.09307632,0.1457485,0.1457485,0.1457485,0.1457485,0.09307632,0.1457485,0.1457485,0.1457485,0.06221198,0.1457485,0.1457485,0.1585156,0.1457485,0.1457485,0.1457485,0.1457485,0.1457485,0.1457485,0.1457485,0.1457485,0.1457485,0.1457485,0.1457485,0.1585156,
0.1457485,0.1457485,0.1457485,0.1457485,0.1457485,0.1585156,0.1457485,0.1585156,0.1457485,0.1457485,0.1457485,0.1457485,0.1457485,0.1457485,0.1457485,0.1457485,0.1457485,0.09307632,0.1457485,0.1457485,0.09307632,0.1457485,0.1844296,0.1457485,0.1457485,0.1457485,0.1457485,0.1457485,0.09307632,0.09307632,
0.1457485,0.1457485,0.09307632,0.1457485,0.1457485,0.09307632,0.1798217,0.02106314,0.1457485,0.1457485,0.1457485,0.1457485,0.1457485,0.1457485,0.1585156,0.1457485,0.1457485,0.06184913,0.1844296,0.1457485,0.09307632,0.1457485,0.1457485,0.09307632,0.1457485,0.1585156,0.1457485,0.1457485,0.1457485,0.09047683,
0.1457485,0.1457485,0.1457485,0.1457485,0.1457485,0.09307632,0.06184913,0.1457485,0.1457485,0.09307632,0.1457485,0.09307632,0.1457485,0.1457485,0.1457485,0.09047683,0.1457485,0.1457485,0.1457485,0.1457485,0.1457485,0.09307632,0.09307632,0.09307632,0.1457485,0.1457485,0.1457485,0.1798217,0.1457485,0.1457485,
0.1457485,0.1457485,0.1457485,0.1457485,0.1457485,0.1457485,0.1457485,0.1457485,0.1457485,0.09307632,0.1457485,0.09307632,0.1457485,0.1457485,0.1457485,0.1457485,0.1457485,0.1457485,0.1457485,0.09307632,0.1457485,0.1457485,0.1457485,0.09307632,0.2480326,0.1457485,0.1457485,0.1798217,0.06184913,0.09307632,
0.1457485,0.1457485,0.1457485,0.1457485,0.09307632,0.1457485,0.09307632,0.1457485,0.1457485,0.1457485,0.2480326,0.1457485,0.1457485,0.1457485,0.1457485,0.008568585,0.1457485,0.1457485,0.09307632,0.1457485,0.1457485,0.1457485,0.1457485,0.1457485,0.1457485,0.1457485,0.1457485,0.1457485,0.1457485,0.1457485,
0.1457485,0.1457485,0.1457485,0.1457485,0.1457485,0.1697234,0.1457485,0.1457485,0.1457485,0.1457485,0.1457485,0.1457485,0.1457485,0.1457485,0.2480326,0.1457485,0.1457485,0.1457485,0.1457485,0.1457485,0.1457485,0.0349366,0.09307632,0.09307632,0.1457485,0.1457485,0.1457485,0.1457485,0.1457485,0.1457485,
0.1457485,0.1457485,0.1457485,0.1457485,0.1697234,0.1457485,0.1457485,0.1457485,0.1457485,0.1457485,0.1457485,0.1457485,0.1457485,0.1457485,0.2859588,0.1457485,0.1457485,0.1457485,0.1457485,0.1457485,0.1457485,0.1457485,0.1457485,0.1457485,0.1457485,0.1457485,0.09307632,0.1457485,0.1457485,0.1457485,
0.1457485,0.1457485,0.1457485,0.1457485,0.1457485,0.1457485,0.1457485,0.1457485,0.1457485,0.1457485,0.1457485,0.1457485,0.1457485,0.006557393,0.1457485,0.1457485,0.1457485,0.1457485,0.1457485,0.1457485,0.1457485,0.1457485,0.1457485,0.1457485,0.1457485,0.1457485,0.1457485,0.1457485,0.1457485,0.1457485,
0.1457485,0.1457485,0.1457485,0.1457485,0.1457485,0.1457485,0.1457485,0.1457485,0.1457485,0.1509881,0.1457485,0.1457485,0.1457485,0.1457485,0.1457485,0.1457485,0.1457485,0.1457485,0.1457485,0.09295855,0.1457485,0.1457485,0.1457485,0.1457485,0.006557393,0.1457485,0.1457485,0.1457485,0.1457485,0.1457485,
0.1457485,0.1457485,0.1457485,0.1457485,0.1457485,0.1457485,0.1457485,0.1457485,0.1457485,0.1457485,0.1457485,0.1457485,0.1457485,0.1457485,0.1457485,0.1457485,0.1457485,0.1457485,0.1457485,0.1457485,0.1457485,0.1457485,0.1457485,0.08873018,0.1457485,0.1457485,0.1457485,0.1457485,0.1457485,0.1457485,
0.1457485,0.1457485,0.1457485,0.1457485,0.09579933,0.1457485,0.1457485,0.1457485,0.1457485,0.1457485,0.1457485,0.1457485,0.1457485,0.1457485,0.1457485,0.1457485,0.08873018,0.1457485,0.1342479,0.1457485,0.1457485,0.1457485,0.1457485,0.08873018,0.1457485,0.1457485,0.1457485,0.1457485,0.1457485,0.1457485,
0.1457485,0.1457485,0.1457485,0.1457485,0.1457485,0.1457485,0.1457485,0.1457485,0.1457485,0.08873018,0.1457485,0.1457485,0.1457485,0.1457485,0.1457485,0.1457485,0.1457485,0.1457485,0.08873018,0.1457485,0.1457485,0.09579933,0.1457485,0.1457485,0.1457485,0.1457485,0.1457485,0.1457485,0.1457485,0.1457485,
0.1457485,0.1457485,0.1457485,0.1457485,0.1457485,0.1457485,0.1457485,0.1457485,0.1457485,0.1457485,0.1457485,0.1457485,0.1457485,0.1457485,0.1457485,0.1457485,0.1457485,0.1457485,0.1457485,0.1457485,0.1457485,0.1457485,0.1457485,0.1457485,0.1457485,0.1457485,0.03280606,0.1457485,0.1457485,0.1457485,
0.1457485,0.1457485,0.1081215,0.1457485,0.1457485,0.1457485,0.1457485,0.1457485,0.1457485,0.1457485,0.1457485,0.1457485,0.1457485,0.1457485,0.1457485,0.1457485,0.1457485,0.1457485,0.1457485,0.1457485,0.1420021,0.1457485,0.1457485,0.1457485,0.1457485,0.1464676,0.1457485,0.1457485,0.1457485,0.1457485,
0.1457485,0.1457485,0.2053202,0.2356841,0.1457485,0.1457485,0.1457485,0.1457485,0.1081215,0.1457485,0.1457485,0.1457485,0.1457485,0.1457485,0.1464676,0.1457485,0.1457485,0.1457485,0.1457485,0.1457485,0.1457485,0.1457485,0.1457485,0.1457485,0.1464676,0.1457485,0.1457485,0.1457485,0.1464676,0.1457485,
0.1457485,0.1457485,0.1457485,0.2356841,0.1457485,0.1457485,0.1457485,0.1457485,0.1457485,0.1457485,0.1457485,0.02865361,0.1457485,0.1457485,0.1081215,0.1681463,0.136524,0.1457485,0.2642376,0.1457485,0.1457485,0.1457485,0.1457485,0.1457485,0.07068379,0.2053202,0.2053202,0.1457485,0.1457485,0.1457485,
0.1457485,0.1457485,0.2124263,0.1457485,0.1457485,0.1457485,0.136524,0.1457485,0.1826064,0.2434738,0.1457485,0.1457485,0.1457485,0.1457485,0.1081215,0.136524,0.1457485,0.1457485,0.1457485,0.1457485,0.2053202,0.1457485,0.1457485,0.1457485,0.1457485,0.1081215,0.1457485,0.1457485,0.1457485,0.1457485,
0.1457485,0.1457485,0.136524,0.1457485,0.1457485,0.1457485,0.1081215,0.1457485,0.170919,0.1457485,0.136524,0.1457485,0.1457485,0.1457485,0.2053202,0.1457485,0.1457485,0.1179084,0.1457485,0.1457485,0.1081215,0.1457485,0.1826064,0.1457485,0.136524,0.1457485,0.1457485,0.1826064,0.1457485,0.1457485,
0.1457485,0.1457485,0.218742,0.136524,0.136524,0.136524,0.1457485,0.1457485,0.1826064,0.170919,0.1081215,0.1457485,0.1457485,0.1457485,0.136524,0.1457485,0.1457485,0.06617267,0.1081215,0.136524,0.1081215,0.1457485,0.1179084,0.1457485,0.1457485,0.1457485,0.1826064,0.1457485,0.1457485,0.1457485,
0.1457485,0.1457485,0.1684651,0.1457485,0.1457485,0.1081215,0.136524,0.1457485,0.1457485,0.1457485,0.170919,0.136524,0.1457485,0.1457485,0.1826064,0.1457485,0.1457485,0.1457485,0.1457485,0.1457485,0.1457485,0.1457485,0.1826064,0.1457485,0.08322582,0.136524,0.136524,0.1457485,0.218742,0.170919,
0.1457485,0.1457485,0.1457485,0.1457485,0.1081215,0.1457485,0.1457485,0.08322582,0.1457485,0.1457485,0.1684651,0.1457485,0.1457485,0.2477435,0.1457485,0.1457485,0.1457485,0.1457485,0.1684651,0.1457485,0.1457485,0.1731676,0.1081215,0.1457485,0.1826064,0.1457485,0.1826064,0.1457485,0.1457485,0.1457485,
0.1457485,0.1457485,0.1457485,0.1457485,0.1457485,0.1826064,0.1457485,0.1457485,0.1826064,0.1457485,0.08322582,0.1457485,0.1457485,0.1731676,0.1457485,0.1457485,0.1457485,0.1684651,0.1457485,0.1457485,0.1457485,0.1457485,0.1457485,0.1826064,0.1826064,0.1457485,0.1457485,0.1457485,0.1457485,0.1457485,
0.1457485,0.1457485,0.1457485,0.1457485,0.08322582,0.1457485,0.1457485,0.1457485,0.1457485,0.1826064,0.1457485,0.1457485,0.1457485,0.1826064,0.1457485,0.1457485,0.1826064,0.1457485,0.1328148,0.1457485,0.1457485,0.1457485,0.1457485,0.1331242,0.1457485,0.1457485,0.1457485,0.1457485,0.1457485,0.1457485,
0.1457485,0.1457485,0.1457485,0.1328148,0.1457485,0.1826064,0.1457485,0.1826064,0.1457485,0.1457485,0.1457485,0.1457485,0.1457485,0.1457485,0.1457485,0.1328148,0.1457485,0.1457485,0.1457485,0.1457485,0.1457485,0.1457485,0.1457485,0.1457485,0.1457485,0.1328148,0.1457485,0.1457485,0.1457485,0.1457485,
0.1457485,0.1457485,0.1457485,0.1826064,0.1826064,0.2417237,0.1457485,0.1457485,0.1457485,0.1826064,0.1457485,0.1457485,0.1457485,0.1328148,0.1328148,0.1457485,0.1457485,0.1457485,0.1457485,0.1457485,0.1457485,0.1826064,0.1457485,0.1457485,0.1457485,0.1457485,0.1457485,0.1457485,0.1457485,0.1190676,
0.1457485,0.1457485,0.2032276,0.1328148,0.1826064,0.2417237,0.1457485,0.1457485,0.1457485,0.1457485,0.1457485,0.1457485,0.2525575,0.1457603,0.1457485,0.1457485,0.1457485,0.1797738,0.1457485,0.1457485,0.1457485,0.1457485,0.2638589,0.1457485,0.1826064,0.1826064,0.1826064,0.1457485,0.1457485,0.1826064,
0.1457485,0.1457485,0.1457485,0.1457603,0.1457485,0.2417237,0.1457485,0.1457485,0.1457485,0.1797738,0.1457485,0.1457485,0.1457485,0.1826064,0.2032276,0.1457485,0.1457485,0.1457485,0.1457485,0.1457485,0.1457485,0.2032276,0.1457485,0.2032276,0.07768133,0.1826064,0.1826064,0.1457485,0.1826064,0.1328148,
0.1457485,0.1457485,0.142112,0.1457485,0.1457485,0.1457485,0.2032276,0.1457485,0.1457485,0.1457485,0.1457485,0.1457485,0.1826064,0.1826064,0.1797738,0.1457485,0.1457485,0.1328148,0.1457485,0.1457485,0.1457485,0.1457485,0.1457603,0.1457485,0.07768133,0.1457485,0.1457485,0.1457485,0.1826064,0.2032276,
0.1457485,0.1457485,0.1826064,0.1963509,0.1457485,0.1457485,0.1457485,0.1457485,0.1457485,0.1457485,0.1457485,0.1457603,0.1457485,0.2032276,0.1457485,0.1457485,0.1457485,0.1457485,0.1457485,0.1457485,0.1826064,0.1826064,0.1457485,0.1457485,0.1826064,0.2032276,0.1457485,0.1826064,0.1457485,0.1457485,
0.1457603,0.1457485,0.1457485,0.1457485,0.1826064,0.1826064,0.1457485,0.1457485,0.1457485,0.1122318,0.1457485,0.1457485,0.1457485,0.1457485,0.1826064,0.05617258,0.1457485,0.1826064,0.1826064,0.1457485,0.1826064,0.1457485,0.1457485,0.1457485,0.1457603,0.1826064,0.1457485,0.1457485,0.1457485,0.1826064,
0.1457485,0.1457485,0.1826064,0.1457485,0.1122318,0.1826064,0.1457485,0.1122318,0.1122318,0.1457485,0.1457485,0.1457485,0.1457603,0.1457485,0.1457485,0.1457603,0.1457485,0.1449346,0.05098447,0.1457485,0.1457603,0.1457485,0.1826064,0.1826064,0.1457485,0.1457485,0.1457485,0.1457485,0.1457485,0.1457485,
0.1457485,0.1457603,0.1449346,0.1457603,0.1457603,0.1457603,0.1457485,0.1122318,0.1826064,0.1826064,0.1457485,0.1457485,0.1457485,0.1457603,0.1457485,0.1457485,0.1457485,0.1457485,0.1457485,0.1457485,0.06933514,0.1457485,0.1457485,0.1457485,0.1457485,0.1457485,0.1457485,0.2651516,0.1457485,0.1457485,
0.1457485,0.1457485,0.1457485,0.1457485,0.1427674,0.1826064,0.1457603,0.1457603,0.1449346,0.1826064,0.1457485,0.1457485,0.1457485,0.1457485,0.004381943,0.1457485,0.1457603,0.1457485,0.1457485,0.1457603,0.1457485,0.1457485,0.1457603,0.1457485,0.1457485,0.1457485,0.1457603,0.1449346,0.1457485,0.1457603,
0.1457485,0.1457603,0.1427674,0.1427674,0.1449346,0.1457485,0.1457485,0.1457485,0.1826064,0.1457485,0.1457485,0.2555939,0.1457485,0.1457485,0.1826064,0.1457603,0.1457485,0.1457485,0.1457485,0.1457485,0.1457485,0.1449346,0.1457603,0.1427674,0.1457485,0.1457485,0.1457603,0.1457485,0.1390399,0.1457603,
0.1457603,0.1449346,0.1457603,0.1826064,0.1457485,0.1457485,0.1457485,0.2555939,0.1427674,0.1449346,0.1457485,0.1457485,0.1457485,0.1826064,0.1427674,0.2555939,0.1457485,0.1826064,0.1457485,0.1457603,0.1427674,0.1457485,0.1457485,0.1449346,0.1457485,0.1457485,0.1457485,0.1457485,0.1457603,0.1427674,
0.1457603,0.1457485,0.1457485,0.2555939,0.1826064,0.1457485,0.1457603,0.1427674,0.1457603,0.1457603,0.1457485,0.1457485,0.1457485,0.1457485,0.1457485,0.1457485,0.1457485,0.1427674,0.1457485,0.1826064,0.1457485,0.1427674,0.1457603,0.1427674,0.2555939,0.1457485,0.1457485,0.1427674,0.01454272,0.1457603,
0.1457603,0.1457485,0.1427674,0.1457485,0.1457485,0.1826064,0.1457485,0.1457485,0.1457485,0.1457485,0.1457485,0.1427674,0.1457603,0.1826064,0.1427674,0.1427674,0.1457603,0.1457485,0.1457485,0.1427674,0.1457485,0.1457485,0.1457485,0.1457485,0.1457485,0.1427674,0.2555939,0.1457485,0.01454272,0.1457485,
0.1457485,0.1457485,0.1427674,0.1826064,0.1457603,0.1457485,0.1826064,0.1457485,0.1427674,0.1457603,0.1457603,0.1457485,0.1457485,0.1457485,0.1457485,0.1457485,0.1826064,0.1457485,0.1457485,0.1457603,0.1457485,0.1457485,0.1457485,0.1427674,0.1457485,0.1427674,0.1427674,0.1457485,0.1457485,0.1457485,
0.1457485,0.1457485,0.1427674,0.1457485,0.1457485,0.1457485,0.1457485,0.1457485,0.1457485,0.1457485,0.1457485,0.1457485,0.1457485,0.1457485,0.1457485,0.1427674,0.1457485,0.1457485,0.1457485,0.1457603,0.1457485,0.1457485,0.1457485,0.1457485,0.1427674,0.1457485,0.1457485,0.1457485,0.1826064,0.1427674,
0.1457485,0.1457485,0.1457603,0.1457485,0.1457485,0.1457485,0.1457485,0.1457485,0.1457485,0.1457485,0.1826064,0.1427674,0.1457485,0.1457485,0.1457485,0.1457603,0.1427674,0.001907194,0.1457485,0.1457485,0.1457485,0.1427674,0.1457485,0.1457485,0.1457485,0.1457485,0.1457485,0.1427674,0.1801637,0.1457485,
0.1457485,0.1457485,0.1427674,0.1457485,0.1457485,0.1457485,0.1457603,0.1457485,0.1801637,0.1457485,0.1457485,0.1457485,0.1457485,0.1457485,0.1457603,0.1457485,0.1457485,0.1457485,0.1427674,0.1457485,0.1457485,0.1457485,0.1457485,0.1457485,0.1457485,0.1801637,0.003739035,0.1457485,0.1457485,0.1826064,
0.1457485,0.1457485,0.1457485,0.1457485,0.1457485,0.1457485,0.1457485,0.1801637,0.1457485,0.1457485,0.1457603,0.1457485,0.1457485,0.1457485,0.1457485,0.1457485,0.1427674,0.1457603,0.1457485,0.1457485,0.1457485,0.1801637,0.1457485,0.1457485,0.1457485,0.1457485,0.1457485,0.1457485,0.1427674,0.1457603,
0.1457603,0.1457603,0.1457485,0.1457485,0.1457485,0.1457485,0.1457485,0.1457485,0.1457485,0.1457485,0.1457485,0.1457485,0.1457485,0.1457485,0.1457485,0.1457603,0.1457485,0.1457485,0.1457485,0.1445619,0.1457485,0.1457485,0.1457485,0.1457485,0.1457485,0.2086408,0.1427674,0.1457485,0.1457485,0.1457485,
0.1457485,0.1457603,0.1457485,0.1457485,0.02270082,0.1457485,0.1457485,0.1457485,0.1457485,0.1457485,0.1457485,0.1457485,0.1457603,0.1457485,0.2176256,0.1427674,0.1457603,0.1457485,0.1457485,0.1457485,0.1457603,0.1457485,0.1457485,0.1457485,0.1445619,0.1457485,0.1457485,0.1457603,0.1457485,0.1457485,
0.1457485,0.1457485,0.1457485,0.1445619,0.1457603,0.1457485,0.1457485,0.1457485,0.1457485,0.1457485,0.1457485,0.1457485,0.1457485,0.1457485,0.1457603,0.1457603,0.1457485,0.1457485,0.1457485,0.1457485,0.1457485,0.1457485,0.1457603,0.03520045,0.1457485,0.1457485,0.1457485,0.1457485,0.1457603,0.1457485,
0.1457485,0.1457485,0.1457485,0.1457485,0.1457485,0.1457485,0.1457485,0.1457485,0.1445619,0.1457485,0.1457603,0.1457485,0.1457485,0.1457485,0.1457485,0.1457485,0.1457485,0.1457485,0.1457485,0.1457485,0.1582777,0.1457485,0.1457485,0.1457485,0.1457485,0.03520045,0.1457485,0.1457485,0.1457485,0.01550424,
0.1457485,0.1457485,0.1457485,0.1457485,0.1457485,0.1457485,0.1457485,0.1457485,0.1457485,0.1457485,0.1457485,0.1457485,0.1457485,0.1457485,0.1457485,0.1457485,0.1457485,0.1457485,0.1457485,0.1457485,0.1163592,0.03520045,0.1457485,0.1582777,0.1457485,0.1457485,0.1457485,0.1457603,0.1457485,0.1457485,
0.1457485,0.1457485,0.1457485,0.1457485,0.1457485,0.1457603,0.1457485,0.1457485,0.1457485,0.1457485,0.1457485,0.1457485,0.1457485,0.1457485,0.1457485,0.1457485,0.1457485,0.1457485,0.1457485,0.1457485,0.1457485,0.1457485,0.1457485,0.1457485,0.2746562,0.1457485,0.1582777,0.1457485,0.1457485,0.1457485,
0.1457485,0.1457485,0.1457485,0.1457485,0.1457485,0.1457485,0.1457485,0.1457485,0.1457485,0.03885159,0.1457603,0.1457485,0.1582777,0.1457485,0.1457485,0.285278,0.1457485,0.1457485,0.1457485,0.1457485,0.1457485,0.1457485,0.1457485,0.1457485,0.1457485,0.1457485,0.1457485,0.1457485,0.1457485,0.1457485,
0.1457603,0.1457485,0.1745767,0.1457485,0.1457485,0.1457485,0.1489542,0.1457485,0.1457485,0.1457485,0.07032323,0.1457485,0.1457485,0.1457485,0.03885159,0.1457485,0.1457485,0.1457485,0.1457485,0.1457485,0.1457485,0.1457485,0.1457485,0.1457485,0.1582777,0.2903278,0.1457485,0.1457485,0.1457485,0.1457485,
0.1457485,0.1457485,0.1457485,0.1457485,0.1745767,0.1457485,0.1745767,0.1457485,0.1457485,0.2903278,0.1457485,0.1457485,0.1457485,0.1457485,0.1457485,0.2472094,0.1457485,0.1457485,0.1457485,0.1924248,0.1457485,0.1457485,0.1457485,0.1457485,0.1489542,0.1457485,0.1457485,0.0374878,0.1489542,0.1457485,
0.1457485,0.1457485,0.1457485,0.1457485,0.1457485,0.1457485,0.1457485,0.1489542,0.1457485,0.1489542,0.2903278,0.1457485,0.1457485,0.1457485,0.1457485,0.1457485,0.1457485,0.1457485,0.1457485,0.1457485,0.1457485,0.1457485,0.1457485,0.1457485,0.1457485,0.1457485,0.1457485,0.1457485,0.1457485,0.1457485,
0.1457485,0.1457485,0.1457485,0.1457485,0.1457485,0.1457485,0.1457485,0.1489542,0.1457485,0.1457485,0.1457485,0.1457485,0.1457485,0.1457485,0.1457485,0.1457485,0.1457485,0.1457485,0.1457485,0.1457485,0.1457485,0.1457485,0.1457485,0.1457485,0.1457485,0.1457485,0.1457485,0.1457485,0.1457485,0.1489542,
0.1457485,0.1457485,0.1457485,0.1457485,0.1457485,0.1457485,0.1457485,0.1489542,0.1457485,0.1457485,0.1457485,0.1457485,0.1457485,0.1457485,0.1457485,0.1489544,0.1457485,0.1457485,0.1457485,0.1457485,0.1457485,0.1457485,0.1457485,0.1489542,0.1457485,0.1457485,0.1457485,0.1457485,0.1457485,0.1457485,
0.1457485,0.1457485,0.1457485,0.1457485,0.1489544,0.02402111,0.1457485,0.1457485,0.1457485,0.1457485,0.1457485,0.1457485,0.1457485,0.1457485,0.1457485,0.1457485,0.1457485,0.1457485,0.1457485,0.1457485,0.1457485,0.1457485,0.1457485,0.2031818,0.1457485,0.1457485,0.1457485,0.1457485,0.1457485,0.1457485,
0.1457485,0.1457485,0.1457485,0.1457485,0.1457485,0.1457485,0.1457485,0.1457485,0.1457485,0.1457485,0.1457485,0.1457485,0.1457485,0.1457485,0.1457485,0.0345475,0.1457485,0.1457485,0.1457485,0.1457485,0.1457485,0.1457485,0.1457485,0.2322452,0.1457485,0.1457485,0.1457485,0.1457485,0.1457485,0.1457485,
0.1457485,0.1457485,0.1457485,0.1457485,0.1457485,0.1457485,0.1457485,0.1457485,0.1457485,0.1457485,0.1457485,0.2964381,0.1457485,0.1457485,0.1457485,0.1457485,0.1457485,0.1457485,0.1457485,0.1457485,0.1457485,0.1457485,0.1457485,0.1457485,0.1457485,0.0345475,0.1457485,0.1457485,0.1457485,0.1457485,
0.1457485,0.1457485,0.1457485,0.1457485,0.1457485,0.0345475,0.1457485,0.1457485,0.1457485,0.1457485,0.1457485,0.1457485,0.1457485,0.1457485,0.1457485,0.1457485,0.2254287,0.1457485,0.1457485,0.1457485,0.1457485,0.1457485,0.1457485,0.1457485,0.03020929,0.1457485,0.1457485,0.1457485,0.1457485,0.1457485,
0.1457485,0.1457485,0.1457485,0.0345475,0.1457485,0.1457485,0.1457485,0.1457485,0.1457485,0.1457485,0.1457485,0.1457485,0.1457485,0.1457485,0.1457485,0.1457485,0.1457485,0.1457485,0.1457485,0.1457485,0.1457485,0.1457485,0.1457485,0.1457485,0.1457485,0.1457485,0.1457485,0.1457485,0.1457485,0.1457485,
0.1457485,0.1457485,0.1457485,0.032233,0.1457485,0.1457485,0.1457485,0.1457485,0.1457485,0.1457485,0.1457485,0.1457485,0.1457485,0.1457485,0.1457485,0.1457485,0.1457485,0.1457485,0.1457485,0.1457485,0.1457485,0.1457485,0.1457485,0.1457485,0.1457485,0.1457485,0.1457485,0.1457485,0.1457485,0.1457485,
0.1457485,0.1457485,0.1457485,0.1457485,0.1457485,0.1457485,0.1457485,0.1457485,0.1457485,0.1457485,0.1457485,0.1457485,0.1457485,0.1457485,0.1457485,0.1457485,0.1457485,0.1457485,0.1457485,0.1457485,0.1457485,0.1457485,0.03758851,0.1839258,0.1457485,0.1457485,0.1457485,0.1457485,0.1457485,0.1457485,
0.1457485,0.1457485,0.1271031,0.1457485,0.1457485,0.179409,0.1457485,0.1457485,0.1457485,0.1457485,0.1457485,0.1457485,0.08371495,0.1457485,0.1115011,0.1457485,0.2115553,0.1457485,0.1457485,0.1457485,0.1457485,0.1457485,0.1457485,0.1457485,0.1457485,0.1457485,0.1457485,0.1457485,0.1457485,0.1457485,
0.1457485,0.1457485,0.179409,0.1457485,0.1457485,0.1271031,0.1457485,0.1457485,0.1457485,0.1561751,0.1457485,0.1457485,0.1604011,0.1457485,0.1457485,0.1457485,0.1457485,0.1457485,0.1457485,0.2115553,0.1457485,0.1457485,0.1457485,0.1457485,0.08371495,0.1457485,0.1457485,0.05736129,0.1457485,0.1457485,
0.1457485,0.1457485,0.1457485,0.1457485,0.1457485,0.2072969,0.1457485,0.05736129,0.1457485,0.2925717,0.1457485,0.1457485,0.1457485,0.179409,0.179409,0.1457485,0.1561751,0.2115553,0.1457485,0.179409,0.1457485,0.1457485,0.1457485,0.1457485,0.1457485,0.1302669,0.1457485,0.1457485,0.1457485,0.1457485,
0.1457485,0.1457485,0.1457485,0.1457485,0.1302669,0.1457485,0.1457485,0.1457485,0.1457485,0.179409,0.1457485,0.1457485,0.179409,0.1457485,0.179409,0.1457485,0.1457485,0.1457485,0.1457485,0.1457485,0.1457485,0.1457485,0.1457485,0.2072969,0.1457485,0.1457485,0.1457485,0.1457485,0.1457485,0.05736129,
0.1457485,0.1457485,0.1457485,0.1457485,0.1302669,0.1457485,0.1457485,0.1457485,0.1457485,0.1457485,0.1457485,0.179409,0.1457485,0.1457485,0.1457485,0.1457485,0.1457485,0.1457485,0.1457485,0.1457485,0.1457485,0.1457485,0.179409,0.1457485,0.1457485,0.1457485,0.1457485,0.1457485,0.1457485,0.1457485,
0.1457485,0.1457485,0.1457485,0.1457485,0.2471608,0.1457485,0.1457485,0.1457485,0.1457485,0.179409,0.1457485,0.1457485,0.1457485,0.2663765,0.1457485,0.1457485,0.1457485,0.179409,0.1446748,0.1457485,0.1457485,0.1457485,0.1457485,0.1457485,0.1457485,0.1457485,0.1457485,0.1457485,0.1457485,0.1457485,
0.1457485,0.1457485,0.1457485,0.1457485,0.1446748,0.1457485,0.1457485,0.1457485,0.1457485,0.179409,0.1457485,0.1457485,0.1457485,0.1457485,0.1457485,0.1457485,0.1457485,0.1457485,0.1457485,0.1457485,0.1457485,0.1457485,0.179409,0.1457485,0.1457485,0.1457485,0.1457485,0.1457485,0.1457485,0.1457485,
0.1457485,0.1457485,0.1457485,0.1880203,0.1457485,0.1457485,0.1457485,0.1457485,0.1457485,0.1457485,0.1457485,0.1457485,0.1457485,0.1457485,0.1457485,0.1457485,0.1446748,0.1457485,0.1457485,0.1457485,0.1457485,0.1457485,0.179409,0.1457485,0.1457485,0.1457485,0.1457485,0.1457485,0.1457485,0.1457485,
0.1457485,0.1457485,0.1457485,0.1532889,0.1457485,0.1457485,0.1457485,0.1446748,0.1457485,0.1457485,0.2245019,0.1880203,0.1457485,0.1457485,0.1457485,0.1457485,0.1457485,0.1457485,0.1457485,0.1457485,0.1446748,0.1457485,0.1457485,0.1457485,0.1457485,0.179409,0.1457485,0.1457485,0.1457485,0.1457485,
0.1457485,0.1457485,0.1457485,0.1457485,0.1457485,0.1457485,0.1457485,0.1457485,0.1457485,0.1457485,0.179409,0.1457485,0.1457485,0.1457485,0.1457485,0.1457485,0.09132197,0.1457485,0.1457485,0.1457485,0.1457485,0.1457485,0.1457485,0.1457485,0.1457485,0.1457485,0.1457485,0.1457485,0.1457485,0.1185485,
0.1457485,0.1457485,0.1457485,0.1457485,0.1457485,0.1457485,0.1457485,0.1457485,0.1457485,0.166108,0.1457485,0.1457485,0.1457485,0.1457485,0.1457485,0.179409,0.1457485,0.1457485,0.1457485,0.1457485,0.09132197,0.1457485,0.1457485,0.1457485,0.1457485,0.1457485,0.1457485,0.1457485,0.1457485,0.1457485,
0.1457485,0.1457485,0.1457485,0.1457485,0.1457485,0.1457485,0.1457485,0.1457485,0.1457485,0.1457485,0.1457485,0.1457485,0.1457485,0.1457485,0.04593172,0.1457485,0.1457485,0.1457485,0.1457485,0.1457485,0.1457485,0.1457485,0.1457485,0.1457485,0.1457485,0.1457485,0.1457485,0.1457485,0.1457485,0.1457485,
0.1457485,0.1457485,0.1457485,0.1457485,0.1457485,0.1457485,0.1457485,0.1299009,0.1457485,0.1457485,0.1457485,0.1457485,0.1457485,0.1457485,0.1457485,0.1457485,0.1457485,0.1457485,0.1457485,0.1457485,0.1457485,0.1457485,0.1457485,0.1457485,0.1457485,0.1457485,0.1457485,0.1457485,0.1457485,0.1457485,
0.1457485,0.1457485,0.1457485,0.1457485,0.1457485,0.1457485,0.1457485,0.1457485,0.1457485,0.1457485,0.1457485,0.09913304,0.1457485,0.1457485,0.1457485,0.1457485,0.1457485,0.1457485,0.004225552,0.1457485,0.1457485,0.1457485,0.1457485,0.1457485,0.1457485,0.1457485,0.1457485,0.1457485,0.1457485,0.1457485,
0.1457485,0.1457485,0.1457485,0.1457485,0.1457485,0.1457485,0.2111904,0.1457485,0.1457485,0.1457485,0.1457485,0.1457485,0.1457485,0.1457485,0.1457485,0.1457485,0.1457485,0.1457485,0.2416918,0.1457485,0.1457485,0.1457485,0.1457485,0.1457485,0.1457485,0.1457485,0.1457485,0.1457485,0.1457485,0.1457485,
0.1457485,0.1457485,0.1457485,0.1457485,0.1457485,0.1457485,0.1457485,0.01606325,0.1457485,0.1457485,0.1457485,0.1457485,0.1457485,0.1457485,0.1457485,0.2111904,0.1457485,0.1457485,0.1457485,0.1457485,0.1457485,0.1457485,0.1457485,0.1457485,0.1457485,0.1457485,0.1457485,0.1457485,0.1457485,0.1457485,
0.1457485,0.1457485,0.1457485,0.1457485,0.1457485,0.1457485,0.1457485,0.1457485,0.1457485,0.1457485,0.1457485,0.1457485,0.1457485,0.1457485,0.1457485,0.1457485,0.1457485,0.2111904,0.1457485,0.1457485,0.1457485,0.1457485,0.1457485,0.2111904,0.1457485,0.1457485,0.1457485,0.1457485,0.1457485,0.1457485,
0.1457485,0.1457485,0.1457485,0.1457485,0.1457485,0.1457485,0.1457485,0.1457485,0.1457485,0.1457485,0.1457485,0.1457485,0.1457485,0.1457485,0.1457485,0.1457485,0.1457485,0.1457485,0.2111904,0.1457485,0.1457485,0.1457485,0.1457485,0.1457485,0.2111904,0.1457485,0.1457485,0.1457485,0.1457485,0.1457485,
0.1457485,0.1457485,0.1457485,0.1457485,0.1457485,0.1457485,0.1457485,0.1457485,0.1457485,0.1457485,0.1457485,0.2111904,0.1457485,0.1457485,0.1457485,0.1457485,0.1457485,0.1457485,0.1457485,0.1457485,0.1457485,0.1457485,0.1457485,0.2076969,0.1457485,0.1457485,0.1457485,0.1457485,0.1457485,0.1457485,
0.1457485,0.1457485,0.1457485,0.1457485,0.1457485,0.1457485,0.1457485,0.1457485,0.1457485,0.1457485,0.1457485,0.1457485,0.01745249,0.1457485,0.1457485,0.1457485,0.1457485,0.1457485,0.1457485,0.1457485,0.1457485,0.1457485,0.1457485,0.1457485,0.1457485,0.1457485,0.1457485,0.07233267,0.1457485,0.1457485,
0.1457485,0.1457485,0.1457485,0.1457485,0.1457485,0.1457485,0.1457485,0.1457485,0.1457485,0.1457485,0.1457485,0.1457485,0.1457485,0.07202883,0.1457485,0.1457485,0.1457485,0.1457485,0.1457485,0.1457485,0.1457485,0.1457485,0.1457485,0.141922,0.1457485,0.1457485,0.1457485,0.1457485,0.1457485,0.1457485,
0.1457485,0.1457485,0.2823543,0.1457485,0.1457485,0.1457485,0.1457485,0.1457485,0.1457485,0.1457485,0.1457485,0.1457485,0.1457485,0.1457485,0.1457485,0.1457485,0.1457485,0.1457485,0.1457485,0.1457485,0.2494729,0.1457485,0.1457485,0.1457485,0.1457485,0.1457485,0.1457485,0.1457485,0.1457485,0.1457485,
0.1457485,0.1457485,0.1457485,0.1457485,0.1457485,0.1457485,0.1457485,0.1457485,0.1457485,0.1457485,0.1457485,0.2823543,0.1457485,0.1457485,0.1457485,0.1457485,0.1457485,0.1457485,0.2494729,0.1457485,0.1457485,0.1457485,0.1457485,0.1457485,0.1457485,0.2494729,0.1457485,0.1457485,0.1457485,0.1457485,
0.1457485,0.1457485,0.1457485,0.1457485,0.1457485,0.1457485,0.1457485,0.1457485,0.1457485,0.1457485,0.2454482,0.1457485,0.1457485,0.1457485,0.1805265,0.1457485,0.1457485,0.1457485,0.1457485,0.1457485,0.1457485,0.1457485,0.1457485,0.1457485,0.1457485,0.1457485,0.1457485,0.1457485,0.1457485,0.1457485,
0.1457485,0.1457485,0.1457485,0.1457485,0.1457485,0.1457485,0.1457485,0.1457485,0.1457485,0.1457485,0.1457485,0.1457485,0.1457485,0.1457485,0.1457485,0.1457485,0.1457485,0.1457485,0.1457485,0.1457485,0.1457485,0.1457485,0.1457485,0.1457485,0.1457485,0.165698,0.1457485,0.1457485,0.1457485,0.1457485,
0.1457485,0.1457485,0.1457485,0.1457485,0.165698,0.1457485,0.1457485,0.1457485,0.1457485,0.07862261,0.1457485,0.1457485,0.1457485,0.1457485,0.1457485,0.1457485,0.1457485,0.1457485,0.1457485,0.1457485,0.1457485,0.1457485,0.1457485,0.1457485,0.1457485,0.1457485,0.1457485,0.1457485,0.1457485,0.1457485,
0.1457485,0.1457485,0.1457485,0.1457485,0.1457485,0.1457485,0.07862261,0.1457485,0.1457485,0.1457485,0.2669114,0.1457485,0.1457485,0.1457485,0.1457485,0.1457485,0.1457485,0.1457485,0.1457485,0.1457485,0.1457485,0.1457485,0.1457485,0.1457485,0.1457485,0.1457485,0.1457485,0.1457485,0.09478947,0.1457485,
0.1457485,0.1457485,0.1457485,0.1457485,0.1457485,0.1457485,0.1457485,0.1457485,0.1457485,0.1457485,0.1457485,0.1457485,0.1457485,0.1457485,0.1457485,0.1457485,0.1457485,0.1457485,0.1457485,0.1457485,0.1457485,0.1457485,0.1457485,0.1457485,0.1457485,0.1457485,0.1457485,0.1457485,0.1457485,0.1457485,
0.1457485,0.1457485,0.1457485,0.2890667,0.1457485,0.1457485,0.1457485,0.1457485,0.1457485,0.1457485,0.1457485,0.1457485,0.2317535,0.1457485,0.1457485,0.1457485,0.1457485,0.1457485,0.05339563,0.1457485,0.1457485,0.1457485,0.1457485,0.02194959,0.1457485,0.1457485,0.1457485,0.1457485,0.1457485,0.1457485,
0.1457485,0.1457485,0.1457485,0.1457485,0.1457485,0.1457485,0.1457485,0.1457485,0.1457485,0.1457485,0.1457485,0.1457485,0.1457485,0.1457485,0.1457485,0.1457485,0.1457485,0.2317535,0.1457485,0.1457485,0.1457485,0.1457485,0.1457485,0.1457485,0.02194959,0.1457485,0.1457485,0.1457485,0.1457485,0.1457485,
0.1457485,0.1457485,0.1457485,0.2577961,0.1457485,0.1457485,0.1457485,0.1457485,0.1457485,0.1457485,0.1457485,0.1457485,0.1457485,0.1457485,0.1457485,0.1457485,0.1457485,0.1457485,0.1457485,0.1457485,0.1457485,0.1457485,0.1457485,0.02194959,0.1457485,0.1457485,0.1457485,0.1457485,0.1457485,0.1457485,
0.1457485,0.1457485,0.1457485,0.1457485,0.1457485,0.1457485,0.1457485,0.1457485,0.2718828,0.1457485,0.1457485,0.1457485,0.1457485,0.1457485,0.1457485,0.1457485,0.1457485,0.1457485,0.1457485,0.1457485,0.1457485,0.1457485,0.1457485,0.1457485,0.1457485,0.1457485,0.1457485,0.1457485,0.1457485,0.1457485,
0.1457485,0.1457485,0.1457485,0.1457485,0.1457485,0.1457485,0.1457485,0.1457485,0.1457485,0.1457485,0.1457485,0.1457485,0.1457485,0.1457485,0.1457485,0.1457485,0.1457485,0.1457485,0.1457485,0.09079427,0.1457485,0.1457485,0.1457485,0.1457485,0.1457485,0.1457485,0.1457485,0.1457485,0.1457485,0.1457485,
0.1457485,0.1457485,0.1457485,0.1457485,0.1457485,0.1457485,0.1457485,0.1457485,0.1457485,0.1457485,0.1457485,0.1457485,0.1457485,0.1457485,0.1457485,0.1457485,0.1457485,0.1457485,0.1457485,0.1457485,0.2110398,0.238769,0.1457485,0.1457485,0.1457485,0.1457485,0.1457485,0.1457485,0.1457485,0.1457485,
0.1457485,0.1457485,0.1457485,0.1457485,0.1457485,0.1457485,0.1457485,0.1457485,0.09843781,0.1457485,0.1457485,0.1457485,0.1457485,0.1226332,0.1457485,0.1457485,0.1457485,0.1457485,0.1457485,0.1457485,0.1457485,0.1457485,0.1457485,0.1457485,0.1457485,0.1457485,0.1457485,0.1457485,0.1457485,0.1457485,
0.1457485,0.1457485,0.1226332,0.1457485,0.1457485,0.1457485,0.1457485,0.1457485,0.1457485,0.1457485,0.1457485,0.1457485,0.1457485,0.1457485,0.1457485,0.1457485,0.1457485,0.2970613,0.2664355,0.1457485,0.1457485,0.1457485,0.1457485,0.1457485,0.1457485,0.1457485,0.1457485,0.1457485,0.1457485,0.1457485,
0.1457485,0.1457485,0.1457485,0.1457485,0.1457485,0.1457485,0.1457485,0.1457485,0.1457485,0.1457485,0.1457485,0.1457485,0.1457485,0.1457485,0.1226332,0.1457485,0.1457485,0.1457485,0.1457485,0.1457485,0.1457485,0.1457485,0.1457485,0.2381378,0.1457485,0.1457485,0.1457485,0.1457485,0.1457485,0.2209463,
0.1457485,0.1457485,0.1457485,0.1457485,0.1457485,0.1457485,0.1457485,0.1457485,0.1457485,0.2381378,0.2209463,0.1457485,0.1457485,0.1457485,0.1457485,0.1226332,0.1457485,0.1457485,0.2209463,0.1457485,0.1457485,0.1457485,0.1457485,0.1457485,0.1457485,0.1457485,0.1457485,0.1457485,0.1457485,0.1226332,
0.1457485,0.1457485,0.1226332,0.1457485,0.1457485,0.1457485,0.1457485,0.1457485,0.1457485,0.1457485,0.1457485,0.1457485,0.1457485,0.1457485,0.1457485,0.1457485,0.1457485,0.1457485,0.1457485,0.1457485,0.1457485,0.1457485,0.1457485,0.2209463,0.2209463,0.1457485,0.1457485,0.1457485,0.1457485,0.1457485,
0.1457485,0.1457485,0.1457485,0.1457485,0.1457485,0.1457485,0.1457485,0.1457485,0.1457485,0.1457485,0.1457485,0.1768944,0.1457485,0.1457485,0.1457485,0.1457485,0.1457485,0.1457485,0.1457485,0.1457485,0.1457485,0.1457485,0.1457485,0.1457485,0.1226332,0.1457485,0.1226332,0.1457485,0.1457485,0.1457485,
0.1457485,0.1457485,0.1457485,0.1457485,0.1457485,0.1457485,0.1457485,0.1457485,0.04212216,0.1457485,0.1457485,0.1457485,0.1457485,0.1457485,0.1226332,0.1457485,0.1457485,0.1457485,0.1457485,0.1457485,0.1457485,0.1457485,0.1457485,0.1226332,0.1457485,0.1457485,0.1457485,0.1457485,0.1457485,0.1226332,
0.1457485,0.1457485,0.1457485,0.1226332,0.1457485,0.1457485,0.1457485,0.1457485,0.1457485,0.1457485,0.1457485,0.1457485,0.1457485,0.1457485,0.1457485,0.1457485,0.1457485,0.1457485,0.1457485,0.1457485,0.1457485,0.1457485,0.1457485,0.1457485,0.1226332,0.1457485,0.1457485,0.1457485,0.1457485,0.1457485,
0.1457485,0.1457485,0.1457485,0.04693802,0.1457485,0.1457485,0.1226332,0.1457485,0.1457485,0.1457485,0.1457485,0.1457485,0.1457485,0.1457485,0.1457485,0.1457485,0.1457485,0.1457485,0.1457485,0.1457485,0.1457485,0.1457485,0.1457485,0.1457485,0.1457485,0.1457485,0.1457485,0.1457485,0.1457485,0.1457485,
0.1457485,0.1457485,0.1457485,0.1457485,0.1457485,0.1457485,0.1457485,0.1457485,0.1457485,0.1457485,0.1457485,0.1457485,0.1457485,0.1457485,0.1457485,0.1457485,0.1457485,0.1457485,0.1457485,0.1457485,0.1457485,0.1457485,0.1457485,0.1457485,0.1457485,0.1457485,0.1457485,0.1457485,0.1457485,0.1457485,
0.1457485,0.1457485,0.1457485,0.1457485,0.2210184,0.1457485,0.1457485,0.1457485,0.1457485,0.1457485,0.1457485,0.1457485,0.1457485,0.1457485,0.1457485,0.1457485,0.1457485,0.1457485,0.1457485,0.1457485,0.1457485,0.1457485,0.1457485,0.1457485,0.1457485,0.1457485,0.1457485,0.1457485,0.1457485,0.04428123,
0.1457485,0.1457485,0.1457485,0.1457485,0.1457485,0.1457485,0.1457485,0.1457485,0.1457485,0.1457485,0.1457485,0.1457485,0.1457485,0.1457485,0.1457485,0.1457485,0.1457485,0.1457485,0.1457485,0.1457485,0.1457485,0.1457485,0.1457485,0.06168444,0.1457485,0.1457485,0.1457485,0.1457485,0.1457485,0.1457485,
0.1457485,0.1457485,0.1457485,0.1457485,0.1457485,0.1457485,0.1457485,0.1457485,0.1457485,0.1457485,0.1457485,0.1457485,0.1457485,0.1457485,0.1457485,0.1457485,0.1457485,0.1457485,0.1457485,0.1457485,0.1457485,0.1457485,0.1457485,0.04017202,0.1457485,0.1457485,0.1457485,0.1457485,0.1457485,0.1457485,
0.1457485,0.1457485,0.1457485,0.1457485,0.1457485,0.1457485,0.1457485,0.1457485,0.1457485,0.1457485,0.1457485,0.1457485,0.1457485,0.1457485,0.1457485,0.1457485,0.1457485,0.1457485,0.1457485,0.1457485,0.1457485,0.1457485,0.1457485,0.1457485,0.1429569,0.1457485,0.1457485,0.1457485,0.1457485,0.1457485,
0.1457485,0.1457485,0.1439901,0.1457485,0.1457485,0.1457485,0.1457485,0.1457485,0.1457485,0.1457485,0.1457485,0.1457485,0.1457485,0.1457485,0.1457485,0.1457485,0.1457485,0.1457485,0.1457485,0.1457485,0.1457485,0.1457485,0.1457485,0.1457485,0.1457485,0.1457485,0.1457485,0.1457485,0.1457485,0.1457485,
0.1457485,0.1457485,0.1457485,0.1457485,0.1457485,0.1439901,0.2510742,0.1457485,0.1457485,0.1457485,0.1654489,0.1457485,0.1457485,0.1457485,0.1457485,0.1457485,0.1457485,0.2781988,0.1439901,0.1457485,0.1457485,0.1457485,0.1439901,0.1457485,0.1457485,0.1457485,0.1457485,0.1457485,0.1457485,0.1457485,
0.1457485,0.1457485,0.1457485,0.1457485,0.1439901,0.1457485,0.1457485,0.1457485,0.1439901,0.1457485,0.1457485,0.1457485,0.1457485,0.1457485,0.1439901,0.1457485,0.1457485,0.1457485,0.1654489,0.1457485,0.1457485,0.1457485,0.1654489,0.1457485,0.1457485,0.1457485,0.1457485,0.1457485,0.1457485,0.1457485,
0.1457485,0.1457485,0.1439901,0.1439901,0.1457485,0.1457485,0.1457485,0.1457485,0.1457485,0.1654489,0.1457485,0.1457485,0.1457485,0.1457485,0.1457485,0.1457485,0.1654489,0.1457485,0.1457485,0.1457485,0.1457485,0.1457485,0.1457485,0.1457485,0.171315,0.1457485,0.1457485,0.1439901,0.1457485,0.1457485,
0.1457485,0.1457485,0.1654489,0.1457485,0.1457485,0.2702222,0.1457485,0.1457485,0.1457485,0.1457485,0.1457485,0.1457485,0.1439901,0.1457485,0.1457485,0.1457485,0.1457485,0.1439901,0.1457485,0.1457485,0.1457485,0.1457485,0.1439901,0.1457485,0.1457485,0.01297932,0.1457485,0.1457485,0.171315,0.2244365,
0.1457485,0.1457485,0.1457485,0.2878328,0.1457485,0.1457485,0.1654489,0.1457485,0.1439901,0.1457485,0.1439901,0.1457485,0.1457485,0.1457485,0.1439901,0.1457485,0.2702222,0.1457485,0.1457485,0.171315,0.1457485,0.1457485,0.1457485,0.1457485,0.1457485,0.1457485,0.171315,0.1457485,0.01248014,0.1457485,
0.1457485,0.1457485,0.1439901,0.1457485,0.1457485,0.1457485,0.1439901,0.171315,0.171315,0.1457485,0.1457485,0.1457485,0.1457485,0.1439901,0.1457485,0.1457485,0.1457485,0.1457485,0.2702222,0.1457485,0.1457485,0.1457485,0.2702222,0.1457485,0.1439901,0.1457485,0.1457485,0.171315,0.1457485,0.1457485,
0.1457485,0.1457485,0.171315,0.1457485,0.1457485,0.2702222,0.1457485,0.1457485,0.1457485,0.1457485,0.1457485,0.2702222,0.1457485,0.1439901,0.1439901,0.1457485,0.1439901,0.1457485,0.1457485,0.1439901,0.1457485,0.1457485,0.1457485,0.1457485,0.1457485,0.1457485,0.1457485,0.009519554,0.1457485,0.1457485,
0.1457485,0.1457485,0.1439901,0.1457485,0.1457485,0.1439901,0.1457485,0.1457485,0.1457485,0.1457485,0.1457485,0.1439901,0.1457485,0.09612396,0.1457485,0.1457485,0.1457485,0.1457485,0.1439901,0.2702222,0.2702222,0.1457485,0.1457485,0.1457485,0.1457485,0.1439901,0.1457485,0.1457485,0.1457485,0.1457485,
0.1457485,0.1457485,0.1439901,0.1457485,0.1457485,0.1457485,0.1457485,0.1457485,0.1457485,0.1457485,0.1457485,0.1439901,0.1457485,0.1457485,0.1457485,0.1457485,0.1457485,0.09612396,0.1457485,0.2767866,0.1457485,0.1439901,0.2875118,0.1457485,0.1457485,0.1439901,0.1457485,0.1457485,0.1457485,0.1457485,
0.1457485,0.1457485,0.1457485,0.09612396,0.1457485,0.1457485,0.1457485,0.1439901,0.1439901,0.1457485,0.1439901,0.1457485,0.1457485,0.1457485,0.1457485,0.1457485,0.04033964,0.1457485,0.1457485,0.1457485,0.1457485,0.1457485,0.1457485,0.04470674,0.1439901,0.1457485,0.1457485,0.1457485,0.1439901,0.1457485,
0.1439901,0.1457485,0.09612396,0.1439901,0.1457485,0.1457485,0.1457485,0.1439901,0.04470674,0.1457485,0.1457485,0.1439901,0.1457485,0.1457485,0.1457485,0.1457485,0.1457485,0.1457485,0.2371222,0.09612396,0.09612396,0.1439901,0.1439901,0.1457485,0.1439901,0.1457485,0.1457485,0.1439901,0.1457485,0.1457485,
0.1439901,0.1439901,0.1457485,0.1457485,0.1457485,0.1457485,0.1439901,0.1439901,0.1457485,0.1439901,0.09612396,0.2371222,0.1457485,0.1457485,0.1457485,0.1439901,0.1457485,0.1457485,0.1457485,0.1439901,0.1457485,0.1457485,0.1457485,0.1457485,0.1457485,0.1457485,0.1457485,0.1457485,0.1457485,0.1457485,
0.1457485,0.1457485,0.1457485,0.1457485,0.1439901,0.1457485,0.1457485,0.1457485,0.1457485,0.1457485,0.03430567,0.1457485,0.2371222,0.1439901,0.1457485,0.1457485,0.1457485,0.1457485,0.1457485,0.1457485,0.1457485,0.1457485,0.1457485,0.1457485,0.1457485,0.1457485,0.1457485,0.1457485,0.09612396,0.1439901,
0.1439901,0.1457485,0.1457485,0.1457485,0.1457485,0.1457485,0.1422768,0.1457485,0.1457485,0.1457485,0.1457485,0.1457485,0.1457485,0.09612396,0.1439901,0.1457485,0.1457485,0.1457485,0.1457485,0.1457485,0.1457485,0.2371222,0.09612396,0.1457485,0.1457485,0.1457485,0.09612396,0.09961987,0.1457485,0.1439901,
0.1439901,0.1439901,0.1457485,0.1457485,0.1457485,0.1457485,0.1457485,0.09612396,0.09612396,0.1457485,0.1457485,0.1457485,0.1457485,0.1457485,0.1457485,0.1457485,0.1457485,0.1457485,0.1439901,0.1457485,0.1457485,0.1457485,0.1457485,0.1457485,0.09612396,0.1457485,0.09961987,0.1439901,0.1457485,0.1457485,
0.1457485,0.1439901,0.1457485,0.1457485,0.1457485,0.1457485,0.1439901,0.1457485,0.1439901,0.1457485,0.1457485,0.1457485,0.1457485,0.1457485,0.1457485,0.1457485,0.1439901,0.1457485,0.1457485,0.1439901,0.1457485,0.09612396,0.1457485,0.1457485,0.1457485,0.1457485,0.1439901,0.09612396,0.1457485,0.1457485,
0.1457485,0.1457485,0.1457485,0.1457485,0.1439901,0.1457485,0.1439901,0.1457485,0.1457485,0.1439901,0.1457485,0.1457485,0.1457485,0.1457485,0.1457485,0.1457485,0.1457485,0.1439901,0.1439901,0.1457485,0.1439901,0.1457485,0.1457485,0.1457485,0.1439901,0.09612396,0.1457485,0.1457485,0.1439901,0.1457485,
0.1457485,0.1457485,0.1439901,0.2587115,0.1457485,0.1457485,0.1457485,0.1457485,0.1457485,0.1534816,0.1457485,0.1439901,0.1439901,0.1457485,0.1439901,0.1457485,0.1457485,0.1457485,0.1439901,0.1457485,0.1457485,0.1457485,0.1457485,0.2908492,0.2828398,0.09612396,0.09612396,0.1439901,0.1457485,0.1439901,
0.1439901,0.1457485,0.1457485,0.1457485,0.1457485,0.1457485,0.1457485,0.09612396,0.1457485,0.1457485,0.2908492,0.1439901,0.1439901,0.1534816,0.1457485,0.1439901,0.1439901,0.1439901,0.1457485,0.2908492,0.1457485,0.1439901,0.1439901,0.1457485,0.1439901,0.1439901,0.2171094,0.1457485,0.1121771,0.1439901,
0.1439901,0.1457485,0.1439901,0.1457485,0.2171094,0.2623187,0.1439901,0.1439901,0.1439901,0.1439901,0.1534816,0.1439901,0.1457485,0.1439901,0.1121771,0.1439901,0.1457485,0.1439901,0.1439901,0.1439901,0.1439901,0.1534816,0.1457485,0.1439901,0.1032809,0.1121771,0.1439901,0.1457485,0.1457485,0.1457485,
0.1439901,0.1457485,0.1457485,0.1439901,0.1439901,0.1439901,0.1439901,0.2171094,0.1439901,0.1457485,0.1439901,0.1439901,0.1457485,0.1439901,0.1457485,0.1439901,0.1457485,0.1534816,0.1439901,0.1439901,0.1439901,0.1457485,0.1457485,0.1439901,0.1439901,0.1439901,0.1439901,0.04983595,0.1457485,0.1439901,
0.1457485,0.1457485,0.1439901,0.1534816,0.1439901,0.1439901,0.1439901,0.1439901,0.1439901,0.1439901,0.1439901,0.1439901,0.1457485,0.1439901,0.1439901,0.1457485,0.1439901,0.1439901,0.1439901,0.1534816,0.1439901,0.1439901,0.1457485,0.1457485,0.1439901,0.1457485,0.1457485,0.1439901,0.1439901,0.1457485,
0.1457485,0.1457485,0.1457485,0.1457485,0.2842925,0.1457485,0.1457485,0.1439901,0.1439901,0.1439901,0.1439901,0.1439901,0.1439901,0.1439901,0.1439901,0.1439901,0.1457485,0.1457485,0.1439901,0.1534816,0.1457485,0.1457485,0.1439901,0.1457485,0.1439901,0.1457485,0.1439901,0.1534816,0.1439901,0.1439901,
0.1457485,0.1457485,0.1439901,0.1457485,0.1439901,0.1457485,0.1457485,0.1439901,0.1457485,0.1439901,0.1421579,0.1457485,0.1457485,0.2819731,0.1439901,0.02362365,0.1457485,0.1457485,0.2058633,0.1439901,0.1457485,0.1534816,0.1457485,0.1439901,0.1439901,0.1457485,0.1439901,0.1457485,0.1457485,0.1439901,
0.1457485,0.1457485,0.1439901,0.1534816,0.1421579,0.1439901,0.1457485,0.1457485,0.1439901,0.1457485,0.1439901,0.1439901,0.2703989,0.2058633,0.1457485,0.1439901,0.1439901,0.1439901,0.1457485,0.1534816,0.1439901,0.1439901,0.1421579,0.1439901,0.1457485,0.1439901,0.1457485,0.1439901,0.1457485,0.1457485,
0.1457485,0.1457485,0.1457485,0.1457485,0.1439901,0.1439901,0.1457485,0.1439901,0.1457485,0.1421579,0.1439901,0.1457485,0.1457485,0.1457485,0.07279712,0.1439901,0.1439901,0.1439901,0.1439901,0.2590336,0.1534816,0.1439901,0.1439901,0.1457485,0.1457485,0.1457485,0.1439901,0.1534816,0.1439901,0.1439901,
0.1439901,0.1439901,0.1457485,0.1439901,0.1457485,0.1439901,0.1457485,0.1439901,0.1457485,0.1439901,0.1457485,0.1439901,0.1439901,0.1421579,0.1439901,0.1457485,0.2454071,0.1457485,0.1457485,0.1439901,0.1439901,0.1439901,0.1457485,0.1457485,0.1457485,0.1439901,0.1439901,0.1457485,0.1439901,0.1457485,
0.1457485,0.1439901,0.1439901,0.1439901,0.254067,0.1457485,0.1439901,0.1457485,0.1457485,0.1439901,0.1457485,0.1457485,0.1457485,0.1457485,0.1439901,0.1955811,0.1439901,0.1457485,0.1439901,0.1421579,0.1439901,0.1457485,0.1421579,0.1457485,0.1439901,0.1439901,0.1457485,0.1439901,0.1457485,0.1457485,
0.1457485,0.1457485,0.1457485,0.284418,0.1457485,0.1439901,0.1439901,0.1439901,0.1439901,0.1439901,0.1457485,0.2713439,0.1457485,0.1439901,0.1439901,0.1439901,0.1457485,0.1457485,0.254067,0.1421579,0.1457485,0.1439901,0.1457485,0.1955811,0.1439901,0.254067,0.1439901,0.1457485,0.1439901,0.1228071,
0.1457485,0.1457485,0.2403027,0.1457485,0.1457485,0.1439901,0.1439901,0.1439901,0.1457485,0.1439901,0.1955811,0.1439901,0.1439901,0.1439901,0.1457485,0.1457485,0.2416724,0.254067,0.1457485,0.1457485,0.284418,0.1439901,0.1439901,0.1457485,0.1457485,0.1439901,0.1439901,0.1439901,0.1439901,0.1457485,
0.1457485,0.1457485,0.1439901,0.1457485,0.1955811,0.1457485,0.1439901,0.2403027,0.1457485,0.1955811,0.2403027,0.1439901,0.1457485,0.1457485,0.2416724,0.1439901,0.1457485,0.2403027,0.1439901,0.1457485,0.03388971,0.1457485,0.1439901,0.1457485,0.1457485,0.1439901,0.1439901,0.1457485,0.1457485,0.1457485,
0.1457485,0.1457485,0.1457485,0.1457485,0.1439901,0.1955811,0.1457485,0.1439901,0.1457485,0.1457485,0.1457485,0.1457485,0.1457485,0.09471483,0.1457485,0.1457485,0.1457485,0.1457485,0.1439901,0.1457485,0.1457485,0.1457485,0.1439901,0.1457485,0.1457485,0.03388971,0.1439901,0.1457485,0.1439901,0.1457485,
0.1457485,0.1439901,0.1457485,0.1457485,0.1457485,0.1457485,0.1457485,0.1439901,0.1457485,0.1457485,0.1457485,0.1439901,0.1457485,0.1439901,0.1439901,0.1457485,0.1457485,0.1955811,0.1457485,0.1439901,0.1457485,0.1457485,0.03388971,0.1955811,0.1457485,0.1457485,0.1457485,0.1457485,0.1457485,0.1439901,
0.1457485,0.1457485,0.1457485,0.1457485,0.1439901,0.07219741,0.1439901,0.1457485,0.1457485,0.1457485,0.1457485,0.1457485,0.2542179,0.1457485,0.1457485,0.1457485,0.1439901,0.1457485,0.1439901,0.1457485,0.1457485,0.1457485,0.1439901,0.1457485,0.1457485,0.1457485,0.1439901,0.1457485,0.1457485,0.1439901,
0.1439901,0.1457485,0.1457485,0.1457485,0.1457485,0.1457485,0.1457485,0.1457485,0.1439901,0.1439901,0.1457485,0.1457485,0.1648066,0.1457485,0.1457485,0.1439901,0.07219741,0.1457485,0.1457485,0.1439901,0.1457485,0.1457485,0.1439901,0.1457485,0.1457485,0.2542179,0.1457485,0.1457485,0.1457485,0.1439901,
0.1457485,0.1457485,0.1439901,0.1457485,0.1457485,0.1457485,0.1457485,0.1457485,0.1457485,0.1457485,0.1457485,0.1457485,0.1457485,0.1439901,0.1457485,0.1439901,0.1457485,0.1457485,0.1457485,0.1457485,0.1457485,0.1457485,0.1457485,0.1648066,0.1457485,0.1457485,0.1457485,0.1439901,0.1439901,0.1457485,
0.1457485,0.1457485,0.1457485,0.1439901,0.08336858,0.1457485,0.1457485,0.1648066,0.1457485,0.1457485,0.1457485,0.1457485,0.1457485,0.1457485,0.1457485,0.1457485,0.1457485,0.1457485,0.1439901,0.1457485,0.1457485,0.1457485,0.1457485,0.1457485,0.1439901,0.1439901,0.1265767,0.1457485,0.1457485,0.1457485,
0.1457485,0.1457485,0.1457485,0.1457485,0.1439901,0.1457485,0.1457485,0.1457485,0.1457485,0.1457485,0.1457485,0.1457485,0.1457485,0.1439901,0.1457485,0.1457485,0.1457485,0.1457485,0.1457485,0.1439901,0.1457485,0.1457485,0.1457485,0.1457485,0.1457485,0.1457485,0.1457485,0.1439901,0.1457485,0.1457485,
0.1457485,0.1457485,0.1457485,0.1457485,0.1457485,0.1457485,0.1457485,0.1439901,0.1439901,0.1457485,0.1457485,0.1457485,0.1457485,0.1457485,0.1439901,0.1457485,0.1457485,0.1439901,0.1457485,0.1457485,0.1457485,0.1457485,0.1457485,0.1457485,0.1439901,0.2610555,0.1457485,0.1457485,0.1457485,0.1457485,
0.1457485,0.1457485,0.1457485,0.1457485,0.07246031,0.1457485,0.1457485,0.1457485,0.1457485,0.2610555,0.1457485,0.1457485,0.1457485,0.1457485,0.1457485,0.1457485,0.1457485,0.1457485,0.1457485,0.1697906,0.1457485,0.1457485,0.1439901,0.1457485,0.1457485,0.1439901,0.1457485,0.1457485,0.1439901,0.1457485,
0.1457485,0.1457485,0.1457485,0.1457485,0.1457485,0.1457485,0.1457485,0.1457485,0.1457485,0.1457485,0.1457485,0.1457485,0.1439901,0.1457485,0.1457485,0.1457485,0.1439901,0.1457485,0.1457485,0.1457485,0.07246031,0.1457485,0.1439901,0.1457485,0.1457485,0.1457485,0.1457485,0.1457485,0.1457485,0.1439901,
0.1457485,0.1457485,0.1457485,0.1439901,0.1457485,0.1457485,0.1457485,0.1457485,0.1457485,0.1439901,0.1457485,0.1457485,0.1882691,0.1457485,0.1457485,0.1457485,0.1457485,0.1457485,0.1457485,0.1457485,0.1457485,0.1457485,0.1457485,0.2877947,0.1457485,0.1439901,0.1457485,0.1457485,0.1457485,0.1457485,
0.1457485,0.1457485,0.1457485,0.1457485,0.1457485,0.1457485,0.1457485,0.1457485,0.1457485,0.1457485,0.1882691,0.1457485,0.1644368,0.1457485,0.1457485,0.1457485,0.1457485,0.1439901,0.1439901,0.1457485,0.1457485,0.1457485,0.1457485,0.1457485,0.1439901,0.1457485,0.1457485,0.1457485,0.1439901,0.1457485,
0.1457485,0.1457485,0.1457485,0.1457485,0.1457485,0.1457485,0.1457485,0.1457485,0.1439901,0.1457485,0.1457485,0.1457485,0.1457485,0.1457485,0.1457485,0.1457485,0.1457485,0.1457485,0.1457485,0.1644368,0.1457485,0.1457485,0.1439901,0.1457485,0.1439901,0.1457485,0.1457485,0.1644368,0.1439901,0.1439901,
0.1457485,0.1457485,0.1457485,0.1457485,0.1457485,0.1457485,0.1457485,0.03995791,0.2265493,0.1457485,0.1457485,0.1457485,0.1439901,0.1457485,0.1457485,0.1457485,0.1644368,0.1439901,0.1457485,0.1644368,0.1439901,0.1539074,0.1644368,0.1457485,0.1457485,0.1457485,0.1457485,0.1457485,0.1439901,0.1457485,
0.1457485,0.1457485,0.1457485,0.1457485,0.1457485,0.1457485,0.1644368,0.1457485,0.1644368,0.1457485,0.1457485,0.1457485,0.1439901,0.1457485,0.1439901,0.1457485,0.1457485,0.1644368,0.1457485,0.1439901,0.1457485,0.1644368,0.2265493,0.1539074,0.1457485,0.1457485,0.1457485,0.1457485,0.1457485,0.1457485,
0.1457485,0.1457485,0.1457485,0.1457485,0.1457485,0.1457485,0.1457485,0.1457485,0.1457485,0.1457485,0.1457485,0.1439901,0.1457485,0.1439901,0.1457485,0.1439901,0.1457485,0.1457485,0.1457485,0.1457485,0.1457485,0.1457485,0.1457485,0.1457485,0.1644368,0.1439901,0.1457485,0.1457485,0.1457485,0.1457485,
0.1457485,0.1457485,0.1457485,0.1457485,0.1457485,0.1457485,0.1457485,0.1439901,0.1457485,0.1457485,0.1457485,0.1457485,0.1457485,0.1457485,0.1457485,0.1723542,0.1457485,0.2177569,0.1457485,0.1457485,0.1457485,0.1457485,0.1457485,0.1457485,0.1457485,0.1457485,0.1457485,0.1457485,0.2097489,0.1457485,
0.1457485,0.1457485,0.1439901,0.1457485,0.1723542,0.1457485,0.1723542,0.2097489,0.2582185,0.1457485,0.2097489,0.1457485,0.2189076,0.1457485,0.1457485,0.1723542,0.1457485,0.1457485,0.1457485,0.1457485,0.1457485,0.1457485,0.1457485,0.1723542,0.1133711,0.1457485,0.1457485,0.1457485,0.1174522,0.1457485,
0.1457485,0.1457485,0.1457485,0.1457485,0.1457485,0.1457485,0.1457485,0.1439901,0.1457485,0.1457485,0.1457485,0.1133711,0.1457485,0.1457485,0.1457485,0.1457485,0.1457485,0.1457485,0.1457485,0.1457485,0.1457485,0.1723542,0.1723542,0.1133711,0.1457485,0.1457485,0.1457485,0.2582185,0.1457485,0.1457485,
0.1457485,0.1457485,0.1457485,0.1723542,0.1457485,0.1457485,0.1457485,0.1457485,0.1723542,0.1457485,0.1457485,0.1457485,0.1457485,0.1457485,0.1457485,0.1457485,0.175202,0.1457485,0.1457485,0.1457485,0.1457485,0.1457485,0.1457485,0.1457485,0.1457485,0.1457485,0.1457485,0.1457485,0.1457485,0.1457485,
0.1457485,0.1457485,0.1457485,0.1457485,0.08177456,0.1457485,0.1457485,0.1457485,0.1457485,0.1457485,0.1457485,0.1457485,0.1457485,0.1457485,0.1457485,0.1457485,0.1457485,0.1457485,0.1457485,0.1457485,0.1457485,0.1457485,0.1457485,0.1457485,0.1457485,0.1457485,0.1457485,0.1457485,0.1457485,0.1457485,
0.1457485,0.1457485,0.1457485,0.1457485,0.1457485,0.1457485,0.1457485,0.1457485,0.1457485,0.1457485,0.1457485,0.1457485,0.1457485,0.1457485,0.1457485,0.1457485,0.1457485,0.1457485,0.1457485,0.1457485,0.1457485,0.1457485,0.1457485,0.1457485,0.1457485,0.08614896,0.1457485,0.1457485,0.04934271,0.1457485,
0.1457485,0.1457485,0.1457485,0.1457485,0.1457485,0.1457485,0.1457485,0.1457485,0.1457485,0.1457485,0.1457485,0.1457485,0.1457485,0.1457485,0.1457485,0.1457485,0.1457485,0.1457485,0.1457485,0.1457485,0.1457485,0.1457485,0.08614896,0.1457485,0.1457485,0.1457485,0.1457485,0.1457485,0.1457485,0.1457485,
0.1457485,0.1457485,0.1457485,0.1457485,0.1457485,0.1277262,0.1457485,0.1457485,0.1457485,0.1457485,0.1457485,0.1457485,0.1457485,0.1457485,0.1457485,0.1457485,0.1457485,0.1457485,0.1457485,0.1457485,0.1457485,0.1457485,0.1457485,0.1457485,0.1457485,0.2889248,0.1457485,0.1457485,0.1457485,0.1457485,
0.1457485,0.1457485,0.1457485,0.1457485,0.1457485,0.1457485,0.1457485,0.1457485,0.1457485,0.1457485,0.1457485,0.1457485,0.1457485,0.1457485,0.1457485,0.1457485,0.1457485,0.1457485,0.1457485,0.1457485,0.1457485,0.1457485,0.02804339,0.1457485,0.1457485,0.1457485,0.1457485,0.1457485,0.1457485,0.1457485,
0.1457485,0.1457485,0.1457485,0.1457485,0.1457485,0.1457485,0.1457485,0.1724306,0.1457485,0.1457485,0.1457485,0.1457485,0.1457485,0.1849359,0.1457485,0.1164512,0.1457485,0.1457485,0.1457485,0.1457485,0.1457485,0.1457485,0.1457485,0.1457485,0.1457485,0.1457485,0.1457485,0.1457485,0.1457485,0.1457485,
0.1457485,0.1457485,0.1457485,0.1457485,0.1457485,0.1457485,0.1457485,0.1164512,0.1457485,0.1457485,0.1457485,0.1849359,0.1457485,0.1457485,0.1457485,0.1457485,0.1457485,0.1457485,0.1724306,0.1457485,0.1457485,0.1457485,0.1849359,0.1457485,0.1457485,0.1457485,0.1457485,0.1457485,0.1457485,0.1457485,
0.1457485,0.1457485,0.1457485,0.1457485,0.1457485,0.1849359,0.1457485,0.1724306,0.1457485,0.1457485,0.1457485,0.1457485,0.1457485,0.1457485,0.2901423,0.1231386,0.1457485,0.1457485,0.1457485,0.1457485,0.1724306,0.1457485,0.1457485,0.1457485,0.1457485,0.1849359,0.1457485,0.1457485,0.1457485,0.1457485,
0.1457485,0.1457485,0.1457485,0.1457485,0.1457485,0.1849359,0.1457485,0.1231386,0.1457485,0.1457485,0.1457485,0.1457485,0.1457485,0.2297415,0.1576585,0.1457485,0.1457485,0.1724306,0.1457485,0.1457485,0.1457485,0.1457485,0.1457485,0.1849359,0.1457485,0.1457485,0.1849359,0.1724306,0.1457485,0.1231386,
0.1457485,0.1457485,0.1231386,0.1576585,0.1849359,0.1576585,0.1457485,0.1457485,0.1457485,0.1457485,0.1457485,0.1457485,0.1457485,0.1457485,0.2297415,0.1457485,0.1457485,0.1457485,0.1576585,0.1457485,0.1724306,0.1724306,0.1457485,0.1576585,0.1457485,0.1457485,0.1576585,0.1457485,0.1457485,0.1457485,
0.1457485,0.1457485,0.1576585,0.1231386,0.1576585,0.1457485,0.1457485,0.1457485,0.1457485,0.1724306,0.1576585,0.1231386,0.1724306,0.1457485,0.1576585,0.1457485,0.1576585,0.1457485,0.1457485,0.06856024,0.1457485,0.2297415,0.1457485,0.1457485,0.1457485,0.1849359,0.1576585,0.1576585,0.1457485,0.1457485,
0.1457485,0.1457485,0.1457485,0.1457485,0.06856024,0.1457485,0.1457485,0.1576585,0.1457485,0.1457485,0.1457485,0.1457485,0.1457485,0.1457485,0.1457485,0.1457485,0.1576585,0.1457485,0.1576585,0.1457485,0.1457485,0.1457485,0.1576585,0.1457485,0.1457485,0.1231386,0.2202369,0.1457485,0.2297415,0.1724306,
0.1457485,0.1457485,0.1457485,0.1457485,0.1457485,0.1457485,0.1457485,0.2297415,0.1457485,0.1457485,0.1457485,0.1457485,0.237665,0.1457485,0.1457485,0.2202369,0.1457485,0.0351766,0.1457485,0.1457485,0.1457485,0.1457485,0.1457485,0.1457485,0.2877895,0.1457485,0.1457485,0.1576585,0.1457485,0.1457485,
0.1457485,0.1457485,0.1457485,0.2297415,0.1457485,0.1457485,0.1457485,0.1457485,0.1457485,0.1457485,0.1457485,0.1457485,0.1457485,0.1457485,0.1457485,0.1457485,0.2202369,0.1457485,0.1457485,0.1457485,0.1457485,0.1457485,0.04428617,0.1457485,0.1457485,0.1576585,0.1457485,0.1576585,0.1457485,0.1457485,
0.1457485,0.1457485,0.1457485,0.1833485,0.1457485,0.1457485,0.1457485,0.1457485,0.1457485,0.1457485,0.1457485,0.1457485,0.1457485,0.1457485,0.2202369,0.1457485,0.1457485,0.1361242,0.1457485,0.1457485,0.1457485,0.1457485,0.1457485,0.1457485,0.1457485,0.1457485,0.1457485,0.1457485,0.1457485,0.1457485,
0.1457485,0.1457485,0.1457485,0.1833485,0.1457485,0.1457485,0.2202369,0.1457485,0.1457485,0.1457485,0.1457485,0.1457485,0.1457485,0.1457485,0.1457485,0.1457485,0.1457485,0.1457485,0.1457485,0.1457485,0.1457485,0.1457485,0.1457485,0.1457485,0.1457485,0.1457485,0.1457485,0.1457485,0.1457485,0.1361242,
0.1457485,0.1457485,0.1457485,0.1457485,0.1361242,0.1457485,0.1833485,0.1457485,0.1457485,0.2576095,0.1457485,0.1457485,0.1457485,0.1834027,0.1457485,0.1457485,0.1457485,0.1457485,0.1457485,0.1457485,0.1457485,0.1457485,0.293737,0.05324811,0.123248,0.1457485,0.1457485,0.1361242,0.1457485,0.2202369,
0.1457485,0.1457485,0.1457485,0.1457485,0.1457485,0.1457485,0.1457485,0.1457485,0.1457485,0.1457485,0.1457485,0.1457485,0.1457485,0.1457485,0.2202369,0.1457485,0.1361242,0.1834027,0.1457485,0.1457485,0.1457485,0.1457485,0.1834027,0.1457485,0.1834027,0.1457485,0.1457485,0.1457485,0.1457485,0.1457485,
0.1457485,0.1457485,0.1361242,0.1457485,0.1834027,0.1457485,0.1457485,0.1457485,0.1457485,0.1457485,0.1457485,0.1457485,0.1361242,0.1457485,0.1457485,0.1457485,0.1457485,0.1457485,0.1457485,0.1457485,0.1457485,0.1834027,0.1457485,0.1457485,0.1457485,0.1457485,0.1457485,0.1457485,0.1457485,0.2202369,
0.1457485,0.1457485,0.1361242,0.1457485,0.1457485,0.1457485,0.1457485,0.1834027,0.1457485,0.1361242,0.1457485,0.06723,0.1457485,0.1457485,0.1457485,0.1457485,0.1457485,0.1457485,0.1102394,0.1457485,0.1457485,0.1457485,0.1457485,0.1457485,0.1457485,0.1457485,0.1457485,0.1457485,0.1834027,0.1457485,
0.1457485,0.1457485,0.1834027,0.1457485,0.2466797,0.1457485,0.1457485,0.1735792,0.1457485,0.1457485,0.1834027,0.1457485,0.1457485,0.1457485,0.1457485,0.1457485,0.1457485,0.1457485,0.1457485,0.1457485,0.1457485,0.1102394,0.1457485,0.02520297,0.1457485,0.1457485,0.1457485,0.1834027,0.1457485,0.1457485,
0.1457485,0.1457485,0.1457485,0.1457485,0.1457485,0.1102394,0.1457485,0.1457485,0.1834027,0.1457485,0.1834027,0.1457485,0.1457485,0.1834027,0.1457485,0.1457485,0.1457485,0.1735792,0.1457485,0.1457485,0.1457485,0.1457485,0.1457485,0.1457485,0.1457485,0.1457485,0.1457485,0.1457485,0.1457485,0.1457485,
0.1457485,0.1457485,0.1457485,0.1735792,0.1457485,0.1457485,0.1457485,0.1457485,0.1457485,0.1735792,0.1457485,0.1457485,0.1457485,0.1834027,0.1457485,0.1457485,0.1457485,0.1457485,0.1457485,0.1457485,0.1457485,0.1457485,0.1457485,0.1457485,0.1457485,0.1457485,0.1457485,0.1834027,0.1457485,0.1457485,
0.1457485,0.1457485,0.1735792,0.1834027,0.1457485,0.1457485,0.1457485,0.1735792,0.1735792,0.1457485,0.1457485,0.1735792,0.1457485,0.1457485,0.1457485,0.1457485,0.1457485,0.1457485,0.1457485,0.1457485,0.1457485,0.1457485,0.1457485,0.1457485,0.1457485,0.1457485,0.1457485,0.1457485,0.1457485,0.1457485,
0.1457485,0.1457485,0.1457485,0.1457485,0.1457485,0.1457485,0.1457485,0.1457485,0.1457485,0.1457485,0.1457485,0.1735792,0.1735792,0.1457485,0.1457485,0.1735792,0.1457485,0.1457485,0.1457485,0.1457485,0.2517328,0.1735792,0.1457485,0.1735792,0.1457485,0.1735792,0.1457485,0.1457485,0.1457485,0.1457485,
0.1457485,0.1457485,0.1457485,0.1457485,0.1457485,0.1457485,0.1457485,0.1457485,0.1457485,0.1457485,0.1735792,0.1457485,0.1457485,0.1457485,0.1735792,0.1735792,0.1457485,0.1457485,0.1735792,0.1457485,0.1457485,0.1457485,0.1735792,0.1457485,0.03843609,0.1457485,0.2770351,0.2517328,0.1457485,0.1457485,
0.1457485,0.1457485,0.1457485,0.1457485,0.1457485,0.1457485,0.1457485,0.1457485,0.1457485,0.1457485,0.1953306,0.2770351,0.1457485,0.1457485,0.1457485,0.1457485,0.1457485,0.1457485,0.1457485,0.1457485,0.1457485,0.1457485,0.1457485,0.1457485,0.1457485,0.1457485,0.1735792,0.1457485,0.2770351,0.1457485,
0.1457485,0.1457485,0.1457485,0.1457485,0.1457485,0.1457485,0.1457485,0.1457485,0.1457485,0.1457485,0.1457485,0.1735792,0.1457485,0.1457485,0.1457485,0.1457485,0.1457485,0.1457485,0.1457485,0.2770351,0.09156259,0.1457485,0.1457485,0.1457485,0.1457485,0.1457485,0.1457485,0.1457485,0.1457485,0.1457485,
0.1457485,0.1457485,0.1457485,0.1457485,0.1457485,0.1457485,0.1457485,0.1457485,0.1457485,0.1457485,0.1457485,0.1457485,0.1457485,0.1457485,0.1457485,0.1457485,0.1457485,0.1457485,0.1457485,0.1457485,0.1457485,0.1457485,0.1457485,0.1457485,0.1457485,0.1457485,0.1457485,0.1457485,0.1457485,0.1457485,
0.1457485,0.1457485,0.1457485,0.1457485,0.1457485,0.1457485,0.1457485,0.1457485,0.1457485,0.1457485,0.1457485,0.1457485,0.1457485,0.1457485,0.1457485,0.1457485,0.1457485,0.1457485,0.1457485,0.1457485,0.1457485,0.1457485,0.1457485,0.1457485,0.2138511,0.1457485,0.1457485,0.1457485,0.1457485,0.1457485,
0.1457485,0.1457485,0.1457485,0.1457485,0.1457485,0.1457485,0.1457485,0.1457485,0.1457485,0.1457485,0.1457485,0.1457485,0.1457485,0.1457485,0.1457485,0.1457485,0.1457485,0.1457485,0.1457485,0.1457485,0.1457485,0.1457485,0.1457485,0.2138511,0.1457485,0.1457485,0.1457485,0.1457485,0.1457485,0.1457485,
0.1457485,0.1457485,0.1457485,0.1457485,0.1653053,0.1457485,0.1457485,0.1457485,0.1457485,0.1457485,0.1457485,0.1457485,0.1457485,0.1457485,0.2572542,0.1457485,0.1457485,0.1457485,0.1457485,0.1457485,0.1457485,0.1457485,0.1457485,0.1457485,0.1457485,0.1457485,0.1457485,0.1457485,0.1457485,0.1457485,
0.1457485,0.1457485,0.1457485,0.1457485,0.1457485,0.2561105,0.1457485,0.1457485,0.1457485,0.1457485,0.1457485,0.1457485,0.1457485,0.1457485,0.1457485,0.1457485,0.1457485,0.1457485,0.15063,0.1457485,0.2572542,0.1457485,0.1457485,0.1653053,0.1457485,0.1457485,0.1457485,0.1457485,0.1432262,0.1457485,
0.1457485,0.1457485,0.1457485,0.1457485,0.152309,0.1457485,0.1457485,0.1457485,0.1457485,0.1457485,0.1457485,0.1457485,0.1457485,0.1457485,0.1457485,0.1457485,0.1457485,0.1457485,0.1457485,0.2197121,0.1457485,0.1457485,0.1457485,0.1457485,0.1457485,0.1457485,0.05014676,0.1457485,0.1457485,0.1457485,
0.1457485,0.1457485,0.1457485,0.1457485,0.1457485,0.152309,0.008828187,0.1457485,0.1457485,0.1457485,0.1457485,0.1457485,0.1457485,0.1457485,0.152309,0.1457485,0.1457485,0.2440067,0.152309,0.1457485,0.1457485,0.1457485,0.1457485,0.1457485,0.1457485,0.1457485,0.1457485,0.1457485,0.1457485,0.1457485,
0.1457485,0.1457485,0.1457485,0.1457485,0.1457485,0.1457485,0.1457485,0.2726616,0.1457485,0.1457485,0.1457485,0.1457485,0.1457485,0.1457485,0.1457485,0.1457485,0.1457485,0.1457485,0.152309,0.1457485,0.1457485,0.1457485,0.1457485,0.1457485,0.1457485,0.1457485,0.1457485,0.1103423,0.1457485,0.1457485,
0.1457485,0.1457485,0.1457485,0.1457485,0.1457485,0.1457485,0.2080345,0.1457485,0.1457485,0.1457485,0.1457485,0.1457485,0.1457485,0.1457485,0.1457485,0.008495844,0.1457485,0.1457485,0.2726616,0.1457485,0.1457485,0.1457485,0.1457485,0.1457485,0.1457485,0.1457485,0.1457485,0.1457485,0.1457485,0.1457485,
0.1457485,0.1457485,0.1457485,0.1457485,0.1457485,0.1457485,0.1457485,0.1457485,0.1457485,0.2080345,0.1457485,0.1457485,0.1457485,0.1457485,0.1457485,0.1457485,0.1457485,0.1457485,0.2760553,0.1457485,0.1457485,0.1457485,0.1457485,0.1457485,0.1457485,0.1457485,0.1268084,0.1457485,0.1457485,0.1457485,
