0
0.6933171
0.7148537
0.7138922
0.714453
0.7150502
0.7148817
0.7150856
0.7151011
0.7149988
0.7152991
0.7151272
0.7150944
0.7152384
0.7152471
0.7151055
0.7151467
0.7152351
0.7150826
0.7151363
0.7140923
0.7141171
0.7148519
0.7140099
0.7139925
0.7153617
0.714727
0.7152421
0.7151836
0.7150161
0.7146181
0.715041
0.7140743
0.7148151
0.7148662
0.7148573
0.7151756
0.7150396
0.7158427
0.7150958
0.7152901
0.7149522
0.7149081
0.7146495
0.7148376
0.7150037
0.7151508
0.7152407
0.7146444
0.7154136
0.7150372
0.7149414
0.7155595
0.7150836
0.7152173
0.7151597
0.7152342
0.7146171
0.7153355
0.7151542
0.7150518
0.7147537
0.7139685
0.715072
0.713967
0.7153363
0.7148942
0.7150244
0.7148671
0.7151279
0.7148968
0.7149497
0.7149996
0.7149319
0.7148297
0.7146508
0.714941
0.7148336
0.7148265
0.7155347
0.7149622
0.7151186
0.7151921
0.7141222
0.7149983
0.7150685
0.7139966
0.7140667
0.7141156
0.7140489
0.7149044
0.7149919
0.7149959
0.7148917
0.7150242
0.7147199
0.7141455
0.7152801
0.7153651
0.7150933
0.7151035
0.7152033
0.714323
0.7143536
0.7142957
0.7143362
0.7160391
0.7155674
0.7150361
0.7148553
0.7149431
0.7142756
0.7149991
0.7141204
0.7141128
0.7140239
0.7150208
0.7150081
0.7144808
0.71412
0.7140117
0.7141332
0.7150475
0.7152088
0.7147256
0.7150778
0.7150291
0.714969
0.7145571
0.7149355
0.7143317
0.715315
0.7149363
0.7146645
0.7151473
0.7150539
0.7159736
0.7150905
0.7151545
0.7153742
0.7141979
0.7141242
0.715082
0.7152163
0.7147131
0.7144794
0.7146456
0.7146055
0.7144836
0.7150108
0.7149977
0.7148385
0.7147416
0.7151049
0.7146646
0.7154369
0.7157694
0.714651
0.7155565
0.7152536
0.7153007
0.7152724
0.7148553
0.7150016
0.7154403
0.7155433
0.7159594
0.7145714
0.7146695
0.7148273
0.714839
0.7155737
0.7148409
0.7148326
0.7148724
0.714865
0.7153826
0.7149776
0.7146593
0.7156736
0.7149734
0.7146279
0.7151686
0.7147157
0.7146122
0.7149466
0.7149091
0.7146296
0.7146546
0.7146423
0.7146191
0.7146205
0.7146025
0.7143822
0.7149641
0.715194
0.7140454
0.7149088
0.7148454
0.714774
0.7148812
0.7149209
0.7151616
0.7149081
0.7150246
0.7145966
0.7151072
0.7149941
0.7151416
0.7149881
0.7150061
0.7149963
0.7143196
0.7152396
0.7140163
0.7151067
0.715442
0.7151646
0.7150807
0.7140599
0.7141079
0.7141157
0.7146174
0.7140223
0.7151143
0.7142925
0.7141578
0.7141492
0.7140577
0.714557
0.7149978
0.7147076
0.7151498
0.7146401
