0.6586741,0.4860812,0.4936002,0.5273365,0.4712176,0.1639144,0.3861991,0.428227,0.6771143,0.3437507,0.1206911,0.4515021,0.08711959,0.2395755,0.4958964,0.6600545,0.1190406,0.2835275,0.6933171,0.2843649,0.6095724,0.09161449,0.2859467,0.4920692,0.2193227,0.3289865,0.6846509,0.3060843,0.1037838,0.5242589,
0.6948245,0.6858238,0.675147,0.6595578,0.4937549,0.6932865,0.6121327,0.2413127,0.386176,0.2407612,0.6606323,0.5618256,0.3061257,0.7148537,0.4700144,0.3065537,0.5246462,0.6588008,0.3873336,0.1206732,0.6864939,0.2195006,0.6590354,0.6758549,0.3061056,0.694957,0.09161355,0.6864585,0.285979,0.6096523,
0.7137157,0.6950607,0.6600047,0.6125766,0.306123,0.3861897,0.2192475,0.3861012,0.686323,0.2860271,0.6587342,0.2409119,0.6865742,0.5776234,0.6932871,0.6602476,0.6933896,0.3062111,0.09161976,0.6876206,0.7138922,0.2407769,0.6946489,0.3879947,0.6950595,0.6130733,0.5611407,0.5248078,0.6952202,0.658776,
0.714453,0.7144114,0.3879414,0.3027386,0.6123834,0.6121079,0.6932831,0.3884627,0.6601406,0.7138297,0.6947421,0.71381,0.6596439,0.6599787,0.6933649,0.6933839,0.5612019,0.6933222,0.6585466,0.6865044,0.6857868,0.6857421,0.2407731,0.6948907,0.6131433,0.5776132,0.5249059,0.659759,0.6848718,0.3061494,
0.7148142,0.7146682,0.6609506,0.6933375,0.6586617,0.6125148,0.3031825,0.7150502,0.3872822,0.7149403,0.7147195,0.6586588,0.6949391,0.5613083,0.6097363,0.3880341,0.6951479,0.5249164,0.6120467,0.7138361,0.6584828,0.6131819,0.7137933,0.6869351,0.6131071,0.6933185,0.6587833,0.6948986,0.2855146,0.6100569,
0.713739,0.7137467,0.6585157,0.7148655,0.6121669,0.6119934,0.658776,0.6866633,0.5615575,0.7137226,0.3877887,0.7148817,0.6131894,0.6129313,0.285608,0.6589637,0.6947947,0.6587016,0.6584227,0.7145511,0.660085,0.7138625,0.7138706,0.7139326,0.6948248,0.6945677,0.6944214,0.7137845,0.7138889,0.6127122,
0.7137184,0.7137445,0.6128783,0.5615023,0.7137375,0.695045,0.6860785,0.6587034,0.3879869,0.7150087,0.6957157,0.713838,0.6127491,0.6588517,0.6123188,0.65881,0.7150856,0.6949505,0.6585265,0.714914,0.5619415,0.7137247,0.61215,0.6588737,0.7146639,0.6128662,0.6932532,0.6123857,0.7097733,0.6131194,
0.7138715,0.7138698,0.6122972,0.6933172,0.6599777,0.6129737,0.6932346,0.6597623,0.6585544,0.6596886,0.5616239,0.713852,0.7138636,0.6131582,0.7138267,0.6982511,0.7148441,0.7147461,0.7099012,0.7151011,0.6581908,0.6951829,0.7138349,0.6130375,0.6933624,0.6587747,0.7148928,0.6588762,0.6588343,0.7149812,
0.714964,0.7146693,0.5613412,0.6977016,0.7149988,0.714797,0.612894,0.5614699,0.713726,0.6594346,0.6130056,0.7137288,0.7138371,0.6589347,0.6128474,0.7097169,0.6130463,0.6933617,0.7138382,0.7139112,0.6124435,0.7138433,0.6125475,0.6124889,0.7120588,0.7098474,0.7148383,0.613068,0.6587257,0.3495707,
0.7151438,0.7150596,0.6123441,0.6120874,0.713748,0.7137567,0.7138608,0.6132802,0.7137388,0.7138628,0.7138517,0.7139068,0.7139109,0.7120457,0.6133913,0.6126322,0.7137439,0.6586586,0.7152991,0.6588318,0.7149304,0.6132151,0.7098578,0.6126356,0.7138978,0.713902,0.7138909,0.3495573,0.7152037,0.7150252,
0.7143427,0.7143056,0.6586102,0.714888,0.7148065,0.6133478,0.7137669,0.7138743,0.612888,0.6127501,0.7136993,0.713808,0.7138764,0.7138813,0.6587017,0.6115536,0.7151272,0.7150708,0.714876,0.6596265,0.7147647,0.7146776,0.7146466,0.7146208,0.7144675,0.7144318,0.7143143,0.7143101,0.612378,0.7139109,
0.7139593,0.7139754,0.71404,0.659436,0.3859746,0.7137741,0.713784,0.7139095,0.7139183,0.6587477,0.6587093,0.7147568,0.714772,0.7146503,0.7145801,0.7145775,0.7145184,0.7144981,0.6129414,0.6591315,0.7148481,0.714795,0.7145942,0.6586613,0.6114509,0.7150944,0.71459,0.7145814,0.7145301,0.6139696,
0.7137504,0.7138516,0.7138315,0.6584779,0.7146877,0.7146615,0.6588651,0.7146589,0.7146492,0.7146037,0.6590718,0.3858764,0.713781,0.7138693,0.7139166,0.7139563,0.7139596,0.7139716,0.7139496,0.6591944,0.7150459,0.7147054,0.6591113,0.715098,0.7148416,0.714847,0.6586173,0.7149479,0.6814954,0.7152384,
0.7146793,0.7146533,0.7146314,0.6812516,0.715033,0.6589165,0.7148732,0.6588966,0.6586429,0.7152156,0.6596805,0.1205193,0.6585731,0.6816668,0.7148542,0.7146548,0.7146111,0.6585816,0.7151858,0.7150339,0.6586381,0.6585265,0.7146243,0.7145534,0.7144732,0.714425,0.7144013,0.7143859,0.6586056,0.7152471,
0.7149062,0.7148152,0.3667656,0.7146567,0.7145764,0.6596826,0.7148693,0.714885,0.7145355,0.6814083,0.7151055,0.7147626,0.6584335,0.7149745,0.7149493,0.7145399,0.7144266,0.7144107,0.714389,0.714352,0.7143266,0.7142959,0.7142716,0.7142394,0.7142357,0.7142314,0.7142181,0.6588659,0.6821494,0.7149844,
0.714787,0.7147338,0.6586484,0.7148961,0.7147532,0.7147245,0.7145642,0.7145606,0.7145163,0.7144954,0.7144634,0.6585575,0.7149028,0.714849,0.7145405,0.7145013,0.7143204,0.7142491,0.6814584,0.7151467,0.7149279,0.7148391,0.4388241,0.7137908,0.7138481,0.7139071,0.6592393,0.6816486,0.6816384,0.7150194,
0.7148427,0.7147126,0.7146103,0.7145463,0.714539,0.7145011,0.7144529,0.6819106,0.7150859,0.7149838,0.7148212,0.6813642,0.7149256,0.6593818,0.715183,0.7149271,0.5216811,0.7149242,0.7148309,0.7145577,0.6812058,0.7152351,0.7150656,0.7146199,0.7146373,0.6811823,0.4384066,0.3189372,0.7150515,0.7149754,
0.7148544,0.7148479,0.6814083,0.7150785,0.6815787,0.7148594,0.714559,0.714549,0.7145293,0.7144522,0.08655069,0.7150654,0.7147962,0.7146459,0.681195,0.4380929,0.7138436,0.3792731,0.5217162,0.7150826,0.52165,0.6820407,0.7149628,0.714896,0.7148753,0.7147413,0.7146394,0.7145278,0.7144973,0.7144819,
0.7144549,0.7144303,0.7144113,0.7143824,0.7143438,0.7143201,0.7142674,0.6813904,0.7151363,0.7149113,0.7148658,0.7148103,0.7147359,0.7146827,0.5218183,0.7148216,0.7147766,0.7147219,0.4385892,0.7136898,0.6813075,0.7149937,0.7149186,0.7146237,0.7145967,0.7144938,0.714466,0.4384407,0.7135956,0.7137089,
0.7137193,0.7138061,0.7137719,0.7137697,0.7138129,0.713908,0.7139436,0.7139089,0.5217789,0.4386837,0.7137707,0.713817,0.7138264,0.6780306,0.7137804,0.7138509,0.71384,0.7138891,0.7138788,0.7139283,0.7139308,0.7140192,0.7140118,0.7140319,0.7140439,0.7140349,0.7140458,0.7140923,0.7140679,0.7140613,
0.7140891,0.7140849,0.7141007,0.71408,0.7141171,0.7141112,0.7141054,0.7141118,0.7141081,0.5216843,0.6774085,0.7138277,0.7137862,0.7138245,0.7138443,0.7138671,0.7138878,0.7138984,0.713901,0.713884,0.7139557,0.7139836,0.7139759,0.7139752,0.677939,0.7137043,0.7138348,0.7138823,0.7139362,0.7139555,
0.7139614,0.7139791,0.7140375,0.7139801,0.7139672,0.4382358,0.7138391,0.7138045,0.7137796,0.7138238,0.7138297,0.713838,0.6777861,0.713881,0.7139229,0.7139462,0.7139511,0.7139772,0.7139553,0.7139944,0.6775403,0.5217468,0.7148519,0.7148204,0.7145277,0.7144688,0.6778999,0.713814,0.7138428,0.7138904,
0.7139575,0.7139786,0.7139735,0.7139814,0.7139798,0.713989,0.7139917,0.7140099,0.6768607,0.7138615,0.7138746,0.713897,0.7138873,0.7138559,0.3193647,0.7137452,0.7137728,0.7046719,0.4385218,0.7136585,0.7137616,0.7138668,0.7138764,0.7139086,0.7138985,0.7139344,0.7139236,0.7139046,0.7139417,0.7139469,
0.7139584,0.7139925,0.7139811,0.6784644,0.7138373,0.713855,0.4216136,0.7137376,0.7137747,0.7137808,0.7137965,0.7138349,0.7138662,0.7139482,0.7139389,0.7048137,0.7138625,0.7138698,0.7139283,0.7139333,0.7139305,0.7139332,0.7139651,0.7139549,0.7139852,0.6772879,0.7138488,0.5843508,0.7138218,0.7138212,
0.7138403,0.7138788,0.6784835,0.4042509,0.7136803,0.7139351,0.713974,0.3903844,0.7153617,0.7148567,0.7082236,0.713915,0.7139394,0.7140154,0.712434,0.7147027,0.6848729,0.7036914,0.5844293,0.7138041,0.7138722,0.713907,0.7138997,0.7139012,0.7139187,0.7139793,0.5843147,0.71507,0.7149508,0.7148021,
0.714727,0.7145461,0.7044911,0.7137116,0.3896402,0.6869262,0.5844122,0.7137333,0.713748,0.7137511,0.7138319,0.7138175,0.7125009,0.7047396,0.7138728,0.7138845,0.5858074,0.7057161,0.706614,0.7069257,0.34365,0.7136284,0.7137697,0.7137653,0.7081758,0.7139237,0.6854982,0.7138368,0.7138839,0.7139611,
0.713966,0.7140303,0.7140583,0.7080379,0.3434802,0.7136512,0.7048271,0.7138388,0.7138553,0.7139431,0.6859958,0.7152421,0.7149516,0.7149383,0.708254,0.713877,0.7052341,0.3896959,0.7150553,0.5960595,0.7067021,0.7138661,0.7139128,0.7139191,0.7139422,0.7139488,0.7139246,0.7139292,0.7139933,0.7140267,
0.7140312,0.7140319,0.714065,0.7140295,0.7140299,0.7140232,0.6868615,0.7151836,0.7151528,0.7083107,0.7139171,0.7139039,0.7139394,0.7082056,0.7139069,0.7139664,0.7139896,0.7140191,0.7051848,0.7138478,0.713863,0.7139409,0.7139121,0.7139458,0.6860893,0.708142,0.7137834,0.7138851,0.7048425,0.7138439,
0.7138757,0.7138898,0.7139321,0.7139298,0.7047574,0.7138625,0.7138787,0.7080028,0.7139236,0.7139632,0.7139621,0.7139547,0.7139509,0.7139634,0.7139624,0.7139515,0.7079893,0.7138181,0.707671,0.7138849,0.713869,0.7139398,0.4007863,0.7150161,0.7149537,0.7149347,0.707939,0.7139169,0.7139178,0.7139112,
0.7139445,0.7139682,0.7139636,0.7139462,0.7139478,0.714015,0.2397776,0.7146181,0.7145966,0.7145131,0.7145237,0.7144578,0.7044901,0.7139238,0.7139402,0.7139583,0.7139434,0.7139497,0.7139679,0.7139716,0.7139523,0.713927,0.7139278,0.7140065,0.5691168,0.7136967,0.7138891,0.7138461,0.7139894,0.7139893,
0.7139847,0.714035,0.7140459,0.2397943,0.715041,0.7148016,0.5692629,0.5682552,0.7139254,0.7139336,0.713861,0.7139664,0.7139966,0.7140203,0.7140241,0.70524,0.7138449,0.7139119,0.7138994,0.71392,0.7139401,0.71399,0.2861564,0.7136253,0.7136467,0.7137738,0.5681125,0.7138385,0.7138957,0.7139006,
0.7138664,0.7138858,0.7138893,0.7139317,0.7139686,0.713953,0.7139401,0.713987,0.7140063,0.5681363,0.713657,0.7137155,0.7138128,0.7139149,0.7138949,0.7139985,0.7140281,0.7140365,0.7140389,0.7140678,0.7140743,0.6921681,0.7138711,0.7138935,0.7139055,0.7139079,0.7139289,0.713944,0.7139331,0.7140087,
0.7139652,0.7140108,0.714,0.71402,0.7140517,0.7140413,0.714048,0.7140737,0.6929506,0.713765,0.7138494,0.713828,0.7138475,0.7138838,0.7138766,0.7139574,0.7139757,0.7139414,0.7139371,0.7140093,0.7140502,0.714018,0.7140113,0.7139857,0.7140476,0.7140747,0.7140628,0.7140908,0.4545265,0.7148151,
0.7144671,0.7144652,0.7144289,0.7143976,0.7143764,0.7143602,0.714328,0.7143334,0.7143058,0.7142839,0.7142478,0.7142581,0.7142493,0.7142453,0.714188,0.7141855,0.4542762,0.2708923,0.7148662,0.6930696,0.7137383,0.7138454,0.713838,0.713856,0.7138894,0.7138568,0.713858,0.6930903,0.7138295,0.713872,
0.7138291,0.7139317,0.7139409,0.7139807,0.7139876,0.4544162,0.7148371,0.7148344,0.7145292,0.7145599,0.4555117,0.714783,0.7147629,0.7145721,0.2709939,0.7148573,0.7148056,0.6926421,0.7138146,0.7138165,0.713819,0.7139806,0.7139571,0.7139511,0.7139654,0.7140033,0.7139705,0.7139708,0.7139966,0.6929513,
0.713861,0.7139893,0.7139889,0.713984,0.7140105,0.6922911,0.71381,0.6927275,0.7138992,0.7139009,0.7138966,0.7139526,0.7139536,0.7139564,0.7139539,0.7139708,0.7139667,0.4542952,0.7151756,0.7149369,0.4557323,0.7146891,0.5902914,0.7138084,0.7138122,0.7138485,0.7138964,0.7139142,0.4544564,0.4542764,
0.7150396,0.7147915,0.4544366,0.7149428,0.7148623,0.4557306,0.6088328,0.1190847,0.7148769,0.7146176,0.7145776,0.7145288,0.7145295,0.7145017,0.6923884,0.7138087,0.7138342,0.2686631,0.5907131,0.7137434,0.4557183,0.7147095,0.7146132,0.4544955,0.7148183,0.69222,0.7138336,0.7138851,0.7138869,0.4378698,
0.7149186,0.714587,0.7145804,0.7145408,0.7145107,0.4557352,0.268755,0.7158427,0.7146192,0.4544781,0.7148823,0.4542774,0.7150138,0.7149054,0.7147585,0.4375952,0.7149721,0.7147481,0.7147022,0.7146626,0.7144768,0.4557235,0.4543218,0.4541171,0.7150242,0.7150174,0.7149999,0.608762,0.7138463,0.7138475,
0.7138821,0.7138459,0.7138577,0.713856,0.7138687,0.7139337,0.7139587,0.7139763,0.7139732,0.4544357,0.7145765,0.454586,0.7150516,0.7149515,0.7146634,0.7145592,0.7145069,0.7144564,0.7144389,0.45418,0.7150958,0.7145699,0.7145504,0.4542531,0.3786925,0.7138118,0.7138072,0.6088416,0.2686609,0.4535259,
0.7146271,0.7143519,0.7143006,0.7142721,0.4557718,0.7152901,0.4557253,0.7149767,0.7145724,0.7145318,0.3790778,0.7136654,0.713671,0.7137749,0.7137852,0.09118957,0.7148282,0.7147949,0.4540233,0.7152315,0.7147422,0.7146704,0.7145138,0.7145369,0.7144932,0.714448,0.7144374,0.7144188,0.7144119,0.7143869,
0.714364,0.7143872,0.7143453,0.7143122,0.714322,0.6516027,0.713854,0.7139404,0.7139636,0.7139497,0.7139992,0.7139783,0.7140082,0.7140231,0.378848,0.7137672,0.713788,0.7138187,0.7138704,0.7138776,0.7138693,0.1590204,0.4537645,0.4535884,0.7149522,0.7149302,0.7148957,0.7147592,0.7145171,0.7144595,
0.7144206,0.7143438,0.7142869,0.7142855,0.6524238,0.7138469,0.7139474,0.7139802,0.7139589,0.7139564,0.7139581,0.7140205,0.7140357,0.7139927,0.3035102,0.7138002,0.7137955,0.7138029,0.7138578,0.7139509,0.7139412,0.7139485,0.714012,0.714038,0.7140182,0.7140246,0.4544092,0.7149081,0.7148469,0.7146943,
0.7146495,0.7146045,0.714594,0.714516,0.7144774,0.7144412,0.7144295,0.7144306,0.714368,0.7143623,0.7143479,0.7143245,0.7143246,0.08734027,0.7146091,0.7145265,0.7144985,0.7144918,0.7144158,0.7144217,0.7144383,0.7142988,0.7142908,0.7142983,0.7142528,0.7142156,0.7142173,0.7141989,0.7142074,0.7142026,
0.7141731,0.714195,0.7142072,0.7141957,0.7141823,0.7141773,0.7141386,0.7141526,0.7141861,0.7106633,0.7139316,0.7139534,0.7139737,0.7140259,0.7140246,0.7140076,0.714108,0.7140793,0.7141058,0.4537995,0.7148376,0.7145219,0.7144605,0.7144311,0.0873406,0.7146441,0.7146108,0.7146286,0.7145243,0.7145101,
0.7144817,0.7144377,0.7144214,0.7144011,0.7143503,0.7143305,0.7143099,0.7142803,0.714287,0.7142525,0.7142056,0.7142295,0.7141914,0.714195,0.7142096,0.7141929,0.7141774,0.7141814,0.7141724,0.7141822,0.7141677,0.7141802,0.7141631,0.4280255,0.7150037,0.7148834,0.7145656,0.7145507,0.7145603,0.7144682,
0.7144621,0.7143872,0.714363,0.7143531,0.4732255,0.7150399,0.7148662,0.7143692,0.7143667,0.7143427,0.7143232,0.7142467,0.7142656,0.7142203,0.714151,0.7141803,0.4283068,0.7149847,0.6986699,0.7151508,0.7147605,0.714634,0.7146357,0.4279003,0.7150273,0.7146901,0.7146592,0.7144691,0.7144633,0.7144217,
0.7143921,0.7143785,0.7143542,0.7143465,0.7143344,0.7143057,0.7142797,0.7142686,0.7142882,0.4274065,0.7152407,0.7148009,0.7147718,0.7145046,0.7144111,0.7143762,0.7143084,0.7142723,0.4283033,0.7151618,0.7147991,0.4732713,0.7152122,0.7147512,0.7147267,0.7145258,0.714478,0.7144504,0.7144314,0.7144369,
0.7143762,0.7142966,0.7141483,0.7142107,0.7141828,0.7141652,0.7141449,0.7141632,0.7141649,0.7141408,0.7141544,0.7141434,0.7141494,0.7141158,0.7141484,0.7141419,0.7141359,0.7141032,0.7141122,0.7141113,0.7141237,0.714108,0.7141291,0.7141164,0.7141098,0.7140885,0.15212,0.7146444,0.7146209,0.7145714,
0.714561,0.7144316,0.5555877,0.7154136,0.71481,0.7144506,0.7144315,0.7144405,0.7144218,0.7143812,0.7143881,0.7143566,0.7143478,0.7142352,0.7142533,0.7142456,0.7142639,0.7142394,0.7142369,0.7141984,0.7122999,0.7148153,0.7146929,0.7145298,0.7144934,0.7143263,0.7141315,0.7140903,0.7140765,0.7141033,
0.7141139,0.7140875,0.5059251,0.4106236,0.7136521,0.713835,0.7138475,0.7138304,0.5557203,0.7150372,0.7146789,0.7145262,0.7145072,0.7144695,0.7142582,0.7141075,0.7141021,0.7141244,0.7140955,0.7140923,0.7140903,0.7140781,0.7141048,0.7140871,0.7140858,0.7140546,0.714044,0.7140481,0.7140937,0.7140336,
0.7140786,0.7140676,0.7140606,0.4109626,0.7136977,0.7137102,0.7137726,0.7137823,0.7138025,0.713822,0.7138408,0.1397587,0.7146192,0.7144418,0.5559173,0.658234,0.7035115,0.7149414,0.3436287,0.7136855,0.71381,0.713833,0.7138313,0.7138262,0.3168866,0.5060713,0.5062075,0.7137834,0.7138314,0.7138189,
0.7138504,0.7138915,0.4817064,0.7137392,0.7138679,0.7138779,0.7033603,0.7147812,0.5969481,0.3903855,0.7136506,0.7136769,0.7138086,0.7138163,0.5559792,0.7038445,0.7149895,0.7149062,0.7147347,0.7145424,0.5057352,0.7137703,0.7137797,0.713841,0.713838,0.5558684,0.7155595,0.714469,0.7144548,0.7144312,
0.7143158,0.7142955,0.7036581,0.7149142,0.7148742,0.7144871,0.5558696,0.7149782,0.6459349,0.7137879,0.7036311,0.7149879,0.7148144,0.7148002,0.5059269,0.7137455,0.7139454,0.6197912,0.71495,0.7147871,0.5556912,0.7146251,0.5966033,0.7137783,0.7037558,0.7150836,0.7150533,0.5970835,0.7137933,0.713824,
0.7138332,0.7139074,0.4609181,0.703454,0.7034286,0.7034034,0.7152173,0.7150652,0.5965579,0.6424659,0.5561626,0.7149798,0.7145855,0.7145433,0.703423,0.7149543,0.7144596,0.2916222,0.5559281,0.7040424,0.5558716,0.7145848,0.6196787,0.7151066,0.7147694,0.7147382,0.5968915,0.7138094,0.7138407,0.7138587,
0.7139077,0.7139039,0.6568556,0.7138586,0.7138735,0.5558765,0.7046823,0.7146891,0.7146446,0.7146352,0.6463158,0.7034807,0.7151597,0.714916,0.5967409,0.7137617,0.7138336,0.7138175,0.7138677,0.7138777,0.7138784,0.713935,0.5972633,0.7138003,0.3922407,0.7040627,0.7038918,0.7149262,0.4612322,0.6432635,
0.7138178,0.7138075,0.713829,0.7138425,0.5561045,0.715049,0.7149177,0.3922706,0.7149618,0.7147297,0.6572101,0.713841,0.7138591,0.3801616,0.7137623,0.7137949,0.7137998,0.7138322,0.6572614,0.7138749,0.7138734,0.6355807,0.5557292,0.7152342,0.5966637,0.713744,0.5967073,0.7136356,0.7138194,0.7138388,
0.7139111,0.7139243,0.71392,0.7139538,0.7139511,0.5965322,0.7137185,0.7137378,0.5970168,0.7138146,0.3919117,0.7146171,0.7145891,0.6355637,0.713835,0.7138514,0.7139606,0.6569943,0.7138746,0.7138927,0.7139226,0.7139091,0.7139314,0.596927,0.5966396,0.7138515,0.7138404,0.7138482,0.7138753,0.7139001,
0.7139373,0.7139477,0.7139693,0.7139335,0.3919424,0.7153355,0.7150666,0.714997,0.714885,0.5965562,0.7138101,0.713842,0.7138608,0.5973755,0.7137855,0.7138289,0.5972136,0.7138235,0.6940687,0.7149986,0.7145798,0.7145164,0.7145135,0.6945817,0.714906,0.7148242,0.7146057,0.7145019,0.7144834,0.7144865,
0.7144433,0.7144105,0.7143847,0.6938899,0.7151542,0.5970873,0.7137233,0.5970479,0.7138312,0.7138447,0.713855,0.7138668,0.7138785,0.7138891,0.7139124,0.6944923,0.7145671,0.71453,0.714425,0.7143949,0.7143286,0.7142939,0.7143158,0.7142143,0.7142147,0.6939409,0.7148809,0.7146834,0.7144966,0.7144379,
0.7144041,0.7143846,0.7143068,0.5972108,0.5967683,0.394934,0.7136589,0.7137813,0.713827,0.5968572,0.7137666,0.7138462,0.7138454,0.6939521,0.6939344,0.7150518,0.7150445,0.7149969,0.7149104,0.7148612,0.7148297,0.5971274,0.7137762,0.7138428,0.7138602,0.7138593,0.7138509,0.713844,0.7138371,0.6260471,
0.7147444,0.7147537,0.5143425,0.694433,0.5968173,0.3949221,0.7139292,0.7139949,0.7139963,0.7139872,0.7139843,0.7139847,0.3676434,0.7135259,0.7136489,0.7137908,0.7139726,0.6089675,0.7137518,0.7137908,0.7138008,0.7138477,0.3442877,0.7138644,0.5967444,0.5964918,0.5964928,0.7138259,0.7138224,0.5969384,
0.7138475,0.7138429,0.7138413,0.7138364,0.7138796,0.3948522,0.713792,0.7137666,0.7138851,0.6091166,0.7138421,0.713864,0.7138972,0.5972794,0.5143541,0.713828,0.7138313,0.7138168,0.713833,0.7139685,0.7139613,0.5154591,0.7137283,0.5155108,0.3584051,0.5973243,0.5971317,0.7137552,0.5969515,0.6938427,
0.7149438,0.7146096,0.7123981,0.714992,0.7149991,0.7146578,0.5137348,0.7136955,0.7138177,0.7137804,0.7138529,0.7138446,0.5970671,0.5970638,0.6073216,0.7138994,0.713909,0.6943002,0.715072,0.714976,0.7148877,0.7147769,0.7145739,0.7145302,0.3576897,0.7150165,0.7148295,0.7147653,0.5969841,0.5142769,
0.7137405,0.7137462,0.597071,0.5412777,0.7137046,0.713766,0.7137667,0.7138228,0.7138172,0.713936,0.7139302,0.713967,0.7139503,0.5154485,0.7136783,0.7137806,0.7137945,0.7138857,0.7138644,0.7138647,0.5967382,0.596679,0.7138491,0.7139144,0.5969034,0.514392,0.71372,0.5971511,0.7137456,0.7138628,
0.7138752,0.7138595,0.7138575,0.7139536,0.5969737,0.5966994,0.7138302,0.7138643,0.7138615,0.5824938,0.7153363,0.7148371,0.7147991,0.7146345,0.5971861,0.242383,0.7151055,0.5968793,0.5965402,0.7137849,0.5969657,0.7137662,0.7138188,0.7138298,0.7138294,0.5971168,0.7138079,0.7138223,0.7138302,0.5968956,
0.7137615,0.713747,0.5971608,0.7137666,0.5828285,0.5968642,0.7137989,0.5829935,0.5828921,0.714712,0.7145622,0.7145514,0.7144574,0.7144469,0.71444,0.7143928,0.7144005,0.7142268,0.2189821,0.7148942,0.7147618,0.7145208,0.5971923,0.5965782,0.7138041,0.7137967,0.7138761,0.7139091,0.7139611,0.7139415,
0.7139397,0.7139384,0.7140225,0.7141685,0.7141525,0.7141358,0.7141444,0.5831084,0.5963481,0.5963205,0.7138608,0.7138325,0.7139039,0.713829,0.7138697,0.7139181,0.7139601,0.7139593,0.713953,0.7139658,0.3086274,0.7150244,0.7149786,0.7149237,0.7147576,0.7147456,0.7147149,0.3426794,0.7136576,0.7136873,
0.7137868,0.7137554,0.7138942,0.7138933,0.7132332,0.5969379,0.7137579,0.7137436,0.7140222,0.5967741,0.7138289,0.7138445,0.7138422,0.7139037,0.083377,0.7148671,0.7148167,0.7147291,0.7146413,0.7144501,0.7144645,0.7144237,0.7144209,0.7143511,0.7142627,0.7142664,0.7142494,0.7141938,0.7142671,0.7142159,
0.7142076,0.7141931,0.7133836,0.7133589,0.7149073,0.7148086,0.7144933,0.7144586,0.5972022,0.7137215,0.7138027,0.3617458,0.7136763,0.7138171,0.5970491,0.7137647,0.7138481,0.7138596,0.713876,0.7139113,0.7140018,0.7141016,0.7142451,0.7133841,0.7146908,0.714642,0.7145417,0.7145045,0.7092585,0.7151279,
0.7148968,0.7144527,0.7143669,0.5971396,0.7138662,0.7138736,0.7139274,0.3612899,0.7132363,0.7146833,0.7145338,0.7144236,0.7144181,0.5971463,0.7131667,0.3618979,0.7136082,0.5972335,0.7137979,0.7139056,0.7132564,0.7148355,0.714562,0.7142341,0.7143,0.7142323,0.7142254,0.7142169,0.7141973,0.713238,
0.7145239,0.7144237,0.7144206,0.3612383,0.5953399,0.7137735,0.7137969,0.7133339,0.7148065,0.7147802,0.7146713,0.7146897,0.7145279,0.7145233,0.7144549,0.7144399,0.7144183,0.7132487,0.7148225,0.5970569,0.7138776,0.7133457,0.7147414,0.7132891,0.3614529,0.7137469,0.7137626,0.7132448,0.10359,0.7149497,
0.7148898,0.7148706,0.7132469,0.7147943,0.7144941,0.5968517,0.7137218,0.7138258,0.7138613,0.7138914,0.7138731,0.7132764,0.7147976,0.5968314,0.7132865,0.713284,0.7145681,0.7145482,0.7144907,0.7132874,0.7148939,0.7147263,0.7145586,0.7145301,0.7144533,0.7132981,0.3613828,0.7137036,0.1035968,0.7149996,
0.7149319,0.7148191,0.7133045,0.5971896,0.7138739,0.7139094,0.5973248,0.7138025,0.7132786,0.7143926,0.7143791,0.7143464,0.7143462,0.7143608,0.7143005,0.7143199,0.5968255,0.7137449,0.7138392,0.7138556,0.7138611,0.7139212,0.7139258,0.713253,0.7145545,0.713345,0.7134079,0.7147073,0.7146209,0.7146124,
0.7144921,0.7144883,0.713295,0.7146215,0.7145833,0.7145666,0.7145023,0.7145011,0.7144859,0.7144422,0.7144427,0.7144302,0.7143646,0.7143947,0.7143726,0.7133485,0.7146327,0.7145348,0.7144335,0.7143024,0.7143055,0.7142654,0.7142674,0.714227,0.7133376,0.7148297,0.7147762,0.7147139,0.597193,0.7132958,
0.7146156,0.7146268,0.7145798,0.7144929,0.7144541,0.7144331,0.7144424,0.7143776,0.7144142,0.7143102,0.5971561,0.713235,0.7145796,0.7144715,0.7144476,0.7144282,0.7132747,0.07912493,0.7146508,0.7145918,0.7145063,0.7132809,0.7146364,0.7145876,0.7145566,0.7145064,0.7144608,0.7132984,0.6077172,0.7137003,
0.7138639,0.7138446,0.7133549,0.7149228,0.714531,0.7144866,0.7143942,0.7144111,0.6078857,0.7138129,0.7138978,0.7139392,0.7139326,0.7140051,0.7140055,0.7140017,0.7140441,0.7140802,0.7132794,0.7148696,0.7147427,0.7147122,0.7144678,0.7144367,0.7144006,0.6079022,0.08225776,0.714941,0.714882,0.5971843,
0.7138563,0.7138826,0.7138811,0.7138687,0.7138674,0.7139047,0.7139347,0.607876,0.7137596,0.7137665,0.7138494,0.7138503,0.7139013,0.7138815,0.7139649,0.7139788,0.7132949,0.7147209,0.7144242,0.7144185,0.7143818,0.6081241,0.7138734,0.7138473,0.7140085,0.713986,0.7140141,0.7140158,0.7133302,0.7148336,
0.714622,0.7145564,0.7144644,0.714449,0.7144542,0.7144232,0.7143955,0.7143877,0.7143514,0.7143453,0.714345,0.7143348,0.7143192,0.7143101,0.7142767,0.7142736,0.7142106,0.7142245,0.7142162,0.7140402,0.7143523,0.7143338,0.7143213,0.714301,0.7142645,0.4936392,0.7133427,0.7148265,0.7146085,0.7145969,
0.714471,0.7144584,0.7144235,0.7144173,0.1233037,0.7155347,0.7147367,0.7147154,0.7145435,0.7143657,0.7143214,0.714307,0.7143421,0.7142805,0.4636481,0.7132602,0.7146119,0.7146041,0.7145563,0.7145429,0.7144975,0.7144353,0.7144116,0.7143869,0.7141218,0.714453,0.7143216,0.7142959,0.7142795,0.7142523,
0.7142564,0.7142565,0.7141979,0.7139947,0.7143006,0.7142367,0.714249,0.7142259,0.7142154,0.714201,0.7141781,0.7141601,0.7141367,0.7141544,0.7141646,0.7141538,0.7141686,0.7141523,0.714148,0.7141159,0.7140999,0.7141165,0.7141235,0.1599694,0.7149622,0.7148633,0.7146879,0.7145525,0.7145624,0.7145209,
0.7144496,0.7144342,0.7144129,0.7144072,0.7143036,0.7142824,0.714239,0.7142272,0.7140623,0.714382,0.7143635,0.7142945,0.7142872,0.7142374,0.7142309,0.7142099,0.7142118,0.7141975,0.7141913,0.714201,0.6927208,0.7138188,0.7138309,0.7138879,0.7138917,0.1600109,0.7151186,0.714803,0.7145522,0.105735,
0.7151852,0.7150133,0.7148811,0.7148126,0.7144805,0.7144276,0.7144526,0.7144267,0.7142993,0.7142664,0.7142282,0.7142085,0.7141998,0.7141617,0.7141604,0.7141578,0.7141452,0.7141709,0.7141398,0.7141357,0.6066772,0.1599272,0.7151921,0.6930774,0.7138763,0.7139038,0.7139214,0.7139439,0.7139204,0.7139193,
0.7139118,0.7139493,0.7140052,0.7140073,0.713999,0.7140391,0.714018,0.7140136,0.7140149,0.7140341,0.7140462,0.7140749,0.7140748,0.7140707,0.7140643,0.7140818,0.7140622,0.7140625,0.71407,0.7140712,0.7140875,0.7141222,0.7141093,0.7140816,0.3236116,0.7136645,0.6926919,0.7138108,0.7138768,0.7138959,
0.7139019,0.7139022,0.7139115,0.7139099,0.7139136,0.713955,0.7139405,0.7139787,0.714007,0.1721767,0.7149983,0.7148781,0.6942979,0.7137947,0.713881,0.3047349,0.7138537,0.7138486,0.7139597,0.7139987,0.7139701,0.7139708,0.7139785,0.7139848,0.7139792,0.7140023,0.7140532,0.7140284,0.7140813,0.7140696,
0.7140763,0.7140647,0.6310704,0.7138108,0.713899,0.7139567,0.7126108,0.7139407,0.7139637,0.7139724,0.3146536,0.7150685,0.7148684,0.7145594,0.1721653,0.7147104,0.7147169,0.7146683,0.7145973,0.7145851,0.7144809,0.7143912,0.7143662,0.7143413,0.6942006,0.2952754,0.7136371,0.7137877,0.7137737,0.7138073,
0.7138026,0.713792,0.7138081,0.7138459,0.6310272,0.7138502,0.6313818,0.7137688,0.7138782,0.2953896,0.7136904,0.7137669,0.7137744,0.7137809,0.7137954,0.3815072,0.7136718,0.7136758,0.7137955,0.5565804,0.7138703,0.7138478,0.7138652,0.7139383,0.7129145,0.7139708,0.7139966,0.1676184,0.7136207,0.71398,
0.713986,0.7140618,0.7140283,0.7140163,0.7140102,0.7140198,0.7140368,0.713082,0.7139975,0.7130973,0.2952735,0.7137447,0.7137346,0.7137421,0.7137364,0.713779,0.7138591,0.7138644,0.7138902,0.7139125,0.7138947,0.714013,0.7139493,0.714022,0.7140549,0.7140487,0.7140667,0.7140476,0.714065,0.7140655,
0.7140669,0.7140565,0.7140658,0.7140667,0.7141108,0.7140952,0.7140518,0.7129396,0.7139236,0.713996,0.7140076,0.7140064,0.7139863,0.7140138,0.7140204,0.7140132,0.7140192,0.7140278,0.7140304,0.7140409,0.7140443,0.7140593,0.71405,0.7140574,0.7141156,0.714085,0.714074,0.7140675,0.714074,0.712984,
0.7139534,0.7140001,0.713972,0.7139796,0.7140222,0.714033,0.7140481,0.7130648,0.7139779,0.7139677,0.7140079,0.7139908,0.71402,0.7140489,0.7140233,0.7129673,0.713953,0.7139562,0.7139792,0.7139975,0.7139769,0.7139948,0.713964,0.7131543,0.7140024,0.7139921,0.7139996,0.7139784,0.7140024,0.714008,
0.7140292,0.7140546,0.7140563,0.7140627,0.7128722,0.1268347,0.7149044,0.7148426,0.7148052,0.7145595,0.7145348,0.7144861,0.7143756,0.7143062,0.7142517,0.7142282,0.7142102,0.714203,0.714181,0.7141572,0.7141638,0.7141724,0.7141624,0.5147161,0.7139175,0.7139924,0.7140082,0.7140197,0.7140202,0.7140131,
0.7140335,0.7140563,0.7140445,0.7140312,0.714057,0.7140866,0.7140687,0.7140925,0.7140939,0.7140911,0.7140747,0.7140645,0.7140511,0.7140992,0.7140958,0.1577472,0.7149919,0.7149232,0.7147281,0.7147442,0.7147101,0.7145317,0.7145179,0.4198954,0.713788,0.7138069,0.7139198,0.7138873,0.7140108,0.7140207,
0.7140213,0.7140412,0.7140472,0.7140316,0.7140549,0.7140756,0.7140899,0.714082,0.7140581,0.7140514,0.7140575,0.2859831,0.7136782,0.713676,0.7136832,0.7137671,0.7137853,0.7138091,0.7138675,0.7138278,0.7138537,0.7138708,0.7139147,0.713934,0.7139435,0.1577771,0.7149959,0.7147927,0.7145884,0.7145475,
0.7145109,0.7144402,0.7144225,0.7143582,0.7143295,0.1577824,0.7148917,0.7148612,0.7147855,0.7147615,0.714555,0.7145422,0.7145317,0.7144554,0.7144689,0.7144283,0.4410451,0.7137766,0.7137867,0.7137954,0.7139603,0.7139632,0.7139525,0.7139691,0.1441742,0.714855,0.7146093,0.7145672,0.7144972,0.714471,
0.7144478,0.7144101,0.714368,0.1577685,0.7150242,0.7149019,0.714825,0.7146015,0.7145815,0.7145277,0.7144625,0.7144588,0.7144678,0.7144561,0.7144231,0.7144226,0.7143787,0.7143041,0.7143253,0.7142793,0.7142533,0.714246,0.7142188,0.7142194,0.7142213,0.714197,0.7141703,0.7141771,0.7141792,0.7141815,
0.7141569,0.7141792,0.7141493,0.1503653,0.7147199,0.7146968,0.7146358,0.7146325,0.7145607,0.7144627,0.7144156,0.7143994,0.7143924,0.7143518,0.7143109,0.7143087,0.7142908,0.7142093,0.7142074,0.7141593,0.7141699,0.7141597,0.7141517,0.7141504,0.7141291,0.7141444,0.7141484,0.7141607,0.7141166,0.7141272,
0.714103,0.7141316,0.7141395,0.7141234,0.7141095,0.7140999,0.7141097,0.7141044,0.7140901,0.7141057,0.7141379,0.7141064,0.7140955,0.7141291,0.714109,0.7141215,0.7141455,0.7141244,0.7141202,0.7141005,0.7141112,0.7141345,0.1678767,0.5923431,0.7137179,0.7138228,0.7139745,0.7140411,0.7140325,0.7140506,
0.7140669,0.7140391,0.6673303,0.7152801,0.7152296,0.6128014,0.7138495,0.7138377,0.713851,0.7138827,0.7139056,0.7139272,0.3943516,0.7150956,0.5792961,0.7149296,0.4856963,0.7137908,0.7138024,0.7138222,0.7138339,0.7138492,0.7138501,0.7139382,0.7139401,0.7139577,0.7139989,0.7140091,0.7139814,0.7139742,
0.7139599,0.7139549,0.6121085,0.7138066,0.7138628,0.6678101,0.7153425,0.715017,0.7148951,0.6995022,0.7137799,0.7138864,0.6864713,0.7138547,0.7138441,0.7139193,0.713992,0.7139784,0.7140012,0.4855717,0.7137009,0.7138847,0.713901,0.7139461,0.3944267,0.7153651,0.7148594,0.2479896,0.7151178,0.7150156,
0.7148722,0.7146864,0.714741,0.7145019,0.7144747,0.4997783,0.7137127,0.2480175,0.7148872,0.2926284,0.7136544,0.7137574,0.7137889,0.6103347,0.6103061,0.7137507,0.6993995,0.4855691,0.7137835,0.6103842,0.7137351,0.7138194,0.713837,0.7138502,0.7138586,0.6846666,0.7150933,0.7150156,0.7149658,0.7147781,
0.7146134,0.714542,0.7145165,0.71443,0.6847785,0.7151035,0.715082,0.7148741,0.7147934,0.6121735,0.7137446,0.7137476,0.6108258,0.7138177,0.6099564,0.7138106,0.7138388,0.7138504,0.7139667,0.713962,0.7139676,0.7139674,0.7139874,0.4994355,0.7137507,0.7137498,0.7137968,0.7138099,0.7138389,0.247958,
0.7150364,0.7149919,0.7148721,0.714806,0.6845491,0.7152033,0.7149179,0.7146136,0.7145937,0.7145222,0.7145401,0.6124796,0.7138796,0.7138852,0.7138996,0.713873,0.7138715,0.713945,0.7139478,0.7139596,0.7139621,0.7140115,0.6121265,0.7138108,0.7139032,0.7139061,0.7139448,0.7139426,0.7139521,0.7139543,
0.7139658,0.7139938,0.7139885,0.7139934,0.3818178,0.713784,0.7138425,0.7138613,0.7139076,0.6128655,0.7137652,0.7137631,0.7138407,0.3390305,0.7137734,0.7138801,0.713883,0.6124876,0.713838,0.7142679,0.714323,0.714272,0.7142485,0.7142826,0.7142609,0.7142205,0.7142096,0.7142361,0.7142118,0.7142148,
0.714178,0.7141452,0.7141774,0.714187,0.7141106,0.7143536,0.7142825,0.7142839,0.7142763,0.6100649,0.7137712,0.7139573,0.7139245,0.7139645,0.7140166,0.7140148,0.7140171,0.7140397,0.7140332,0.7140583,0.7141027,0.7141066,0.6130543,0.7138147,0.7138918,0.7139923,0.7139542,0.7139611,0.7139841,0.7139751,
0.7139893,0.7139785,0.7140099,0.5742962,0.7137643,0.7138467,0.7138801,0.71387,0.7138966,0.7138867,0.7138984,0.7138965,0.7139025,0.7138945,0.7139145,0.7138999,0.714081,0.7142957,0.7142675,0.714286,0.7142811,0.7142638,0.6129162,0.7138259,0.7138764,0.7138679,0.7138807,0.7139103,0.7139436,0.7139233,
0.7139726,0.7139616,0.7139997,0.7071178,0.7139379,0.7139317,0.7139472,0.7140245,0.7142207,0.714211,0.4436348,0.571868,0.7137819,0.713791,0.7139465,0.7140046,0.7139933,0.7139688,0.7139862,0.7140199,0.7140224,0.7143362,0.7142645,0.7142715,0.7142608,0.6117872,0.7137854,0.7137923,0.7138622,0.7138908,
0.7138867,0.7139292,0.713931,0.7139249,0.7139769,0.7139591,0.7139206,0.7139624,0.7139826,0.7140055,0.6104772,0.7137802,0.7137822,0.7138275,0.7138372,0.7138681,0.4424517,0.7160391,0.7149585,0.7146829,0.7145115,0.7143933,0.7143844,0.7143641,0.7143614,0.7143211,0.7143139,0.7142892,0.7142548,0.6234168,
0.7152919,0.7150607,0.7148666,0.7147781,0.7146385,0.7146143,0.7145306,0.7145543,0.7145126,0.6672783,0.7138928,0.7138925,0.7139058,0.7139804,0.7139949,0.6124879,0.7138379,0.7138424,0.7138335,0.7138678,0.4426921,0.7155674,0.7149186,0.7148646,0.7148237,0.7147156,0.7145773,0.7145486,0.7144583,0.7144234,
0.7143538,0.7143688,0.7143253,0.7143337,0.714298,0.7143079,0.7142767,0.7142952,0.7142643,0.7142783,0.7142593,0.7142219,0.7141845,0.7142192,0.1986976,0.7150361,0.7146684,0.7146252,0.7144953,0.7145033,0.7144164,0.7144185,0.7144007,0.714357,0.7143592,0.7143281,0.7142508,0.7142159,0.7142175,0.7142001,
0.7142038,0.714169,0.7141994,0.7141941,0.7141799,0.7142033,0.7141838,0.6824525,0.7148553,0.7147537,0.7145347,0.7145272,0.7142808,0.7142099,0.7142234,0.7142031,0.7142353,0.7142051,0.7142198,0.7141984,0.714179,0.7142021,0.7141917,0.7141677,0.7141547,0.7141273,0.7141199,0.7141411,0.7141581,0.7141383,
0.7141327,0.714143,0.7141674,0.7141445,0.7141211,0.714101,0.7141424,0.7141059,0.7141281,0.7141316,0.7141269,0.4950278,0.7148917,0.714556,0.7145239,0.7144881,0.7144374,0.7144068,0.08310465,0.7149431,0.7146093,0.7144539,0.7144394,0.7144255,0.7143509,0.7143339,0.7143167,0.7143226,0.7143183,0.7142676,
0.7142662,0.7142756,0.7142336,0.7141974,0.7141907,0.7141741,0.4864886,0.7136886,0.7138006,0.7138136,0.7138178,0.7138452,0.7138412,0.7138615,0.7138659,0.7138416,0.7139466,0.7139614,0.3949021,0.7139473,0.713948,0.7139872,0.7139734,0.7139818,0.7139779,0.7139978,0.7139794,0.7140072,0.7140104,0.714004,
0.7140184,0.7140219,0.7140346,0.714089,0.714083,0.7140725,0.7140772,0.1070247,0.7149991,0.7146713,0.7144304,0.7144056,0.7143935,0.7143502,0.7143081,0.4864195,0.7136838,0.7138302,0.7138296,0.7139437,0.7139295,0.7139457,0.7139518,0.7139673,0.7139542,0.7139528,0.7139609,0.7139851,0.7140015,0.7140286,
0.7140086,0.7140214,0.7140023,0.7140076,0.7140195,0.7140032,0.714045,0.7140384,0.7140647,0.7140647,0.7140381,0.7140375,0.7140484,0.7140865,0.714072,0.7141204,0.7140728,0.486269,0.7137638,0.7138609,0.7138496,0.7139904,0.7139591,0.4864281,0.713682,0.713832,0.7139608,0.7139919,0.7140103,0.7140367,
0.7140558,0.7140316,0.714061,0.7140384,0.7140686,0.7140719,0.7140869,0.7140712,0.714072,0.7140921,0.7140866,0.7140754,0.7140769,0.7141028,0.7140862,0.7140802,0.7141128,0.7140906,0.4869801,0.7135978,0.7136974,0.7138174,0.7138796,0.7139227,0.4864418,0.7137998,0.7138258,0.713852,0.7138494,0.7138523,
0.7138647,0.7138893,0.7139115,0.7138947,0.7138885,0.7139729,0.7139863,0.7140149,0.7140239,0.713999,0.7140142,0.4864779,0.7137228,0.7137069,0.7139482,0.7139497,0.7139523,0.7140082,0.714016,0.7140149,0.7140129,0.7139991,0.7140099,0.4982473,0.7137528,0.7137728,0.7138246,0.7139159,0.7139329,0.7139578,
0.7139485,0.7139645,0.7139633,0.7139782,0.7139921,0.7140159,0.7140118,0.7139915,0.7140291,0.7140678,0.7140688,0.7140568,0.1102676,0.7150208,0.7148314,0.7145905,0.7145293,0.7145312,0.7144151,0.7143874,0.7143515,0.7143422,0.7143446,0.7143173,0.7143115,0.7143028,0.7142941,0.3259638,0.7148587,0.7147255,
0.7147692,0.7147185,0.7146954,0.7144835,0.7144346,0.7144058,0.7143444,0.7143279,0.7142957,0.7142906,0.714284,0.7142809,0.7142445,0.32419,0.7150081,0.7149666,0.7148003,0.7146906,0.7146524,0.7144146,0.7143665,0.7143769,0.7143686,0.71234,0.7149325,0.7149439,0.7148725,0.7148018,0.7145524,0.7145429,
0.7144763,0.7144808,0.3095196,0.7136182,0.7136512,0.7137228,0.7137207,0.7137868,0.7137558,0.7137498,0.7139143,0.7139049,0.7139733,0.713972,0.7139924,0.7140173,0.7139993,0.714027,0.7140232,0.7140405,0.3756419,0.713811,0.7138441,0.7138563,0.7138721,0.7138926,0.7139112,0.7139601,0.7139601,0.7139363,
0.7140084,0.7140147,0.7140172,0.714038,0.7140563,0.7141008,0.7140883,0.7141007,0.71412,0.7140843,0.71408,0.309512,0.7137054,0.7137606,0.7137551,0.7137736,0.7137889,0.7137784,0.375574,0.7137051,0.7137933,0.7137727,0.7137915,0.7138587,0.7139102,0.3757256,0.713635,0.7137753,0.713774,0.7138565,
0.7138709,0.7138623,0.7138321,0.7138422,0.7138783,0.7139009,0.7139337,0.7139303,0.7139493,0.7140117,0.3854236,0.7137573,0.713762,0.7137611,0.6062533,0.7138109,0.7138159,0.713827,0.7138524,0.7139161,0.7139236,0.7139186,0.7138987,0.7139043,0.7139688,0.7139695,0.7139723,0.7139857,0.713979,0.7139977,
0.7140312,0.7140753,0.7140552,0.714074,0.7141016,0.7141195,0.7141253,0.7141002,0.7140925,0.7140889,0.7141013,0.7140939,0.7140988,0.7141047,0.7140887,0.7141077,0.7140948,0.7140985,0.7141041,0.7140964,0.7141108,0.7141106,0.714106,0.7141332,0.714107,0.6662292,0.713788,0.7137894,0.7139612,0.7139604,
0.713975,0.7140102,0.7140082,0.7140525,0.6665598,0.7137909,0.7138979,0.7138536,0.7139285,0.3631931,0.7150475,0.7149317,0.7147814,0.7146835,0.7145168,0.7145173,0.7144686,0.7144655,0.7144433,0.7143961,0.7143578,0.714332,0.714287,0.7142393,0.714247,0.7142486,0.7142417,0.7141957,0.7141866,0.7141944,
0.7142013,0.7141657,0.7141768,0.7141746,0.7141578,0.7141458,0.3629552,0.7152088,0.7146818,0.7146648,0.337465,0.7137799,0.7137595,0.7137529,0.7138033,0.7139276,0.7139446,0.7139134,0.7139273,0.7139499,0.7139319,0.7140104,0.7140136,0.7140089,0.714012,0.7140031,0.7140062,0.7140437,0.467775,0.7148772,
0.7147256,0.7146934,0.7146823,0.7146388,0.7146187,0.7144942,0.7144378,0.7143999,0.7143629,0.7143663,0.7143322,0.7143303,0.7142912,0.7142828,0.7142721,0.7142737,0.7142746,0.7142702,0.7142281,0.7142302,0.7142114,0.7142168,0.7142099,0.7142128,0.7141874,0.7141587,0.7141718,0.7141591,0.7141509,0.7141394,
0.7141413,0.714141,0.714121,0.2970055,0.7136198,0.7137279,0.7137651,0.7138317,0.7138055,0.7138106,0.7137936,0.7139319,0.4217459,0.7137534,0.7138482,0.713911,0.7139224,0.7139661,0.2287249,0.7150778,0.7149039,0.7148851,0.7148566,0.1213489,0.7150093,0.7149784,0.714821,0.7146289,0.714614,0.7144143,
0.7143077,0.7142592,0.7142786,0.7141801,0.7142015,0.7141799,0.7141699,0.7141604,0.7141666,0.7141753,0.7141964,0.714165,0.7141606,0.7141549,0.7141584,0.7141563,0.7141601,0.4217816,0.7137882,0.7137831,0.7137851,0.713805,0.7138211,0.7138483,0.1213408,0.7150291,0.7149798,0.7146202,0.7145107,0.7144949,
0.7145059,0.7144746,0.7144797,0.3571642,0.7137895,0.7138216,0.7138293,0.7139278,0.7139809,0.7140264,0.7140399,0.7140465,0.7140276,0.7140388,0.7140582,0.7140681,0.714068,0.7140608,0.714071,0.7140538,0.714088,0.7140898,0.7140719,0.1213996,0.714969,0.714877,0.7148194,0.714801,0.7147687,0.7147248,
0.7145571,0.7144418,0.7143512,0.7143283,0.714322,0.7143211,0.7143066,0.714311,0.3281832,0.7136651,0.7136732,0.713798,0.7137983,0.7138119,0.7138525,0.7138538,0.7138583,0.7138305,0.713832,0.7138439,0.7138495,0.7139385,0.7139601,0.713974,0.7139569,0.7139691,0.713992,0.713966,0.7139787,0.7139921,
0.7139784,0.7140204,0.7140401,0.7140186,0.7140385,0.7140383,0.7140487,0.7140387,0.7140707,0.7140613,0.7140554,0.7140938,0.714076,0.7140751,0.7140678,0.7140866,0.7140688,0.7141004,0.7141141,0.4397799,0.7149355,0.7148387,0.7145113,0.7145014,0.7144905,0.7144762,0.7144511,0.7143756,0.7143682,0.7143509,
0.7143317,0.7143229,0.7143252,0.7142894,0.7142483,0.7142562,0.7142077,0.7141957,0.7141872,0.7141924,0.7141892,0.7141941,0.7142041,0.7141925,0.7141703,0.7141613,0.7141622,0.7141593,0.7141709,0.7141308,0.487004,0.4032722,0.713801,0.7138001,0.7138773,0.7138531,0.7139531,0.7139959,0.7139976,0.7139711,
0.7139746,0.7139953,0.7140017,0.7140142,0.7140228,0.7140213,0.7140254,0.7140051,0.4906748,0.7148954,0.7148829,0.7145495,0.7144918,0.6475296,0.715315,0.7146637,0.7146305,0.7145963,0.7145134,0.7145218,0.7144723,0.7144365,0.7144151,0.7143674,0.7143881,0.7143155,0.7142845,0.7142785,0.7142435,0.7142727,
0.7142547,0.714258,0.6482257,0.7149363,0.7148997,0.7148492,0.7147321,0.7147287,0.714571,0.7145302,0.7143718,0.7143096,0.7142427,0.7142326,0.7142478,0.714201,0.7142004,0.2852641,0.3389811,0.7138106,0.7137828,0.7137896,0.7137829,0.7137842,0.7139672,0.7139529,0.7139404,0.7139789,0.7139732,0.71398,
0.7140027,0.713981,0.7140315,0.7140617,0.714049,0.7140676,0.7141104,0.7140864,0.7140956,0.7140943,0.7140989,0.714098,0.7140777,0.7140685,0.6485249,0.7146645,0.7146463,0.7145593,0.7144452,0.714394,0.7143547,0.7143676,0.7143387,0.4043674,0.7138412,0.713839,0.7138334,0.713816,0.7138253,0.4540465,
0.7137864,0.7138525,0.7138509,0.7138888,0.7138793,0.7138698,0.7138893,0.7139254,0.7139466,0.4043396,0.4529857,0.7137718,0.7138831,0.713841,0.7138848,0.6481262,0.7151473,0.7147532,0.4546709,0.7136456,0.7138475,0.7138256,0.713847,0.7138547,0.7138544,0.7139339,0.7139415,0.7139482,0.7139298,0.6482453,
0.7150539,0.7149792,0.6481171,0.7146006,0.7145705,0.7144878,0.7144583,0.714432,0.7144057,0.7144195,0.7144164,0.7143291,0.7143389,0.7142971,0.7142695,0.7142611,0.7142799,0.7142607,0.7142649,0.7142434,0.7142225,0.7142015,0.7142019,0.4542717,0.45429,0.7137316,0.7137263,0.7137379,0.7138451,0.71386,
0.7138598,0.7138904,0.7139331,0.7139483,0.7139373,0.7139639,0.7140096,0.71402,0.7140126,0.7139993,0.7140259,0.6227023,0.7138674,0.7138377,0.7138547,0.7138846,0.7139241,0.7139279,0.7139291,0.7139357,0.7139553,0.7139578,0.7139685,0.7140024,0.6481648,0.7159736,0.6479656,0.7146105,0.7144967,0.7144197,
0.7144305,0.7143951,0.714386,0.7143513,0.7143426,0.7143059,0.7142521,0.7142615,0.1841306,0.7146573,0.7146221,0.7145706,0.7145608,0.7144861,0.6481351,0.7150905,0.7150425,0.7146779,0.7145948,0.71456,0.7144741,0.7143504,0.7143516,0.6481144,0.7149232,0.7148399,0.7148084,0.7147157,0.7145513,0.6477277,
0.7151545,0.7148388,0.7146677,0.6478592,0.7149227,0.7147961,0.7147831,0.7145479,0.7144532,0.7144471,0.7144345,0.714292,0.7142897,0.7143062,0.7142684,0.7142605,0.7142239,0.7142198,0.7141873,0.7141748,0.7141799,0.7141803,0.7141876,0.7141721,0.6482832,0.7149394,0.7149284,0.7148738,0.7148067,0.7147192,
0.7146055,0.714496,0.7143945,0.2026643,0.7153742,0.7151435,0.648257,0.714976,0.7148471,0.7148426,0.7147937,0.7145578,0.7145232,0.7144884,0.7144862,0.7144486,0.7144144,0.71439,0.7144046,0.7143737,0.7143465,0.7143092,0.7143031,0.714286,0.7142506,0.7142317,0.7142318,0.7142072,0.7142087,0.7141897,
0.7141848,0.7141979,0.7141786,0.7141745,0.7141541,0.7141398,0.7141466,0.7141386,0.7141226,0.7141296,0.7141376,0.7141445,0.7141333,0.7141368,0.7141252,0.7141398,0.7141291,0.7141408,0.7141227,0.7141465,0.7141262,0.7141348,0.7141007,0.7141159,0.7141355,0.7141105,0.7141134,0.7141189,0.7141031,0.7141212,
0.7141242,0.7140974,0.7141131,0.7141166,0.45417,0.7137206,0.7138196,0.7138069,0.7137756,0.7137905,0.7139105,0.7139386,0.7138983,0.713935,0.7139441,0.7139587,0.7139603,0.713991,0.7140034,0.7140009,0.7140111,0.7140182,0.7140391,0.7140395,0.7141028,0.7140831,0.7140716,0.714115,0.7140732,0.1918649,
0.715082,0.7146608,0.7146541,0.7146301,0.7144097,0.7143031,0.7143022,0.7142386,0.7142295,0.7141923,0.7141879,0.7141947,0.7141615,0.7141543,0.714187,0.714179,0.7141662,0.7141601,0.7141535,0.7141503,0.7141313,0.7141433,0.7141306,0.2679137,0.7147527,0.7147412,0.7147135,0.7142944,0.7142827,0.7142368,
0.7141938,0.714215,0.7142116,0.7142024,0.7141449,0.7141233,0.7141038,0.7141447,0.7141449,0.7141441,0.7141585,0.714158,0.7141376,0.7141513,0.7141532,0.714132,0.7141244,0.7141494,0.7141483,0.7141316,0.7141321,0.7141269,0.7141294,0.1769045,0.7152163,0.7145726,0.7145435,0.7144574,0.714411,0.7143831,
0.7143478,0.7143595,0.7143503,0.7142605,0.7142918,0.7142387,0.7142381,0.7141786,0.7141891,0.7141855,0.7141736,0.7141943,0.7141766,0.7141705,0.7141674,0.7141517,0.7141387,0.714148,0.7141511,0.714123,0.7141194,0.714138,0.7141205,0.7141042,0.7137171,0.7147131,0.714528,0.7144743,0.7144679,0.7144151,
0.7143621,0.7143824,0.7140344,0.7144794,0.7143801,0.7143722,0.7143345,0.7143312,0.7143029,0.7142351,0.7142574,0.7142339,0.7142349,0.7142646,0.7141749,0.7141753,0.7141662,0.714155,0.7141674,0.7141466,0.7141675,0.7141632,0.7141504,0.7141452,0.7141609,0.7141564,0.7141064,0.7141315,0.7141517,0.714156,
0.7141457,0.7141467,0.714167,0.7141277,0.7141222,0.7140426,0.371794,0.7138198,0.7138149,0.7138087,0.6674409,0.7138438,0.7138529,0.7139326,0.7139098,0.7139754,0.7140221,0.3167103,0.7138496,0.7145956,0.714462,0.7144212,0.7139931,0.7146456,0.7144551,0.7144499,0.7143704,0.7143816,0.7143471,0.7143121,
0.7142977,0.7142645,0.7142473,0.7142506,0.7139674,0.7144885,0.7144768,0.7144638,0.7140462,0.7146055,0.7144055,0.7143565,0.7143282,0.714259,0.7139552,0.7143902,0.7143807,0.7143677,0.6691933,0.7137827,0.7138641,0.7139127,0.6679399,0.7138272,0.7138355,0.7138817,0.713906,0.7139406,0.7139766,0.7140121,
0.7140277,0.7140656,0.7139643,0.7140321,0.7144387,0.7144195,0.7143306,0.714311,0.7142899,0.6674824,0.7138803,0.7139014,0.7139025,0.7139202,0.7139314,0.7139538,0.6679209,0.713764,0.7138706,0.7138765,0.7138912,0.7139118,0.7139352,0.7139382,0.6436202,0.7138613,0.7138514,0.7139943,0.7144836,0.7144372,
0.7144243,0.7144073,0.6682923,0.7138212,0.7139142,0.3315282,0.7137428,0.7138901,0.7138765,0.7138958,0.7138509,0.713949,0.7140234,0.7145532,0.7144482,0.7144225,0.7144014,0.7139587,0.7143055,0.7143051,0.7142994,0.7142843,0.7140302,0.7145205,0.7144874,0.1001794,0.7150108,0.7147533,0.6439528,0.4438306,
0.7138271,0.7139859,0.7139922,0.299394,0.7137855,0.7137762,0.6691759,0.7137663,0.7139785,0.7144247,0.7139431,0.7144619,0.7144313,0.7144116,0.7139307,0.7146347,0.3313547,0.7137944,0.7138004,0.6440299,0.7138662,0.7138668,0.7138919,0.7138997,0.7139287,0.7139964,0.6441742,0.7137171,0.09914196,0.7149977,
0.7148227,0.7148385,0.7140709,0.7145748,0.7144345,0.7144168,0.7139482,0.6442218,0.6441254,0.7138019,0.7138472,0.7138402,0.7138481,0.7139882,0.7144993,0.7144243,0.7143661,0.7143725,0.3311718,0.7136853,0.7136893,0.7139128,0.3314868,0.7137949,0.7139699,0.7145596,0.7145659,0.6439002,0.7138167,0.7138357,
0.7139004,0.7139117,0.6444153,0.7137988,0.7138444,0.331464,0.7138563,0.7138888,0.7138659,0.7138649,0.7139665,0.331268,0.713778,0.7139275,0.7138962,0.7146001,0.7140194,0.7144475,0.7144693,0.7140394,0.7144023,0.7143691,0.7143434,0.7143544,0.7143311,0.7143219,0.7143234,0.0930258,0.7147416,0.7146772,
0.714659,0.7145325,0.7140055,0.7144828,0.7143861,0.713957,0.7144198,0.7144213,0.7143206,0.7143044,0.7142825,0.713943,0.7146366,0.4752038,0.7151049,0.7150696,0.7146305,0.7145396,0.7139389,0.3315284,0.3314992,0.7136795,0.713803,0.7137872,0.7138864,0.7139024,0.7146174,0.7144876,0.714412,0.7144018,
0.7143532,0.7143737,0.7140029,0.7144179,0.7144288,0.7143738,0.7143421,0.7143236,0.7143413,0.7143233,0.7142987,0.7139558,0.7146338,0.7144153,0.7144155,0.714379,0.7143721,0.4749438,0.7146646,0.3197261,0.7137034,0.7139246,0.3001614,0.7137819,0.7137681,0.7139482,0.7146068,0.7145068,0.7144478,0.7143858,
0.7143435,0.7143357,0.7143071,0.4750492,0.7149543,0.7147833,0.7146579,0.7139857,0.7139559,0.7144068,0.7139491,0.7145163,0.7143825,0.7143571,0.7143458,0.7142851,0.1775071,0.7151803,0.7151611,0.7147256,0.7146297,0.7145865,0.7144993,0.1936402,0.7154369,0.7151061,0.7150131,0.7147016,0.7140453,0.7144749,
0.7139997,0.7144455,0.4749908,0.7157694,0.7153439,0.7151794,0.7148425,0.714037,0.1935216,0.714941,0.7147848,0.7141034,0.7145873,0.7145148,0.7144622,0.7144372,0.7144066,0.714322,0.4063438,0.4752406,0.4750622,0.7154192,0.7153085,0.7150481,0.7139789,0.7144899,0.7144891,0.7140213,0.7145351,0.7145113,
0.7139903,0.7139808,0.714651,0.7144334,0.7144105,0.7143918,0.7139683,0.7139931,0.7145179,0.7140272,0.475165,0.4063256,0.7136521,0.7139457,0.7139044,0.7139291,0.7146217,0.7145758,0.7144164,0.7140642,0.7144948,0.7144608,0.7144082,0.7143674,0.7143711,0.7143005,0.7142847,0.7142061,0.7142094,0.7141997,
0.7141845,0.7141796,0.7141875,0.7141814,0.7139128,0.7144935,0.7143498,0.7142978,0.714271,0.7142694,0.1569043,0.7147328,0.4061914,0.7137966,0.714562,0.7143986,0.7142988,0.7143212,0.7142755,0.7142591,0.7142482,0.7142132,0.7141879,0.7141954,0.714184,0.714196,0.7141981,0.7141805,0.4750679,0.7155565,
0.7151946,0.7146555,0.7145754,0.7145244,0.7144963,0.7144485,0.7128199,0.7147434,0.7145871,0.7145476,0.7145127,0.7145209,0.7144917,0.4747968,0.7152536,0.7150294,0.7150273,0.7147234,0.714673,0.7146544,0.7145767,0.4064489,0.4752282,0.7148004,0.7146535,0.7146502,0.475092,0.4977567,0.7149458,0.7140821,
0.7139488,0.7139813,0.7144689,0.7143607,0.7143467,0.7143475,0.7142683,0.4750131,0.4748035,0.7153007,0.7150213,0.714758,0.7145473,0.7145495,0.7144909,0.7144384,0.7144199,0.7144058,0.7139878,0.7144257,0.7143582,0.7143844,0.7143649,0.7143121,0.4751064,0.7148818,0.4975524,0.7152148,0.7148796,0.7148099,
0.7145919,0.7139316,0.7144698,0.7144526,0.7143905,0.7143825,0.714025,0.7142967,0.7139598,0.7144756,0.7144585,0.7143894,0.714329,0.714294,0.7142926,0.7142994,0.7140009,0.7145475,0.7144652,0.7140203,0.7144099,0.4756031,0.714821,0.7148132,0.7147946,0.7146391,0.714059,0.4747784,0.7152724,0.715023,
0.7146961,0.7146536,0.714678,0.7144764,0.7139403,0.7144979,0.7140051,0.7144088,0.714407,0.7140685,0.7145956,0.7144097,0.714345,0.7143065,0.7143173,0.714298,0.7141889,0.7140393,0.714011,0.7144564,0.7140148,0.7144508,0.7144527,0.7144158,0.7140515,0.4750761,0.7148553,0.7145482,0.7140262,0.7145675,
0.7143742,0.7143744,0.713946,0.3544012,0.7136765,0.7136952,0.7138536,0.7138346,0.713823,0.7066014,0.7138594,0.7140241,0.7139449,0.7143807,0.7140403,0.7146033,0.7144362,0.7144303,0.7140097,0.7145773,0.7143777,0.7143647,0.7143045,0.2950361,0.3076873,0.4750881,0.4748804,0.7150016,0.7149369,0.7140743,
0.7140766,0.7144617,0.7144463,0.7143847,0.7143829,0.7143447,0.7143469,0.4751032,0.714971,0.7149278,0.2948553,0.7138045,0.7138506,0.7064673,0.71388,0.7139966,0.7139047,0.7139271,0.7145405,0.2950103,0.7136274,0.7139268,0.7139312,0.7145496,0.7140466,0.7140283,0.4661132,0.7137902,0.5825766,0.7154403,
0.7152407,0.7150427,0.7140746,0.7144929,0.4653344,0.3470206,0.7138239,0.7138418,0.7139276,0.7139366,0.7069703,0.7137754,0.714401,0.713968,0.5830032,0.7155433,0.7152865,0.7141156,0.7140324,0.714012,0.7139907,0.7058156,0.7138479,0.7139949,0.5212001,0.5817657,0.7152201,0.7149072,0.714847,0.7147781,
0.7140954,0.7144242,0.714447,0.7139709,0.7140322,0.7139834,0.7139503,0.4655581,0.7136783,0.7143764,0.7139043,0.7139547,0.7144085,0.7139928,0.7146289,0.713961,0.7146728,0.7068739,0.7139074,0.7138825,0.7139678,0.7146655,0.7144725,0.7140048,0.7140434,0.7140257,0.714021,0.2141809,0.7159594,0.7141236,
0.7144879,0.7144465,0.7140599,0.7066084,0.7139397,0.7139328,0.7139239,0.713956,0.7139556,0.7139819,0.7140216,0.7140522,0.7145257,0.7139942,0.7140279,0.7145714,0.7140217,0.7139428,0.7139292,0.7058965,0.7139436,0.7139583,0.7144458,0.714349,0.7139325,0.7143686,0.7143517,0.7140408,0.7140065,0.7144325,
0.7144077,0.7143334,0.7143342,0.7142833,0.3064191,0.7137464,0.7139073,0.7139338,0.7139125,0.7138859,0.713895,0.7139716,0.7139707,0.7139732,0.7140464,0.7140357,0.7146581,0.7145309,0.7140383,0.7060904,0.7138351,0.7138276,0.7140121,0.7144381,0.7139784,0.7146695,0.7140173,0.7054473,0.7139165,0.713912,
0.7144665,0.7144241,0.7139992,0.7144142,0.7139995,0.7144743,0.7144486,0.7139745,0.7146533,0.7140487,0.7128007,0.7148273,0.7148262,0.3101453,0.713781,0.1257969,0.7145993,0.7145445,0.5040013,0.7138507,0.7144722,0.7067956,0.7138659,0.7140519,0.7139999,0.7144689,0.7140685,0.7144554,0.7143772,0.7139692,
0.7146088,0.7144761,0.7140349,0.7066912,0.7124907,0.7146366,0.714839,0.7145843,0.7139453,0.7145905,0.7140186,0.7140028,0.3309848,0.5030677,0.7138716,0.7139989,0.7139617,0.7139292,0.7144114,0.7055442,0.7138793,0.713991,0.7127951,0.7146118,0.7146117,0.714015,0.714545,0.7140302,0.7146488,0.7144039,
0.7143536,0.7143309,0.7142683,0.714215,0.7139289,0.713985,0.71457,0.7140127,0.7145766,0.712926,0.7145731,0.7147732,0.7145843,0.7145699,0.3281106,0.7155737,0.7151409,0.7148358,0.7148167,0.3537534,0.7042708,0.7138944,0.7138802,0.7143876,0.714324,0.7143058,0.713953,0.7065186,0.7139744,0.7138799,
0.7138716,0.7138623,0.7145022,0.7139447,0.7146243,0.7140294,0.7145177,0.7140265,0.7145223,0.7140814,0.714587,0.7140491,0.7139781,0.7124591,0.7147591,0.7148409,0.3853119,0.7137758,0.7137757,0.7139916,0.7139562,0.7139637,0.7145139,0.7143848,0.7144008,0.7139506,0.7139646,0.7145897,0.7140228,0.7146191,
0.7145001,0.7140247,0.713944,0.7140067,0.3644818,0.7136602,0.7139285,0.714398,0.7144074,0.7139509,0.7144167,0.7143909,0.714362,0.7143101,0.713963,0.5438614,0.7138132,0.7143365,0.7139899,0.7124822,0.7144586,0.7148326,0.7129553,0.7145677,0.7140748,0.7140316,0.7144694,0.713933,0.7144912,0.7144769,
0.7144601,0.7144057,0.7143821,0.3062225,0.713739,0.7138621,0.713974,0.7138993,0.7139441,0.7139801,0.7146155,0.3289444,0.7136887,0.7139569,0.7139491,0.7139214,0.7146474,0.7144462,0.3643914,0.7129005,0.7148724,0.7139665,0.7145295,0.5435994,0.7138398,0.3645297,0.7138124,0.7142551,0.7140127,0.649549,
0.714865,0.7148069,0.3993098,0.7136831,0.7136653,0.7139316,0.7139921,0.7139869,0.7143777,0.7140216,0.5437847,0.7138101,0.7138162,0.7138082,0.7145709,0.7145094,0.3950905,0.3641748,0.7136731,0.7137262,0.3058554,0.7137758,0.7138148,0.714367,0.7143138,0.7139686,0.7139606,0.7139162,0.7139703,0.7146526,
0.7144517,0.7144218,0.7140005,0.7145694,0.543624,0.7137983,0.7139143,0.3993208,0.7136691,0.5436839,0.399065,0.7139037,0.7144459,0.7144114,0.3950484,0.7138315,0.714621,0.399299,0.7137896,0.7145629,0.15554,0.7153826,0.7140412,0.7146595,0.7144673,0.7139363,0.7139313,0.7145576,0.7143998,0.7144057,
0.7142848,0.7142125,0.7142003,0.714202,0.7140255,0.5440042,0.7137052,0.7139775,0.7144462,0.7144376,0.7144265,0.7143972,0.7144024,0.4679075,0.7149776,0.7145673,0.7144827,0.7144254,0.7140875,0.7145849,0.7144246,0.7143838,0.7140267,0.7143449,0.7143271,0.15555,0.714871,0.7146654,0.7140065,0.7146605,
0.7143712,0.7140749,0.7145715,0.7144619,0.7144504,0.7144189,0.7143968,0.7140023,0.7146199,0.7144819,0.7144453,0.7140758,0.7145921,0.7140458,0.7140129,0.7146593,0.7144361,0.5438722,0.7138337,0.7140626,0.7144166,0.7143444,0.1555339,0.543507,0.7137565,0.7137563,0.713761,0.7137796,0.7138582,0.7139517,
0.7145019,0.7144701,0.7144423,0.7144374,0.7139274,0.3250926,0.7156736,0.7146123,0.7145727,0.7144992,0.7144803,0.7144809,0.3639543,0.7136802,0.7137628,0.7137775,0.7139037,0.7143781,0.713958,0.7146551,0.7146264,0.7144024,0.7140337,0.7146166,0.71457,0.7144452,0.7140015,0.7144821,0.7143964,0.7140215,
0.7139619,0.714443,0.7143302,0.7143155,0.7142894,0.7142909,0.714281,0.7141517,0.7139983,0.7139724,0.7144276,0.714379,0.6713551,0.7137878,0.71378,0.7140045,0.3252381,0.7149734,0.7144245,0.7139978,0.7144721,0.714476,0.7139886,0.714485,0.7143434,0.3640365,0.7137815,0.7137542,0.7137469,0.713972,
0.7146279,0.7145527,0.7140117,0.7145148,0.7143685,0.7143902,0.7143297,0.7143142,0.7142892,0.7142783,0.7142535,0.714272,0.7142619,0.7140067,0.7144452,0.7140371,0.7144291,0.7144138,0.7143661,0.7143005,0.7142754,0.714263,0.7142453,0.6713139,0.7138708,0.7138712,0.713865,0.7139749,0.7139386,0.7144752,
0.7143803,0.7143751,0.7143527,0.7140689,0.3928249,0.7151686,0.7148635,0.6711674,0.7137623,0.7139288,0.7139357,0.7139447,0.7140047,0.7139964,0.7139904,0.7139988,0.7140283,0.7140599,0.7140276,0.714501,0.7144617,0.7143815,0.714325,0.7142447,0.7139859,0.7139638,0.6661729,0.7148533,0.7148261,0.7147828,
0.7147157,0.714524,0.7144843,0.7143886,0.7139655,0.7145125,0.7144471,0.7144009,0.7143738,0.7143648,0.714359,0.7143312,0.7143328,0.7140035,0.7145892,0.7144708,0.7144124,0.7144117,0.7144024,0.7140174,0.7144859,0.7144645,0.7144002,0.7143539,0.7143376,0.7142913,0.7142924,0.7140157,0.7145921,0.7144734,
0.7144408,0.7143318,0.7142799,0.7141599,0.7142293,0.7142001,0.71415,0.7139775,0.7139363,0.7145334,0.7145061,0.7144725,0.7144529,0.7144162,0.7140145,0.7144067,0.7143905,0.7140794,0.7146122,0.7144729,0.7144489,0.7143856,0.714372,0.714345,0.7139638,0.3499813,0.7138022,0.7137893,0.7138042,0.7139617,
0.7139199,0.7140025,0.7140082,0.7140485,0.3264423,0.7149466,0.7145702,0.7144243,0.7144371,0.3497298,0.7137766,0.7139032,0.713904,0.7139164,0.7139352,0.7139212,0.7139303,0.7140049,0.7139935,0.6522731,0.7138437,0.7139142,0.7139558,0.7143077,0.7143028,0.713912,0.7143697,0.714332,0.7139976,0.7146128,
0.714379,0.7143599,0.7143634,0.7143597,0.7143356,0.7143466,0.7142774,0.7142665,0.7142305,0.714224,0.7142314,0.7142156,0.7139443,0.714479,0.7144209,0.7143669,0.7139628,0.7146142,0.7143717,0.714367,0.3264783,0.7149091,0.7140561,0.7146493,0.7144629,0.7144044,0.714392,0.7143605,0.7143206,0.7139251,
0.7144825,0.7143868,0.7143588,0.7140161,0.714551,0.7145039,0.7144864,0.7144628,0.7144147,0.7140186,0.7145351,0.714402,0.5734505,0.7138519,0.7138936,0.7139036,0.7139023,0.7138947,0.7139763,0.7139451,0.7140068,0.7140365,0.7140375,0.2995043,0.7137738,0.7139037,0.7146296,0.7144444,0.7144367,0.7144114,
0.7144032,0.7143934,0.7143685,0.7143602,0.7143517,0.7142914,0.7142352,0.7142087,0.7141916,0.7142076,0.5735459,0.7136822,0.6719522,0.7138054,0.7138894,0.7138726,0.7139001,0.7139577,0.7139763,0.714404,0.7143463,0.7143608,0.7143233,0.7142593,0.7139723,0.7146546,0.7144297,0.7143611,0.7140272,0.7145225,
0.714461,0.7144606,0.7144251,0.7143512,0.7143705,0.7143553,0.714352,0.7143093,0.7139608,0.7145524,0.7144706,0.714418,0.7144246,0.7144144,0.7143521,0.7143402,0.7143027,0.7143019,0.7142688,0.6722924,0.7137754,0.7137881,0.7140011,0.7144982,0.7139816,0.7146423,0.7144696,0.6723413,0.713851,0.7138999,
0.7144383,0.7143884,0.7143895,0.7143266,0.7142692,0.714253,0.7142209,0.1761792,0.4379871,0.7137529,0.7137561,0.7138743,0.7139164,0.7145416,0.7144188,0.7143932,0.6720205,0.7138803,0.7144723,0.6728303,0.7138983,0.7052886,0.6722865,0.7137662,0.713764,0.7138351,0.7139168,0.7138872,0.713949,0.7146191,
0.7144452,0.7144157,0.7144032,0.7143685,0.7143854,0.7143474,0.6719291,0.713877,0.6722159,0.7138208,0.7138598,0.7138619,0.71403,0.7144182,0.7139243,0.7146205,0.7144678,0.6718444,0.7138325,0.7138938,0.7145048,0.6716725,0.4377999,0.7030308,0.7138104,0.7138138,0.7139196,0.7139197,0.7139274,0.7139279,
0.713937,0.7139857,0.7140069,0.7140109,0.7140048,0.7140143,0.7140475,0.7140143,0.714048,0.71404,0.7140319,0.7140326,0.7143252,0.7139554,0.7145637,0.7140267,0.7146025,0.7143896,0.7144079,0.7143407,0.7143372,0.7142971,0.7143126,0.7142338,0.6719513,0.7139029,0.7145463,0.7143763,0.7143201,0.7143339,
0.7143202,0.7143173,0.7142832,0.714227,0.7142579,0.7142249,0.7142237,0.7139889,0.7143822,0.7143521,0.7143185,0.7143239,0.7143064,0.7142884,0.7142323,0.6413097,0.7138364,0.4635111,0.7138687,0.7138571,0.7138524,0.7138549,0.7139845,0.7139813,0.7139761,0.7139983,0.7140198,0.7140149,0.4909821,0.71371,
0.7138146,0.7138272,0.7139426,0.7145056,0.640071,0.7138526,0.6409866,0.4906569,0.3555182,0.7136511,0.4905569,0.7136922,0.4607747,0.7136984,0.7137203,0.640767,0.7138416,0.7138744,0.7138621,0.7139354,0.7139629,0.7139813,0.7139677,0.640252,0.5900678,0.7145851,0.7145287,0.7144026,0.6154773,0.7149641,
0.7145745,0.7145569,0.7145362,0.7145118,0.7144461,0.714396,0.714395,0.7141174,0.7144815,0.7143472,0.7143223,0.5894321,0.7149687,0.7145281,0.7144197,0.7144325,0.7143834,0.7143891,0.7143352,0.7143048,0.71425,0.6412052,0.6410973,0.5883334,0.715194,0.714543,0.7145673,0.3557343,0.7135944,0.7136608,
0.7136959,0.7138061,0.713836,0.641256,0.7138802,0.713933,0.7139398,0.7139886,0.6410568,0.713763,0.7137799,0.7138406,0.7138891,0.7139298,0.7139381,0.7139766,0.6295658,0.7138721,0.7138954,0.7138954,0.7139087,0.7139669,0.7140155,0.7140103,0.7140005,0.7140164,0.7140133,0.7140188,0.7140454,0.7140453,
0.7140704,0.7140486,0.7140561,0.7140597,0.382783,0.7149088,0.7149004,0.7147983,0.7145659,0.714467,0.7144591,0.714402,0.7143489,0.7143355,0.7142878,0.714246,0.7142395,0.7142098,0.7142128,0.7141995,0.7141926,0.7141926,0.714175,0.7141842,0.7141742,0.7141725,0.7141467,0.714157,0.7141737,0.7141673,
0.7141287,0.7141231,0.714129,0.7141602,0.7141518,0.7141023,0.7140927,0.714108,0.7141294,0.714107,0.7141294,0.7141228,0.7141246,0.7141179,0.7140962,0.7140868,0.7141129,0.7141016,0.714103,0.7141055,0.7141065,0.7140962,0.7140964,0.7140996,0.714127,0.411153,0.7148454,0.7147177,0.2121314,0.7148253,
0.7146325,0.7145917,0.7145557,0.7145438,0.7144731,0.7144522,0.7143415,0.7143391,0.7142985,0.7142944,0.7142584,0.7142369,0.7142264,0.7142223,0.7141928,0.7142054,0.7141885,0.7141761,0.7141682,0.7141741,0.7141933,0.7141542,0.4113569,0.714774,0.7147424,0.7147202,0.7146766,0.7145963,0.7145281,0.7143837,
0.7143905,0.7143565,0.7143462,0.7142797,0.7142873,0.6702733,0.7148812,0.7146869,0.7144964,0.7144108,0.7144236,0.7143815,0.7143516,0.714373,0.7143434,0.7143064,0.7143078,0.7142963,0.7142694,0.7142607,0.714209,0.7142023,0.7141882,0.7141938,0.714187,0.2973112,0.7137114,0.7137581,0.7138394,0.7139044,
0.7139483,0.7139223,0.7140073,0.7140074,0.7140049,0.7140228,0.7140395,0.7140491,0.7140326,0.7140217,0.7140155,0.7140417,0.7140915,0.7140917,0.7140691,0.714067,0.714044,0.714063,0.7140611,0.7140936,0.7140783,0.7140655,0.1380033,0.7149209,0.7148318,0.7145469,0.7144755,0.7143676,0.714317,0.7143268,
0.7143083,0.7142951,0.7143013,0.7143026,0.714273,0.7142507,0.7142382,0.6397473,0.7138209,0.7138694,0.7139274,0.7139074,0.7139142,0.5869114,0.7137383,0.6067634,0.7151616,0.7149586,0.7149222,0.7147574,0.7146056,0.714595,0.7145569,0.7145071,0.7144692,0.7144432,0.7144071,0.7143828,0.7143757,0.7143748,
0.714361,0.7143455,0.7143202,0.7142977,0.7143135,0.7142868,0.7142795,0.6069931,0.7149081,0.7145873,0.7145531,0.5871293,0.7138183,0.7139227,0.7139298,0.713941,0.71399,0.7139947,0.6398755,0.7138039,0.71382,0.7139168,0.5870305,0.713803,0.713874,0.7138864,0.7138729,0.7138611,0.7138932,0.7138762,
0.7138622,0.7139603,0.7139788,0.7139656,0.7139493,0.5869555,0.7137445,0.6398817,0.7139286,0.7139879,0.7139843,0.7139909,0.7139868,0.7140111,0.2957645,0.6508375,0.7150246,0.7146189,0.7144721,0.7144601,0.6402915,0.7137324,0.7138041,0.7138609,0.7138273,0.5868129,0.7137644,0.7137622,0.7137871,0.7138687,
0.7138663,0.7139034,0.7138931,0.7138882,0.7139279,0.5870312,0.713851,0.6530095,0.7145966,0.7145456,0.7145377,0.7144222,0.7144007,0.4270184,0.6931393,0.7137799,0.7137799,0.6404062,0.7138045,0.7138762,0.7138561,0.7138886,0.7138929,0.5870615,0.7138295,0.713816,0.586975,0.6388077,0.7138644,0.652996,
0.7151072,0.7146459,0.6529297,0.6951091,0.5867963,0.693289,0.7138977,0.7138707,0.7138739,0.7139056,0.7139466,0.7139016,0.7139006,0.7140071,0.4267646,0.7136843,0.7137927,0.7137874,0.6946298,0.7138181,0.6406518,0.6400092,0.7138377,0.695049,0.713801,0.7139176,0.6957653,0.7137363,0.7138242,0.7138373,
0.7138998,0.7139388,0.6949879,0.6521893,0.6947426,0.7138626,0.713914,0.713912,0.7139706,0.6409324,0.6933147,0.6529479,0.6404908,0.7138685,0.6951619,0.7137892,0.6948507,0.7138289,0.713902,0.3052847,0.7149941,0.4266889,0.7138023,0.7139462,0.7139674,0.5867819,0.6932629,0.6933424,0.7138208,0.713886,
0.713925,0.7139305,0.713946,0.7139513,0.3052942,0.7151416,0.7149985,0.6946401,0.7138429,0.7138233,0.7139151,0.7139282,0.7138761,0.713937,0.7139444,0.713995,0.6955333,0.7139166,0.694549,0.7138809,0.7139174,0.7139285,0.6948663,0.7136986,0.7138301,0.6517243,0.4561243,0.7139301,0.4266731,0.6387259,
0.7137157,0.7138521,0.7139177,0.7139041,0.7138938,0.7139067,0.7139137,0.426776,0.7136624,0.7137749,0.7137755,0.7138271,0.4055109,0.7137845,0.7137868,0.4559964,0.7138162,0.1598932,0.7149881,0.7149004,0.7148401,0.71483,0.714754,0.714661,0.2993753,0.7137853,0.7138155,0.6947282,0.7138496,0.7138969,
0.7138907,0.713897,0.7139953,0.4266389,0.713791,0.7137859,0.7138079,0.7138662,0.7139102,0.7139379,0.7139131,0.7139264,0.713964,0.7140406,0.7140282,0.7140409,0.455873,0.7138253,0.7137954,0.7138128,0.7137961,0.7138737,0.1918192,0.7150061,0.7147425,0.6946764,0.7138755,0.6951465,0.7138527,0.7138776,
0.7139019,0.7139991,0.7139723,0.5953785,0.7137921,0.7138269,0.7138636,0.7138745,0.7139063,0.7138895,0.7138903,0.7139872,0.7139984,0.7140031,0.4561582,0.7136739,0.7137932,0.7025005,0.7149963,0.7149323,0.7147817,0.7147512,0.7147314,0.7144634,0.7144275,0.7143959,0.714362,0.7143707,0.7143409,0.7143155,
0.7143196,0.7142919,0.7142792,0.595224,0.7137004,0.7137073,0.4561326,0.7136806,0.7136763,0.7137872,0.713843,0.7138541,0.7138881,0.7138436,0.7139552,0.7139521,0.7139673,0.7140095,0.71404,0.7140268,0.7140221,0.7140242,0.7140289,0.7140465,0.7140617,0.7140543,0.714079,0.7140734,0.7140607,0.7029634,
0.7150634,0.7148101,0.7145649,0.7145546,0.7024003,0.7152396,0.5954101,0.7138004,0.7138011,0.3569615,0.7137901,0.7138259,0.7138309,0.5952503,0.7138337,0.7138291,0.7138449,0.7138437,0.7138952,0.7139403,0.7139646,0.7139894,0.2904186,0.2281599,0.6507081,0.7149787,0.7149628,0.702325,0.7150935,0.455883,
0.7136893,0.7137872,0.7138001,0.7138137,0.7138432,0.7138604,0.7138621,0.7138579,0.7138771,0.7138523,0.7139627,0.7139917,0.7140059,0.7140163,0.4555854,0.713674,0.7025065,0.5949413,0.7138306,0.7138597,0.7138647,0.7138544,0.5947024,0.7138157,0.5952473,0.7138514,0.7138821,0.7138947,0.7138953,0.7139217,
0.7139606,0.7139581,0.7023953,0.7151067,0.5949569,0.7137536,0.7138531,0.71384,0.7138712,0.71395,0.7139524,0.7139874,0.7026681,0.714893,0.714748,0.7145177,0.7145021,0.7144423,0.7144231,0.7143932,0.7143804,0.5948917,0.7138592,0.7138668,0.7139026,0.7138904,0.7140183,0.7140318,0.7140731,0.4558573,
0.7137648,0.713762,0.7025166,0.7148868,0.7148497,0.714722,0.7145845,0.5946648,0.7137544,0.7025527,0.7149493,0.2970925,0.7145917,0.7145535,0.7145293,0.7144483,0.7144402,0.714381,0.5706166,0.715442,0.7151811,0.7148209,0.7148001,0.7147789,0.714606,0.7144309,0.7143907,0.7143773,0.5951686,0.7136664,
0.7137575,0.7138365,0.5953959,0.713859,0.3827246,0.7138019,0.7138138,0.6345537,0.7137456,0.7137778,0.5949422,0.7137151,0.7138398,0.71387,0.7138752,0.7139087,0.7139787,0.7139828,0.7139809,0.7139972,0.7139996,0.5705773,0.7149959,0.1298974,0.7151646,0.7147969,0.7147819,0.5954695,0.7137756,0.7138254,
0.7138198,0.7138541,0.7138654,0.7138493,0.7138447,0.5708361,0.7150807,0.7149719,0.5954108,0.7137764,0.5951978,0.713815,0.7139443,0.5951313,0.7137939,0.7138236,0.7138489,0.6344778,0.7137913,0.7138644,0.713838,0.7139673,0.7139779,0.7139452,0.7139274,0.7139491,0.713986,0.7139493,0.7139947,0.7140205,
0.714048,0.7140525,0.7140555,0.634587,0.713765,0.7138208,0.7138265,0.7138605,0.7138495,0.6344459,0.7138571,0.7138679,0.7139155,0.59515,0.713782,0.713807,0.7138305,0.7138907,0.7139206,0.7139643,0.7139485,0.7139686,0.7140446,0.7140599,0.7140588,0.7140297,0.7140322,0.5951957,0.713836,0.7138147,
0.7138211,0.7139152,0.6342747,0.5947871,0.7138038,0.7138357,0.7138218,0.6345056,0.6345115,0.7137113,0.713799,0.6342343,0.7137191,0.7138368,0.7138265,0.7138407,0.7138449,0.7138253,0.7139337,0.7139043,0.7139651,0.7140021,0.7139876,0.7140287,0.7140257,0.713999,0.7140704,0.7140545,0.7140732,0.7141079,
0.7140734,0.7140992,0.7141017,0.7140864,0.7140874,0.7141009,0.714083,0.7140623,0.7140897,0.7141157,0.7140912,0.6349828,0.6341583,0.7136813,0.7138651,0.634286,0.7137264,0.7138551,0.7139246,0.7139532,0.3687447,0.6327168,0.7138144,0.6347532,0.7136676,0.6349022,0.7137673,0.7138892,0.7138866,0.7138911,
0.7139141,0.7139424,0.7139528,0.713971,0.7139512,0.7139655,0.7140469,0.7140297,0.7140304,0.7140323,0.6339938,0.713666,0.7137746,0.713855,0.6348277,0.6342698,0.7138565,0.7138202,0.6349585,0.7139055,0.7138783,0.7139015,0.6341627,0.7137843,0.1707148,0.7146174,0.3194893,0.3684481,0.7136803,0.71376,
0.7137921,0.7138052,0.7137817,0.7139104,0.7139889,0.7139744,0.7139847,0.7139881,0.7140223,0.7140195,0.5443717,0.31936,0.7136422,0.7137755,0.7137458,0.7138903,0.7139189,0.7139429,0.7139121,0.713935,0.7139167,0.7139359,0.7139443,0.7139283,0.7139457,0.7139574,0.6343871,0.7138258,0.3192798,0.7136555,
0.7137945,0.7138261,0.7137898,0.7137805,0.7137944,0.713931,0.7139314,0.7139832,0.7140069,0.7140012,0.714017,0.634302,0.7138174,0.7138751,0.7138523,0.7138561,0.7139104,0.7139679,0.7139222,0.3191914,0.4437593,0.7151143,0.7145584,0.7145725,0.7145044,0.7144738,0.7144021,0.7144201,0.7143616,0.7143516,
0.7142925,0.7142724,0.7142635,0.7142529,0.7142334,0.7142408,0.7142473,0.7142199,0.7142039,0.714203,0.7141582,0.7141685,0.7141908,0.7141961,0.7141711,0.7141476,0.7141215,0.7141241,0.7141441,0.7141393,0.7141314,0.7141138,0.7141057,0.7141275,0.7141485,0.7141135,0.7141226,0.7141077,0.7141092,0.7140913,
0.7140985,0.7141027,0.7141246,0.7141202,0.714133,0.7141328,0.7141197,0.7141558,0.71412,0.7141218,0.7141207,0.7141461,0.7141578,0.7141398,0.7141126,0.71409,0.7141224,0.7141181,0.7141315,0.7141157,0.7141351,0.7141305,0.7141261,0.7141358,0.4750393,0.7137488,0.7137402,0.7137502,0.7139459,0.7139158,
0.7139286,0.7139253,0.714002,0.7140034,0.7139998,0.713988,0.7140287,0.7140711,0.7140523,0.7140951,0.7140747,0.7140566,0.7140615,0.7140709,0.7141466,0.7140937,0.7140825,0.7140979,0.7141237,0.7141027,0.7141492,0.7141333,0.7141103,0.4756872,0.7138166,0.7138343,0.7138527,0.713866,0.713871,0.7138785,
0.7138789,0.7138757,0.7138616,0.7138776,0.6689495,0.7138386,0.7138794,0.713884,0.7138636,0.7138581,0.7138637,0.713877,0.7139099,0.713927,0.358582,0.7137801,0.7137681,0.7138021,0.7138033,0.7137985,0.7138168,0.7138059,0.7139406,0.7139466,0.7139258,0.7139322,0.7140542,0.7140347,0.7140474,0.7140577,
0.714074,0.7140413,0.7140664,0.7140627,0.7140602,0.3603268,0.7137231,0.7137326,0.7138817,0.7138875,0.7139285,0.7139204,0.7139464,0.7139741,0.7139948,0.7139642,0.7139584,0.7139745,0.7107608,0.7139703,0.3583786,0.7137679,0.7137928,0.6693528,0.7138317,0.7138404,0.7138241,0.7139686,0.7137527,0.714557,
0.7145045,0.7145168,0.7144736,0.7144127,0.708751,0.7138683,0.7138954,0.7139018,0.7138985,0.7139542,0.7139754,0.7140262,0.7140195,0.7140081,0.7140176,0.7140029,0.7140211,0.7140249,0.7140425,0.4578495,0.7137968,0.7138168,0.7138329,0.7138215,0.7138104,0.7138198,0.2155982,0.7149978,0.7149692,0.7148956,
0.7146291,0.7146161,0.714554,0.7145055,0.7145066,0.7085206,0.0916964,0.7147076,0.7146776,0.7145767,0.7144992,0.7143774,0.7143041,0.7143312,0.708137,0.713863,0.7138547,0.3894312,0.7070532,0.7137959,0.713863,0.7139146,0.7139134,0.7139489,0.7139847,0.7140092,0.7140081,0.7140277,0.7140428,0.7140514,
0.7140499,0.7140918,0.7140877,0.714094,0.7140791,0.7140661,0.7141022,0.3266227,0.7136054,0.71377,0.7138317,0.7138327,0.713859,0.713947,0.7139794,0.7139797,0.7140225,0.7139673,0.708384,0.7139311,0.7139179,0.713928,0.7139633,0.7139428,0.7139367,0.7139681,0.7139676,0.5709666,0.7151498,0.7145361,
0.714512,0.7144902,0.7144952,0.7144412,0.7143884,0.7144079,0.4972808,0.7137597,0.7137771,0.7137948,0.7139089,0.7139013,0.7139251,0.7139421,0.7139525,0.0910572,0.7146401,0.714601,0.3268161,0.7136756,0.7137523,0.7138347,0.7138194,0.7138013,0.7138628,0.7138616,0.7139612,0.713981,0.7139722,0.7139905,
0.714003,0.7139992,0.7140422,0.7140121,0.7140117,0.7140717,0.7140548,0.7140582,0.7140508,0.4972485,0.7136144,0.7137293,0.7138304,0.7138428,0.7138653,0.7138925,0.7138743,0.7138545,0.3210364,0.7136979,0.7137998,0.7138276,0.7138475,0.7139428,0.7139091,0.713881,0.666261,0.7148575,0.7147106,0.714545,
