0.04159176,0.0233493,0.03501233,0.04981658,0.08650976,0.03616471,0.023114,0.06895578,0.07220644,0.04513688,0.07759978,0.04987184,0.07276602,0.02347223,0.09620471,0.06894945,0.09787107,0.06444307,0.05298409,0.07031856,0.02388928,0.01426365,0.08322229,0.047385,0.09738453,0.04962184,0.05820516,0.008160866,0.01494739,0.05008939,
0.05298409,0.05820516,0.04987184,0.05008939,0.047385,0.05298409,0.09787107,0.02347223,0.023114,0.02347223,0.05276424,0.023114,0.07031856,0.03501233,0.03973513,0.04987184,0.03501233,0.04159176,0.023114,0.07759978,0.05820516,0.09738453,0.04159176,0.04981658,0.008160866,0.04981658,0.02347223,0.05820516,0.023114,0.02388928,
0.03501233,0.04981658,0.04987184,0.09787107,0.07031856,0.023114,0.09787107,0.023114,0.05820516,0.023114,0.03501233,0.02347223,0.05820516,0.04981658,0.07031856,0.05008939,0.04981658,0.04987184,0.02347223,0.023114,0.07031856,0.04987184,0.05820516,0.023114,0.05820516,0.02388928,0.02182447,0.02347223,0.05820516,0.05820516,
0.07031856,0.03501233,0.023114,0.05008939,0.05820516,0.05008939,0.02347223,0.04987184,0.04987184,0.04987184,0.02182447,0.07031856,0.05820516,0.04987184,0.05820516,0.04981658,0.05820516,0.05820516,0.03501233,0.05820516,0.07031856,0.023114,0.05820516,0.05820516,0.07031856,0.05820516,0.023114,0.02347223,0.05820516,0.02182447,
0.07031856,0.03501233,0.05820516,0.05820516,0.05820516,0.07031856,0.05008939,0.04987184,0.05820516,0.03501233,0.03501233,0.05820516,0.02182447,0.05820516,0.05820516,0.04987184,0.05820516,0.023114,0.05008939,0.03501233,0.03501233,0.07031856,0.03265281,0.05008939,0.05820516,0.006717015,0.04987184,0.05820516,0.05820516,0.05820516,
0.04987184,0.03501233,0.05820516,0.05820516,0.03501233,0.05820516,0.05820516,0.05820516,0.05820516,0.03501233,0.05008939,0.04987184,0.07031856,0.07031856,0.05820516,0.05820516,0.05820516,0.05820516,0.03501233,0.07031856,0.04987184,0.05820516,0.007590794,0.07031856,0.05820516,0.05820516,0.03501233,0.05008939,0.03501233,0.05820516,
0.04987184,0.05820516,0.03501233,0.05820516,0.03501233,0.05820516,0.04987184,0.05820516,0.07686267,0.03501233,0.05008939,0.03501233,0.05820516,0.05820516,0.007590794,0.05820516,0.05820516,0.05820516,0.05820516,0.01826917,0.05820516,0.05820516,0.07031856,0.05820516,0.04987184,0.03501233,0.07031856,0.05820516,0.07031856,0.03501233,
0.05820516,0.03501233,0.07031856,0.05008939,0.05820516,0.03501233,0.07031856,0.05008939,0.05820516,0.05820516,0.07031856,0.05008939,0.07031856,0.06666062,0.04987184,0.04987184,0.03501233,0.05820516,0.05820516,0.03501233,0.05820516,0.07031856,0.03501233,0.05820516,0.05820516,0.05820516,0.05820516,0.05820516,0.07031856,0.03501233,
0.03501233,0.03501233,0.07031856,0.04987184,0.03501233,0.03501233,0.05820516,0.07031856,0.05820516,0.05008939,0.03501233,0.03501233,0.05820516,0.05820516,0.05820516,0.04987184,0.07031856,0.07031856,0.03501233,0.03501233,0.05820516,0.05008939,0.05820516,0.05820516,0.07031856,0.05820516,0.05008939,0.06666062,0.05008939,0.05820516,
0.03501233,0.03501233,0.05820516,0.05820516,0.03501233,0.03501233,0.03501233,0.04987184,0.07031856,0.05820516,0.03501233,0.03501233,0.03501233,0.07031856,0.06666062,0.05820516,0.06666062,0.06666062,0.03501233,0.05008939,0.03501233,0.05820516,0.05820516,0.07031856,0.03501233,0.03501233,0.03501233,0.05820516,0.07031856,0.03501233,
0.03501233,0.07031856,0.03501233,0.07031856,0.03501233,0.05820516,0.05820516,0.03501233,0.03501233,0.05820516,0.03501233,0.03501233,0.03501233,0.03501233,0.03501233,0.0637051,0.05820516,0.03501233,0.03501233,0.03501233,0.05820516,0.03501233,0.05820516,0.03501233,0.03501233,0.05196406,0.07031856,0.07031856,0.04987184,0.05820516,
0.05820516,0.03501233,0.05196406,0.03501233,0.03501233,0.05820516,0.05820516,0.03501233,0.05820516,0.03501233,0.03501233,0.03501233,0.05820516,0.03501233,0.05820516,0.07031856,0.05820516,0.09818333,0.03501233,0.03501233,0.03501233,0.07031856,0.03501233,0.03501233,0.0637051,0.05196406,0.03501233,0.03501233,0.03501233,0.07031856,
0.05196406,0.03501233,0.03501233,0.03501233,0.05820516,0.01659935,0.05196406,0.03501233,0.05820516,0.07031856,0.03501233,0.03501233,0.0637051,0.05820516,0.07031856,0.05820516,0.0637051,0.05820516,0.03501233,0.05820516,0.07031856,0.03501233,0.03501233,0.03501233,0.03501233,0.03501233,0.03501233,0.05196406,0.03501233,0.05820516,
0.05820516,0.03501233,0.05820516,0.03501233,0.03501233,0.03501233,0.07031856,0.06588273,0.02288728,0.03501233,0.03501233,0.0637051,0.03501233,0.03501233,0.07031856,0.07031856,0.07031856,0.03501233,0.07031856,0.05820516,0.05196406,0.03501233,0.07031856,0.05820516,0.03501233,0.03501233,0.08746971,0.03501233,0.07031856,0.0637051,
0.0637051,0.03501233,0.07031856,0.05112872,0.0637051,0.03501233,0.07954121,0.05820516,0.03501233,0.03501233,0.03501233,0.03501233,0.03501233,0.07031856,0.03501233,0.07031856,0.05820516,0.07031856,0.03501233,0.05820516,0.05820516,0.07031856,0.03501233,0.0637051,0.03501233,0.0637051,0.03501233,0.03501233,0.08746971,0.07031856,
0.03501233,0.07031856,0.03501233,0.03501233,0.03501233,0.03501233,0.05112872,0.07031856,0.03501233,0.05820516,0.07954121,0.03501233,0.0637051,0.03501233,0.07031856,0.03501233,0.07031856,0.03501233,0.03501233,0.05820516,0.0637051,0.07031856,0.05820516,0.03501233,0.03501233,0.03501233,0.03501233,0.03501233,0.03501233,0.07031856,
0.05820516,0.07031856,0.03501233,0.07031856,0.0715905,0.02757945,0.07031856,0.03501233,0.07031856,0.07031856,0.05820516,0.03501233,0.05820516,0.07031856,0.07031856,0.03501233,0.05820516,0.03501233,0.07031856,0.03501233,0.03501233,0.03501233,0.03501233,0.07031856,0.05820516,0.03501233,0.03501233,0.07954121,0.05820516,0.07031856,
0.03501233,0.07031856,0.03501233,0.07031856,0.03501233,0.07031856,0.03501233,0.07031856,0.07031856,0.03501233,0.03501233,0.03501233,0.07031856,0.05820516,0.07031856,0.05820516,0.07031856,0.07031856,0.05820516,0.07031856,0.03501233,0.03501233,0.05820516,0.008941889,0.03501233,0.05820516,0.05820516,0.05820516,0.07031856,0.05820516,
0.07031856,0.07031856,0.07031856,0.07031856,0.05820516,0.03501233,0.07031856,0.05820516,0.07031856,0.09199236,0.05820516,0.05820516,0.03501233,0.05820516,0.03501233,0.03501233,0.05820516,0.07031856,0.03501233,0.05820516,0.03501233,0.07031856,0.07031856,0.01777837,0.05820516,0.07031856,0.07031856,0.03501233,0.07031856,0.03501233,
0.07031856,0.07031856,0.03501233,0.07031856,0.03501233,0.07031856,0.07031856,0.09199236,0.03501233,0.03501233,0.01777837,0.03501233,0.03501233,0.07031856,0.03501233,0.05820516,0.07031856,0.07031856,0.07031856,0.05820516,0.07031856,0.05820516,0.03501233,0.05820516,0.09199236,0.03501233,0.006881488,0.05820516,0.07031856,0.05820516,
0.05820516,0.07031856,0.03501233,0.05820516,0.07031856,0.03501233,0.07031856,0.03501233,0.09199236,0.05820516,0.07031856,0.03501233,0.01777837,0.03501233,0.03501233,0.006881488,0.05820516,0.07031856,0.07031856,0.07031856,0.006881488,0.05820516,0.05820516,0.05820516,0.07031856,0.07031856,0.05820516,0.006881488,0.07031856,0.03501233,
0.07031856,0.03501233,0.07031856,0.05820516,0.05820516,0.07031856,0.05820516,0.07031856,0.006881488,0.006881488,0.07031856,0.01777837,0.07031856,0.05820516,0.03501233,0.05820516,0.05820516,0.07031856,0.05820516,0.09199236,0.07031856,0.07031856,0.07031856,0.05820516,0.03501233,0.05820516,0.07031856,0.05820516,0.01777837,0.03501233,
0.07031856,0.05820516,0.03501233,0.09199236,0.05820516,0.05820516,0.03501233,0.07031856,0.07031856,0.07031856,0.01777837,0.05820516,0.05820516,0.05820516,0.08037303,0.05820516,0.05820516,0.006881488,0.07031856,0.07031856,0.07031856,0.03501233,0.006881488,0.006881488,0.01777837,0.05820516,0.09199236,0.07031856,0.05820516,0.05820516,
0.07031856,0.03501233,0.07031856,0.07031856,0.006881488,0.05820516,0.01777837,0.09199236,0.05820516,0.08037303,0.05820516,0.05820516,0.05820516,0.03501233,0.03501233,0.01777837,0.03501233,0.05820516,0.07031856,0.07031856,0.03501233,0.07031856,0.03501233,0.08805908,0.05820516,0.07031856,0.03501233,0.006881488,0.07031856,0.0657924,
0.03501233,0.05820516,0.07031856,0.07031856,0.08037303,0.03501233,0.07031856,0.05820516,0.0657924,0.0833604,0.05820516,0.05820516,0.03501233,0.03501233,0.03501233,0.05820516,0.01777837,0.01777837,0.009846294,0.006881488,0.03501233,0.05820516,0.08805908,0.05820516,0.07031856,0.07031856,0.09199236,0.006881488,0.07031856,0.05820516,
0.0657924,0.006881488,0.01777837,0.006881488,0.03501233,0.05820516,0.009846294,0.07031856,0.0833604,0.01777837,0.0657924,0.006881488,0.08677166,0.01777837,0.05820516,0.07031856,0.05820516,0.05820516,0.05820516,0.05820516,0.07031856,0.0679139,0.05820516,0.05820516,0.05820516,0.03501233,0.01777837,0.05177391,0.05820516,0.08805908,
0.0657924,0.006881488,0.05820516,0.07031856,0.07031856,0.08677166,0.05820516,0.05820516,0.08677166,0.006881488,0.05820516,0.05820516,0.01777837,0.05820516,0.05820516,0.0679139,0.05820516,0.03501233,0.006881488,0.05820516,0.0833604,0.0657924,0.08805908,0.006881488,0.05820516,0.05177391,0.0657924,0.07340489,0.01777837,0.05820516,
0.05820516,0.006881488,0.01777837,0.05820516,0.0657924,0.08677166,0.05820516,0.0679139,0.006881488,0.0833604,0.006881488,0.006881488,0.01414694,0.05820516,0.01777837,0.006881488,0.006881488,0.05820516,0.05820516,0.05820516,0.006881488,0.08805908,0.05820516,0.01777837,0.05820516,0.07031856,0.01777837,0.01777837,0.006881488,0.08677166,
0.0679139,0.006881488,0.006881488,0.01777837,0.006881488,0.05820516,0.0657924,0.0833604,0.05820516,0.01414694,0.08805908,0.01777837,0.0679139,0.01777837,0.08677166,0.08677166,0.05820516,0.006881488,0.01777837,0.006881488,0.01777837,0.006881488,0.08805908,0.05820516,0.09854236,0.05820516,0.07031856,0.0679139,0.08677166,0.006881488,
0.05820516,0.09854236,0.0657924,0.006881488,0.05820516,0.006881488,0.01414694,0.08805908,0.006881488,0.05820516,0.07031856,0.05820516,0.006881488,0.0679139,0.0657924,0.01777837,0.05820516,0.01414694,0.05820516,0.006881488,0.006881488,0.07031856,0.006881488,0.006881488,0.05820516,0.006881488,0.08677166,0.006881488,0.01777837,0.006881488,
0.08805908,0.006881488,0.01777837,0.01414694,0.0657924,0.01414694,0.05820516,0.08677166,0.08677166,0.05820516,0.05820516,0.08677166,0.006881488,0.006881488,0.05820516,0.006881488,0.006881488,0.05820516,0.05820516,0.006881488,0.006881488,0.006881488,0.07031856,0.05820516,0.006881488,0.006881488,0.05820516,0.05820516,0.0657924,0.05820516,
0.0657924,0.01414694,0.006881488,0.05820516,0.006881488,0.05820516,0.0657924,0.08677166,0.08784238,0.05820516,0.08677166,0.05820516,0.01414694,0.05820516,0.006881488,0.006881488,0.05820516,0.006881488,0.05820516,0.08677166,0.05820516,0.006881488,0.05820516,0.006881488,0.0657924,0.006881488,0.05820516,0.01414694,0.006881488,0.08805908,
0.05820516,0.08677166,0.0359084,0.05820516,0.0657924,0.08784238,0.08677166,0.05820516,0.006881488,0.006881488,0.08677166,0.006881488,0.05820516,0.05820516,0.006881488,0.06580668,0.006881488,0.006881488,0.05820516,0.006881488,0.0657924,0.006881488,0.08784238,0.006881488,0.05820516,0.006881488,0.006881488,0.05820516,0.006881488,0.05820516,
0.05820516,0.05820516,0.05820516,0.0709306,0.0657924,0.006881488,0.006881488,0.006881488,0.05820516,0.006881488,0.05820516,0.006881488,0.006881488,0.006881488,0.006881488,0.006881488,0.006881488,0.006881488,0.05820516,0.05820516,0.08784238,0.006881488,0.08677166,0.0359084,0.0657924,0.006881488,0.006881488,0.006881488,0.08677166,0.006881488,
0.05820516,0.05820516,0.01407133,0.08677166,0.08677166,0.01948905,0.05976452,0.006881488,0.006881488,0.006881488,0.006881488,0.05820516,0.006881488,0.0359084,0.0359084,0.006881488,0.05820516,0.006881488,0.006881488,0.0709306,0.05820516,0.05820516,0.05820516,0.05820516,0.006881488,0.08677166,0.006881488,0.006881488,0.006881488,0.006881488,
0.006881488,0.05976452,0.08677166,0.05820516,0.006881488,0.006881488,0.01407133,0.00743841,0.01407133,0.08677166,0.05820516,0.0709306,0.006881488,0.05820516,0.05820516,0.006881488,0.05820516,0.006881488,0.05820516,0.006881488,0.006881488,0.006881488,0.05976452,0.006881488,0.08677166,0.006881488,0.0709306,0.006881488,0.08677166,0.006881488,
0.05820516,0.006881488,0.006881488,0.08677166,0.05820516,0.08677166,0.006881488,0.08677166,0.09228069,0.0709306,0.05820516,0.006881488,0.05820516,0.006881488,0.006881488,0.006881488,0.05976452,0.05820516,0.05976452,0.01407133,0.05820516,0.01407133,0.02528702,0.006881488,0.006881488,0.006881488,0.006881488,0.05820516,0.01407133,0.006881488,
0.05820516,0.08677166,0.006881488,0.01407133,0.07880457,0.09228069,0.05820516,0.006881488,0.006881488,0.006881488,0.006881488,0.01407133,0.05820516,0.05820516,0.006881488,0.006881488,0.01407133,0.006881488,0.006881488,0.05820516,0.07979696,0.08677166,0.08677166,0.006881488,0.07489439,0.006881488,0.006881488,0.006881488,0.01407133,0.006881488,
0.006881488,0.07489439,0.006881488,0.006881488,0.006881488,0.006881488,0.07489439,0.08677166,0.006881488,0.006881488,0.05820516,0.01407133,0.006881488,0.01407133,0.006881488,0.006881488,0.08677166,0.05820516,0.07979696,0.05820516,0.01407133,0.05820516,0.02380334,0.006881488,0.006881488,0.07880457,0.05820516,0.006881488,0.05820516,0.05820516,
0.01407133,0.006881488,0.05820516,0.05820516,0.05820516,0.07843983,0.01407133,0.05820516,0.05820516,0.07489439,0.006881488,0.006881488,0.05820516,0.07979696,0.02380334,0.05820516,0.006881488,0.07489439,0.07880457,0.08677166,0.006881488,0.07979696,0.01407133,0.01407133,0.07489439,0.006881488,0.07979696,0.07489439,0.01407133,0.006881488,
0.07843983,0.08677166,0.02380334,0.006881488,0.006881488,0.05820516,0.01407133,0.05820516,0.01407133,0.05820516,0.006881488,0.05820516,0.07489439,0.006881488,0.006881488,0.01407133,0.07489439,0.006881488,0.07979696,0.07979696,0.01407133,0.05820516,0.05820516,0.006881488,0.05820516,0.006881488,0.05820516,0.006881488,0.05820516,0.07489439,
0.05820516,0.006881488,0.07489439,0.01407133,0.07843983,0.05820516,0.05820516,0.01407133,0.07489439,0.07489439,0.01407133,0.006881488,0.01407133,0.05820516,0.05820516,0.006881488,0.07979696,0.07489439,0.05820516,0.006881488,0.07489439,0.05820516,0.05820516,0.006881488,0.006881488,0.07489439,0.05820516,0.006881488,0.01407133,0.006881488,
0.006881488,0.01407133,0.07489439,0.01407133,0.006881488,0.07843983,0.006881488,0.05820516,0.006881488,0.07489439,0.07979696,0.006881488,0.01407133,0.05820516,0.08137629,0.07489439,0.07489439,0.006881488,0.006881488,0.07489439,0.01407133,0.01407133,0.05820516,0.006881488,0.06485732,0.01407133,0.006881488,0.01407133,0.006881488,0.07489439,
0.006881488,0.08137629,0.006881488,0.07489439,0.006881488,0.07489439,0.06485732,0.07979696,0.006881488,0.006881488,0.01407133,0.006881488,0.006881488,0.01407133,0.07084582,0.006881488,0.08137629,0.07843983,0.006881488,0.07489439,0.006881488,0.01407133,0.006881488,0.08137629,0.07489439,0.07489439,0.01407133,0.006881488,0.006881488,0.006881488,
0.006881488,0.07489439,0.006881488,0.07489439,0.006881488,0.006881488,0.07979696,0.006881488,0.006881488,0.006881488,0.01407133,0.006881488,0.07489439,0.06485732,0.006881488,0.006881488,0.01407133,0.07979696,0.006881488,0.08137629,0.08137629,0.006881488,0.006881488,0.006881488,0.01407133,0.08137629,0.006881488,0.01407133,0.006881488,0.006881488,
0.01407133,0.08137629,0.006881488,0.006881488,0.006881488,0.006881488,0.006881488,0.006881488,0.07489439,0.006881488,0.06485732,0.01407133,0.006881488,0.006881488,0.01407133,0.006881488,0.006881488,0.006881488,0.006881488,0.006881488,0.006881488,0.006881488,0.01407133,0.006881488,0.08137629,0.07489439,0.07028922,0.08137629,0.006881488,0.08137629,
0.006881488,0.006881488,0.006881488,0.006881488,0.07489439,0.08137629,0.01407133,0.08137629,0.07489439,0.006881488,0.006881488,0.006881488,0.006881488,0.006881488,0.01407133,0.08137629,0.006881488,0.006881488,0.006881488,0.07489439,0.01407133,0.006881488,0.006881488,0.006881488,0.07489439,0.006881488,0.01407133,0.07489439,0.06485732,0.01407133,
0.006881488,0.006881488,0.006881488,0.006881488,0.006881488,0.08137629,0.006881488,0.08137629,0.006881488,0.01407133,0.006881488,0.08137629,0.006881488,0.01407133,0.006881488,0.01407133,0.006881488,0.006881488,0.006881488,0.05881255,0.006881488,0.006881488,0.01407133,0.006881488,0.07489439,0.006881488,0.07489439,0.006881488,0.01407133,0.006881488,
0.006881488,0.01407133,0.006881488,0.05881255,0.02045149,0.006881488,0.08137629,0.006881488,0.006881488,0.006881488,0.006881488,0.006881488,0.01407133,0.006881488,0.006881488,0.006881488,0.006881488,0.01407133,0.006881488,0.07489439,0.006881488,0.006881488,0.01407133,0.08137629,0.05881255,0.006881488,0.05881255,0.08137629,0.006881488,0.07489439,
0.05881255,0.006881488,0.02045149,0.05881514,0.01407133,0.02045149,0.006881488,0.05881255,0.01407133,0.006881488,0.05881255,0.05525602,0.01407133,0.006881488,0.006881488,0.08137629,0.08137629,0.006881488,0.006881488,0.004539013,0.006881488,0.08137629,0.006881488,0.006881488,0.006881488,0.07489439,0.006881488,0.07489439,0.05881255,0.05881255,
0.006881488,0.05881255,0.05881255,0.05881514,0.05525602,0.05881255,0.07489439,0.05881255,0.05881255,0.006881488,0.05881255,0.05525602,0.006881488,0.006881488,0.01407133,0.05881255,0.02045149,0.05881255,0.01407133,0.05525602,0.004539013,0.08137629,0.06344793,0.05525602,0.006881488,0.08137629,0.02045149,0.006881488,0.02045149,0.006881488,
0.05881255,0.006881488,0.006881488,0.06896464,0.05881255,0.004539013,0.05881255,0.006881488,0.05881255,0.05881255,0.006881488,0.05881255,0.05525602,0.05881255,0.01407133,0.05881255,0.006881488,0.05881255,0.006881488,0.006881488,0.004539013,0.05881255,0.05525602,0.05881255,0.02045149,0.01407133,0.05881255,0.07489439,0.05525602,0.006881488,
0.05881255,0.006881488,0.002641285,0.004539013,0.05881255,0.05881255,0.05881255,0.05525602,0.05525602,0.05881255,0.05881255,0.05881255,0.004539013,0.05881255,0.004539013,0.05525602,0.006881488,0.05881255,0.05881255,0.006881488,0.05881255,0.05881255,0.05881255,0.05881255,0.05881255,0.006117308,0.05525602,0.05881255,0.02045149,0.006881488,
0.006117308,0.05525602,0.05881255,0.07288951,0.002641285,0.05881255,0.05881255,0.004539013,0.002641285,0.006881488,0.004539013,0.05881255,0.05881255,0.006881488,0.002641285,0.05881255,0.05881255,0.05774784,0.05525602,0.05881255,0.006117308,0.05881255,0.05881255,0.05881255,0.05525602,0.05881255,0.05881255,0.05881255,0.05881255,0.05881255,
0.05881255,0.05881255,0.006117308,0.05881255,0.03001724,0.05881255,0.05881255,0.05881255,0.05881255,0.05881255,0.05774784,0.05881255,0.05881255,0.07288951,0.004539013,0.05881255,0.006117308,0.05881255,0.05525602,0.05881255,0.006117308,0.04218815,0.05881255,0.05881255,0.05881255,0.05881255,0.002641285,0.05881255,0.05881255,0.006881488,
0.05881255,0.05881255,0.05525602,0.006117308,0.006117308,0.05881255,0.03001724,0.05525602,0.006117308,0.05881255,0.006117308,0.04218815,0.05881255,0.05881255,0.05881255,0.07288951,0.09292368,0.05881255,0.006117308,0.05881255,0.04218815,0.05881255,0.05881255,0.05881255,0.05881255,0.05525602,0.05881255,0.05881255,0.05881255,0.05881255,
0.05881255,0.05881255,0.006117308,0.05881255,0.05881255,0.05881255,0.05525602,0.05881255,0.07288951,0.05881255,0.09292368,0.006117308,0.05881255,0.05881255,0.05525602,0.006117308,0.04218815,0.006117308,0.09292368,0.05881255,0.006117308,0.05525602,0.05881255,0.05881255,0.05881255,0.05881255,0.06842504,0.05881255,0.04218815,0.05881255,
0.006117308,0.05881255,0.006117308,0.006117308,0.05881255,0.08318304,0.05881255,0.05881255,0.05246958,0.05881255,0.05881255,0.006117308,0.05881255,0.05881255,0.05881255,0.04218815,0.05881255,0.05881255,0.05881255,0.05881255,0.05881255,0.07288951,0.05881255,0.06842504,0.04218815,0.09292368,0.05881255,0.05881255,0.09292368,0.04218815,
0.08318304,0.05881255,0.05881255,0.006117308,0.006117308,0.05881255,0.05881255,0.09398126,0.05881255,0.05881255,0.05881255,0.0118258,0.05881255,0.05881255,0.05246958,0.05881255,0.05881255,0.09292368,0.05881255,0.006117308,0.05881255,0.006117308,0.05881255,0.05881255,0.05881255,0.006117308,0.04218815,0.05881255,0.05881255,0.05881255,
0.006117308,0.04218815,0.05881255,0.05881255,0.09398126,0.006117308,0.05881255,0.006117308,0.05881255,0.05881255,0.05436766,0.08318304,0.05881255,0.006117308,0.006117308,0.05881255,0.0118258,0.09292368,0.05881255,0.05881255,0.006117308,0.05881255,0.05881255,0.05881255,0.05881255,0.05881255,0.09475465,0.05881255,0.05881255,0.07177426,
0.05881255,0.0118258,0.05881255,0.05881255,0.05881255,0.09292368,0.05881255,0.05881255,0.05881255,0.09292368,0.08318304,0.05881255,0.05881255,0.05881255,0.05881255,0.05881255,0.05881255,0.006117308,0.05881255,0.05881255,0.08318304,0.09398126,0.0325222,0.05881255,0.05881255,0.09398126,0.05881255,0.05881255,0.05881255,0.006117308,
0.0118258,0.05881255,0.0118258,0.05881255,0.05881255,0.09292368,0.05881255,0.09292368,0.05881255,0.01320924,0.0118258,0.006117308,0.0425329,0.05881255,0.05881255,0.006117308,0.09398126,0.05881255,0.008468032,0.05881255,0.09398126,0.09398126,0.05881255,0.05881255,0.05881255,0.0118258,0.09398126,0.05881255,0.09398126,0.05881255,
0.05881255,0.09398126,0.09398126,0.05881255,0.0118258,0.09292368,0.05881255,0.04028478,0.0118258,0.05881255,0.006117308,0.05881255,0.05881255,0.09398126,0.05881255,0.05881255,0.0118258,0.01320924,0.006117308,0.006117308,0.05881255,0.09292368,0.05881255,0.05881255,0.05881255,0.0425329,0.0118258,0.008468032,0.05881255,0.05881255,
0.006117308,0.0425329,0.04140679,0.05881255,0.05881255,0.05881255,0.05881255,0.05881255,0.05881255,0.09292368,0.04927525,0.05881255,0.008468032,0.0118258,0.001649368,0.03967483,0.005884421,0.05881255,0.0118258,0.006117308,0.09398126,0.05881255,0.01320924,0.05881255,0.0118258,0.09398126,0.09398126,0.05881255,0.05881255,0.0118258,
0.05881255,0.008468032,0.0118258,0.07049499,0.01320924,0.006117308,0.0118258,0.04140679,0.05881255,0.06170582,0.09398126,0.05881255,0.05881255,0.09398126,0.08047229,0.005884421,0.05881255,0.0118258,0.05881255,0.001649368,0.05881255,0.008468032,0.01320924,0.0118258,0.05881255,0.0118258,0.05881255,0.005884421,0.09398126,0.0118258,
0.09398126,0.05881255,0.07734672,0.005884421,0.06170582,0.02804436,0.05881255,0.06170582,0.06170582,0.05881255,0.05881255,0.001649368,0.05881255,0.05881255,0.07049499,0.05881255,0.09398126,0.05881255,0.0118258,0.001649368,0.05881255,0.05881255,0.02145634,0.05881255,0.07049499,0.0118258,0.008468032,0.05881255,0.0118258,0.03211454,
0.001649368,0.05881255,0.05881255,0.05881255,0.05881255,0.05881255,0.05881255,0.001649368,0.05881255,0.05881255,0.09398126,0.07049499,0.0118258,0.05881255,0.07049499,0.09398126,0.07049499,0.001649368,0.001649368,0.005884421,0.05881255,0.07049499,0.05881255,0.09398126,0.06170582,0.05881255,0.05881255,0.05881255,0.05881255,0.05881255,
0.07049499,0.05881255,0.09398126,0.07049499,0.05881255,0.05881255,0.05881255,0.05881255,0.05881255,0.05881255,0.05881255,0.05881255,0.05881255,0.05881255,0.09398126,0.07774227,0.0118258,0.05881255,0.06455519,0.0118258,0.09398126,0.001649368,0.09705124,0.001649368,0.07049499,0.07049499,0.05881255,0.05881255,0.05881255,0.001649368,
0.07774227,0.0118258,0.05881255,0.001649368,0.07049499,0.001649368,0.07049499,0.06455519,0.05881255,0.0118258,0.05881255,0.05881255,0.05881255,0.05881255,0.05881255,0.05881255,0.05881255,0.05881255,0.07049499,0.07049499,0.07049499,0.05881255,0.07049499,0.05881255,0.07774227,0.07774227,0.0118258,0.07049499,0.05881255,0.0118258,
0.0118258,0.07049499,0.0118258,0.0118258,0.07049499,0.05881255,0.05881255,0.05881255,0.05881255,0.07049499,0.05881255,0.07049499,0.07774227,0.05881255,0.001649368,0.0118258,0.07049499,0.05881255,0.05881255,0.05881255,0.05881255,0.07774227,0.07049499,0.05881255,0.05881255,0.05881255,0.06455519,0.07774227,0.0118258,0.001649368,
0.0118258,0.07774227,0.05881255,0.07049499,0.0118258,0.07049499,0.001649368,0.07049499,0.05881255,0.0118258,0.07774227,0.0118258,0.05881255,0.07774227,0.07049499,0.07774227,0.05881255,0.0118258,0.05881255,0.05881255,0.07774227,0.05881255,0.05881255,0.05881255,0.0118258,0.05881255,0.05881255,0.05881255,0.05881255,0.0118258,
0.0118258,0.05881255,0.07774227,0.07049499,0.05881255,0.05881255,0.07774227,0.05881255,0.0118258,0.05881255,0.0118258,0.0118258,0.0118258,0.05881255,0.0118258,0.0118258,0.05881255,0.0118258,0.05881255,0.0118258,0.05881255,0.0118258,0.07774227,0.07049499,0.07049499,0.0118258,0.07049499,0.05881255,0.05881255,0.0118258,
0.0118258,0.05881255,0.07774227,0.05881255,0.0118258,0.05881255,0.05881255,0.0118258,0.0118258,0.0118258,0.07049499,0.07774227,0.07774227,0.05881255,0.0118258,0.0118258,0.05881255,0.05881255,0.05881255,0.0118258,0.05881255,0.07049499,0.0791456,0.0118258,0.0118258,0.0118258,0.0118258,0.07049499,0.0118258,0.0118258,
0.0118258,0.05881255,0.05881255,0.07049499,0.05881255,0.07117819,0.07049499,0.07774227,0.07049499,0.0118258,0.07149421,0.0118258,0.05881255,0.05881255,0.05881255,0.05881255,0.07774227,0.05881255,0.07774227,0.05881255,0.05881255,0.07774227,0.07236506,0.07049499,0.05881255,0.05881255,0.05881255,0.02624154,0.05881255,0.0118258,
0.05881255,0.05881255,0.07774227,0.07149421,0.07049499,0.07117819,0.07774227,0.07117819,0.07774227,0.07117819,0.05881255,0.05881255,0.0118258,0.05881255,0.07774227,0.05881255,0.05881255,0.07149421,0.05881255,0.07049499,0.07774227,0.05881255,0.05881255,0.05881255,0.07049499,0.07049499,0.07774227,0.0118258,0.0118258,0.07774227,
0.05881255,0.05881255,0.05881255,0.07117819,0.07774227,0.07774227,0.07774227,0.07049499,0.0118258,0.07774227,0.07117819,0.07049499,0.07049499,0.07774227,0.05881255,0.07117819,0.0118258,0.07774227,0.05881255,0.07049499,0.05881255,0.07049499,0.07774227,0.0118258,0.07774227,0.07117819,0.05881255,0.0008706689,0.07117819,0.05881255,
0.0008706689,0.07117819,0.07049499,0.07774227,0.07049499,0.07774227,0.0118258,0.07049499,0.07049499,0.07049499,0.07049499,0.05881255,0.07117819,0.0118258,0.07049499,0.07049499,0.07774227,0.05881255,0.07774227,0.07774227,0.07774227,0.07774227,0.05881255,0.07774227,0.07774227,0.04514565,0.07049499,0.07774227,0.05881255,0.05881255,
0.05881255,0.05881255,0.07117819,0.07774227,0.07049499,0.07774227,0.07117819,0.07774227,0.07049499,0.0118258,0.07774227,0.07774227,0.07049499,0.07774227,0.07774227,0.05881255,0.07117819,0.06591522,0.0118258,0.05881255,0.08644575,0.0118258,0.07049499,0.07774227,0.0118258,0.04514565,0.07117819,0.07117819,0.07774227,0.05881255,
0.07117819,0.05881255,0.07049499,0.0118258,0.08644575,0.0118258,0.08644575,0.0118258,0.05881255,0.07117819,0.05881255,0.07774227,0.07117819,0.07117819,0.07774227,0.07117819,0.05881255,0.07049499,0.0118258,0.07774227,0.04514565,0.04874043,0.07049499,0.08644575,0.07049499,0.05881255,0.07049499,0.05881255,0.07774227,0.07117819,
0.0118258,0.08644575,0.0118258,0.07774227,0.04514565,0.05881255,0.08644575,0.05881255,0.0118258,0.0118258,0.08644575,0.0118258,0.07049499,0.07117819,0.07117819,0.07117819,0.05881255,0.07049499,0.07774227,0.05881255,0.08644575,0.05881255,0.05881255,0.07117819,0.07117819,0.07117819,0.04874043,0.07117819,0.05881255,0.07117819,
0.07117819,0.07117819,0.05159965,0.0118258,0.05881255,0.07049499,0.07774227,0.05881255,0.07774227,0.07049499,0.05881255,0.0118258,0.07117819,0.07117819,0.05140365,0.07117819,0.05881255,0.07117819,0.07049499,0.07049499,0.0118258,0.08644575,0.05881255,0.07117819,0.05881255,0.05881255,0.05881255,0.07049499,0.05881255,0.07774227,
0.05881255,0.07049499,0.07049499,0.05881255,0.07774227,0.05881255,0.07117819,0.05159965,0.05881255,0.07117819,0.01974961,0.05881255,0.07049499,0.07117819,0.07117819,0.07117819,0.07117819,0.05881255,0.07774227,0.0359377,0.05140365,0.0118258,0.0118258,0.07049499,0.07049499,0.004299939,0.07117819,0.04610658,0.07117819,0.07117819,
0.0118258,0.05881255,0.07117819,0.07117819,0.07049499,0.01974961,0.05881255,0.07774227,0.05881255,0.07117819,0.05159965,0.07049499,0.05881255,0.05881255,0.05881255,0.02277303,0.08143228,0.07049499,0.004299939,0.07049499,0.05159965,0.0118258,0.05881255,0.07049499,0.05881255,0.05881255,0.07117819,0.07117819,0.01974961,0.07117819,
0.0118258,0.05881255,0.05881255,0.01974961,0.07117819,0.0118258,0.07774227,0.07117819,0.05159965,0.07117819,0.01974961,0.07049499,0.07049499,0.01974961,0.05881255,0.08143228,0.07117819,0.07117819,0.02277303,0.07117819,0.0118258,0.07117819,0.05881255,0.05881255,0.05881255,0.07117819,0.0118258,0.05881255,0.07117819,0.02277303,
0.01974961,0.07049499,0.07774227,0.07117819,0.05881255,0.02277303,0.07117819,0.07117819,0.07117819,0.07117819,0.0118258,0.02277303,0.07117819,0.05881255,0.07117819,0.0118258,0.05159965,0.07117819,0.05159965,0.0118258,0.07117819,0.07117819,0.05881255,0.05159965,0.07049499,0.05881255,0.0118258,0.07774227,0.07049499,0.07117819,
0.02277303,0.07117819,0.02277303,0.0118258,0.07774227,0.07117819,0.07774227,0.07117819,0.07049499,0.05881255,0.07117819,0.0118258,0.01974961,0.05159965,0.05881255,0.07774227,0.05881255,0.07049499,0.0118258,0.07117819,0.07117819,0.05159965,0.05881255,0.05881255,0.07049499,0.07117819,0.05881255,0.07774227,0.05881255,0.07049499,
0.05881255,0.07049499,0.07117819,0.07049499,0.02277303,0.0118258,0.05159965,0.05881255,0.07117819,0.07049499,0.06203293,0.07774227,0.05159965,0.05159965,0.0118258,0.05881255,0.07117819,0.05881255,0.001099181,0.07117819,0.05364079,0.07117819,0.02277303,0.05881255,0.07117819,0.07117819,0.05159965,0.0118258,0.05881255,0.02277303,
0.05159965,0.02277303,0.07117819,0.07117819,0.02277303,0.05881255,0.05881255,0.07117819,0.05364079,0.05364079,0.0118258,0.0118258,0.07117819,0.05308687,0.05881255,0.0118258,0.05159965,0.02277303,0.07117819,0.02277303,0.02277303,0.004237783,0.07049499,0.07774227,0.0118258,0.07774227,0.07117819,0.0118258,0.07774227,0.07049499,
0.0118258,0.02277303,0.02277303,0.07117819,0.07117819,0.07674068,0.07117819,0.02277303,0.07117819,0.07774227,0.02277303,0.0118258,0.07774227,0.07049499,0.07049499,0.004237783,0.05159965,0.05881255,0.05364079,0.09275382,0.02277303,0.05308687,0.02277303,0.07117819,0.07117819,0.07049499,0.0118258,0.05364079,0.02277303,0.05881255,
0.07049499,0.07117819,0.05364079,0.05308687,0.004237783,0.07117819,0.07774227,0.0118258,0.07774227,0.07049499,0.0118258,0.02277303,0.07117819,0.02277303,0.07049499,0.02277303,0.07117819,0.09275382,0.07117819,0.04542696,0.02277303,0.05364079,0.07117819,0.02277303,0.05881255,0.07117819,0.07117819,0.05881255,0.05364079,0.09275382,
0.07774227,0.0118258,0.05364079,0.07774227,0.07774227,0.0118258,0.09275382,0.02277303,0.02277303,0.02277303,0.05308687,0.07049499,0.02277303,0.05881255,0.05881255,0.07117819,0.07117819,0.07117819,0.05881255,0.07049499,0.02277303,0.05364079,0.07117819,0.0118258,0.02277303,0.05881255,0.09275382,0.05881255,0.08605056,0.0969943,
0.07117819,0.07117819,0.05881255,0.07117819,0.05881255,0.0969943,0.07774227,0.0118258,0.05881255,0.0118258,0.05881255,0.03811801,0.07774227,0.05881255,0.08605056,0.09275382,0.08605056,0.05881255,0.05364079,0.08605056,0.0118258,0.02277303,0.02277303,0.05364079,0.01561838,0.05308687,0.02277303,0.07049499,0.0118258,0.05881255,
0.02277303,0.07049499,0.0118258,0.07117819,0.02277303,0.05364079,0.0969943,0.0969943,0.0118258,0.07774227,0.05364079,0.08605056,0.07049499,0.07774227,0.0118258,0.08605056,0.0969943,0.08605056,0.02277303,0.0118258,0.08605056,0.07774227,0.0118258,0.01561838,0.0118258,0.08605056,0.08605056,0.02277303,0.07774227,0.02277303,
0.0969943,0.0969943,0.07049499,0.02277303,0.02277303,0.08605056,0.07049499,0.0969943,0.0969943,0.0118258,0.07117819,0.0118258,0.0969943,0.07774227,0.0118258,0.08605056,0.08605056,0.08605056,0.02277303,0.06197271,0.08276856,0.0118258,0.02277303,0.02277303,0.0118258,0.08605056,0.0118258,0.0969943,0.0118258,0.02277303,
0.02277303,0.08605056,0.02277303,0.02277303,0.02277303,0.02277303,0.08605056,0.08605056,0.08605056,0.02277303,0.08605056,0.06051541,0.02277303,0.02277303,0.0118258,0.08605056,0.0118258,0.08605056,0.07117819,0.0118258,0.08276856,0.02277303,0.07774227,0.0969943,0.08605056,0.0969943,0.08605056,0.07049499,0.08605056,0.08605056,
0.02277303,0.02277303,0.0877848,0.08605056,0.08605056,0.07774227,0.0969943,0.02277303,0.02277303,0.07117819,0.08605056,0.07774227,0.02277303,0.08605056,0.0118258,0.02277303,0.08605056,0.08605056,0.08605056,0.02277303,0.02277303,0.02277303,0.08605056,0.02277303,0.07049499,0.03510401,0.06051541,0.08605056,0.0118258,0.0969943,
0.08605056,0.0877848,0.08453836,0.02277303,0.08605056,0.08605056,0.07774227,0.07774227,0.08605056,0.08605056,0.0118258,0.02277303,0.0118258,0.08605056,0.08605056,0.07117819,0.08605056,0.02277303,0.08605056,0.02277303,0.0969943,0.02277303,0.0118258,0.06051541,0.07932308,0.02277303,0.02277303,0.07774227,0.08605056,0.02277303,
0.02277303,0.08605056,0.08605056,0.02277303,0.08605056,0.07774227,0.08605056,0.08605056,0.02974575,0.08605056,0.08605056,0.0877848,0.06123611,0.0118258,0.0118258,0.0877848,0.06051541,0.02277303,0.08605056,0.02277303,0.08605056,0.08605056,0.07774227,0.07117819,0.0118258,0.02277303,0.08605056,0.07774227,0.07774227,0.07774227,
0.02277303,0.08605056,0.0877848,0.08605056,0.02277303,0.08605056,0.06051541,0.07774227,0.0877848,0.08605056,0.02277303,0.07117819,0.02277303,0.08605056,0.02277303,0.02277303,0.08605056,0.02277303,0.08605056,0.08605056,0.08605056,0.07774227,0.0877848,0.03065137,0.08605056,0.0877848,0.03701578,0.0118258,0.02277303,0.07774227,
0.03701578,0.0118258,0.08605056,0.03701578,0.0877848,0.08605056,0.02277303,0.0877848,0.02277303,0.02277303,0.02277303,0.03701578,0.08605056,0.0877848,0.02277303,0.07117819,0.02277303,0.02277303,0.02277303,0.08605056,0.06051541,0.08605056,0.02277303,0.08605056,0.08605056,0.0118258,0.02277303,0.03065137,0.07117819,0.07774227,
0.08605056,0.02277303,0.02277303,0.0877848,0.0877848,0.03065137,0.08605056,0.02277303,0.02277303,0.08605056,0.07117819,0.07117819,0.0118258,0.02277303,0.02277303,0.0118258,0.07505653,0.06051541,0.02277303,0.02277303,0.08605056,0.05814622,0.05985517,0.02277303,0.02277303,0.07117819,0.02277303,0.02277303,0.02277303,0.0877848,
0.03065137,0.08605056,0.02277303,0.0877848,0.02277303,0.02277303,0.08605056,0.02277303,0.06051541,0.07117819,0.02277303,0.02277303,0.08605056,0.07117819,0.02277303,0.03065137,0.05814622,0.02277303,0.03065137,0.02277303,0.0877848,0.0118258,0.06651752,0.07505653,0.02277303,0.06051541,0.08605056,0.02277303,0.0877848,0.08605056,
0.0877848,0.07505653,0.02277303,0.07117819,0.07117819,0.02277303,0.02277303,0.05814622,0.0877848,0.02277303,0.03065137,0.0877848,0.02277303,0.0877848,0.09490186,0.0877848,0.02277303,0.0877848,0.06651752,0.02277303,0.06051541,0.0877848,0.07505653,0.02277303,0.02277303,0.02277303,0.06051541,0.06051541,0.09400729,0.02277303,
0.02277303,0.05814622,0.02277303,0.0877848,0.03065137,0.02277303,0.08387174,0.09400729,0.03065137,0.07505653,0.06051541,0.0877848,0.01835961,0.02277303,0.0877848,0.02277303,0.03065137,0.0877848,0.02277303,0.0877848,0.06051541,0.02277303,0.07505653,0.0877848,0.02277303,0.05814622,0.02277303,0.05814622,0.03065137,0.09490186,
0.0877848,0.0877848,0.0877848,0.01835961,0.02277303,0.03065137,0.01835961,0.06051541,0.02277303,0.03065137,0.08950406,0.0877848,0.0877848,0.0877848,0.06537326,0.02277303,0.06051541,0.08387174,0.02277303,0.06051541,0.03065137,0.02277303,0.0877848,0.05814622,0.08387174,0.07505653,0.07505653,0.02277303,0.0877848,0.02277303,
0.02277303,0.05814622,0.0877848,0.06537326,0.02277303,0.0877848,0.08387174,0.0877848,0.01835961,0.07505653,0.07505653,0.08387174,0.03065137,0.08387174,0.02277303,0.02277303,0.06051541,0.05814622,0.02277303,0.0877848,0.02277303,0.02277303,0.03065137,0.0877848,0.05432547,0.04220398,0.0877848,0.06051541,0.02277303,0.03065137,
0.05814622,0.02277303,0.0485788,0.0877848,0.0877848,0.03065137,0.08387174,0.02277303,0.02277303,0.0877848,0.04220398,0.03065137,0.02277303,0.07505653,0.02277303,0.07505653,0.05814622,0.01835961,0.0877848,0.08387174,0.0410119,0.05814622,0.02277303,0.08387174,0.08387174,0.05814622,0.02277303,0.05814622,0.02277303,0.06497091,
0.05814622,0.05814622,0.02277303,0.02277303,0.0877848,0.02277303,0.02277303,0.02277303,0.017339,0.04220398,0.01450324,0.02277303,0.07505653,0.02277303,0.08387174,0.03065137,0.02277303,0.02277303,0.07505653,0.0877848,0.0877848,0.02277303,0.02277303,0.08387174,0.08387174,0.05814622,0.05814622,0.05814622,0.0877848,0.08387174,
0.03065137,0.02277303,0.05814622,0.02277303,0.003843093,0.02277303,0.07505653,0.02277303,0.02277303,0.02277303,0.02277303,0.05814622,0.02277303,0.0877848,0.08387174,0.02277303,0.02277303,0.03065137,0.08387174,0.0877848,0.0877848,0.02277303,0.01450324,0.017339,0.0877848,0.07505653,0.02277303,0.0877848,0.05814622,0.02277303,
0.02277303,0.02277303,0.02277303,0.02277303,0.01454287,0.02277303,0.02277303,0.04455296,0.02277303,0.02277303,0.08387174,0.003843093,0.03065137,0.08387174,0.02277303,0.0877848,0.02277303,0.0877848,0.02277303,0.02277303,0.0877848,0.02277303,0.01450324,0.0877848,0.02277303,0.02277303,0.0877848,0.02277303,0.02277303,0.02062541,
0.02277303,0.03065137,0.02277303,0.02277303,0.02277303,0.02277303,0.02277303,0.02277303,0.02277303,0.0877848,0.02277303,0.02062541,0.04455296,0.0877848,0.0877848,0.04491635,0.08387174,0.01450324,0.02277303,0.02277303,0.02277303,0.02277303,0.04455296,0.02277303,0.08387174,0.02277303,0.0877848,0.0877848,0.03065137,0.05395778,
0.03065137,0.02277303,0.05395778,0.02277303,0.01087457,0.02277303,0.02277303,0.04455296,0.03065137,0.0877848,0.03065137,0.03065137,0.01450324,0.02277303,0.02277303,0.02277303,0.03065137,0.08387174,0.08387174,0.02277303,0.02277303,0.02277303,0.02277303,0.02277303,0.04455296,0.0877848,0.04455296,0.02277303,0.02277303,0.08387174,
0.03065137,0.0877848,0.02277303,0.02277303,0.08387174,0.0877848,0.02277303,0.04455296,0.03065137,0.02277303,0.02277303,0.05395778,0.04455296,0.01087457,0.08387174,0.02125415,0.03065137,0.02277303,0.03065137,0.01087457,0.01450324,0.01450324,0.08387174,0.02277303,0.02277303,0.0877848,0.02277303,0.01087457,0.08387174,0.08387174,
0.02125415,0.01087457,0.02277303,0.08387174,0.02277303,0.01087457,0.05505764,0.02277303,0.08387174,0.01450324,0.04455296,0.08387174,0.03065137,0.01450324,0.08387174,0.01087457,0.02277303,0.01450324,0.01450324,0.03065137,0.08387174,0.02277303,0.02277303,0.05395778,0.02277303,0.08387174,0.08387174,0.08387174,0.08387174,0.02277303,
0.02277303,0.01450324,0.02277303,0.005273485,0.01450324,0.08387174,0.08387174,0.01087457,0.05505764,0.01450324,0.01087457,0.01450324,0.02277303,0.01450324,0.02277303,0.02277303,0.08387174,0.04455296,0.08387174,0.03065137,0.01087457,0.02277303,0.08387174,0.02277303,0.02277303,0.04455296,0.02277303,0.02277303,0.02277303,0.08387174,
0.05505764,0.08387174,0.01450324,0.02277303,0.08387174,0.01450324,0.04455296,0.01087457,0.02277303,0.01450324,0.08387174,0.01087457,0.02277303,0.08387174,0.03065137,0.02277303,0.08387174,0.04455296,0.02277303,0.02277303,0.02277303,0.01087457,0.02277303,0.08387174,0.02277303,0.08387174,0.02277303,0.04455296,0.02277303,0.08387174,
0.08387174,0.02277303,0.02277303,0.02277303,0.02277303,0.01087457,0.02277303,0.04455296,0.08387174,0.05505764,0.08387174,0.08387174,0.02277303,0.08387174,0.02277303,0.08387174,0.02277303,0.02277303,0.01450324,0.02277303,0.06156095,0.02277303,0.02277303,0.08387174,0.08387174,0.01450324,0.01087457,0.02277303,0.04455296,0.08387174,
0.02277303,0.08387174,0.02277303,0.01450324,0.02277303,0.08387174,0.08387174,0.02277303,0.05505764,0.08387174,0.08387174,0.08387174,0.02277303,0.06156095,0.006114078,0.08387174,0.08387174,0.02277303,0.02277303,0.01450324,0.02277303,0.04455296,0.02277303,0.02277303,0.02277303,0.02277303,0.02277303,0.02277303,0.01450324,0.04455296,
0.08387174,0.02277303,0.06156095,0.02277303,0.08387174,0.01249963,0.006114078,0.01450324,0.006114078,0.08387174,0.08387174,0.02277303,0.04455296,0.06156095,0.04455296,0.08387174,0.02277303,0.01450324,0.02277303,0.08387174,0.02490208,0.02277303,0.006114078,0.04455296,0.04455296,0.02277303,0.02277303,0.04455296,0.02277303,0.02277303,
0.006114078,0.01249963,0.04455296,0.08387174,0.02277303,0.02277303,0.06156095,0.04455296,0.02277303,0.06156095,0.01249963,0.08387174,0.02490208,0.02277303,0.06156095,0.02277303,0.04455296,0.006114078,0.08387174,0.02277303,0.07665205,0.04455296,0.04455296,0.04455296,0.006114078,0.06156095,0.02277303,0.006114078,0.02277303,0.02277303,
0.06156095,0.02277303,0.02277303,0.02277303,0.04455296,0.006114078,0.08785965,0.06156095,0.04455296,0.08387174,0.02277303,0.06156095,0.02277303,0.02490208,0.08881354,0.04455296,0.08387174,0.04455296,0.08387174,0.006114078,0.04455296,0.006114078,0.02277303,0.02277303,0.01249963,0.02277303,0.04455296,0.04455296,0.02277303,0.06156095,
0.02277303,0.08785965,0.02277303,0.08785965,0.02277303,0.04455296,0.04455296,0.06156095,0.04455296,0.04455296,0.06156095,0.02490208,0.02277303,0.08387174,0.06156095,0.02277303,0.04455296,0.02277303,0.04455296,0.006114078,0.01249963,0.04455296,0.04455296,0.02277303,0.06156095,0.02277303,0.04455296,0.04455296,0.02490208,0.02277303,
0.06156095,0.02490208,0.04455296,0.02277303,0.04455296,0.08785965,0.04455296,0.06156095,0.04455296,0.06156095,0.04455296,0.08785965,0.04455296,0.06368893,0.02277303,0.08785965,0.04455296,0.06286632,0.02490208,0.06156095,0.06156095,0.006114078,0.04455296,0.04455296,0.02490208,0.02277303,0.06156095,0.02277303,0.02277303,0.04455296,
0.06156095,0.04455296,0.06156095,0.08785965,0.0740025,0.02277303,0.02490208,0.06156095,0.04455296,0.08785965,0.04455296,0.06156095,0.008932185,0.08785965,0.08785965,0.08614713,0.006114078,0.04455296,0.02277303,0.04455296,0.02277303,0.02490208,0.06156095,0.08785965,0.06156095,0.06286632,0.08785965,0.08785965,0.06156095,0.04455296,
0.06156095,0.04455296,0.02277303,0.04455296,0.08785965,0.06156095,0.08785965,0.06156095,0.008932185,0.08785965,0.06156095,0.02277303,0.06156095,0.02490208,0.08785965,0.08785965,0.02490208,0.06156095,0.0740025,0.02277303,0.04455296,0.04455296,0.06156095,0.08785965,0.08785965,0.02490208,0.08785965,0.01371176,0.08785965,0.06156095,
0.02277303,0.08785965,0.06156095,0.08785965,0.08785965,0.08770151,0.04455296,0.04455296,0.06156095,0.01371176,0.02277303,0.08785965,0.02490208,0.06156095,0.04455296,0.0004575253,0.08785965,0.06156095,0.04455296,0.04455296,0.08785965,0.008932185,0.08785965,0.04455296,0.02277303,0.01371176,0.08785965,0.06156095,0.08785965,0.06156095,
0.01371176,0.08785965,0.04455296,0.008932185,0.08785965,0.04455296,0.008932185,0.04455296,0.08785965,0.04455296,0.0004575253,0.06156095,0.04455296,0.04455296,0.04455296,0.04455296,0.06156095,0.08785965,0.06156095,0.04455296,0.06156095,0.08785965,0.01252422,0.02277303,0.06156095,0.04455296,0.08785965,0.06156095,0.04455296,0.08770151,
0.06156095,0.04455296,0.01371176,0.06156095,0.08785965,0.06156095,0.06156095,0.04455296,0.08785965,0.06156095,0.04455296,0.008932185,0.08785965,0.06156095,0.04455296,0.01252422,0.08785965,0.04455296,0.04455296,0.08785965,0.06156095,0.04455296,0.04455296,0.04455296,0.008932185,0.08785965,0.01371176,0.04455296,0.04455296,0.06156095,
0.06156095,0.04455296,0.06156095,0.04455296,0.04455296,0.04455296,0.04455296,0.04455296,0.04455296,0.08785965,0.08785965,0.06156095,0.06156095,0.09870311,0.06156095,0.04455296,0.01252422,0.08785965,0.02774662,0.04455296,0.06156095,0.04455296,0.04455296,0.01371176,0.04455296,0.06156095,0.08785965,0.06156095,0.06156095,0.08785965,
0.06156095,0.04455296,0.08785965,0.06156095,0.04455296,0.06156095,0.04455296,0.04455296,0.06156095,0.06156095,0.04455296,0.01371176,0.01252422,0.06156095,0.04455296,0.02774662,0.08785965,0.01252422,0.04455296,0.06156095,0.06156095,0.03816695,0.01371176,0.04455296,0.04455296,0.01252422,0.01252422,0.04455296,0.06156095,0.09870311,
0.06156095,0.08785965,0.04455296,0.06156095,0.04455296,0.06156095,0.06156095,0.06156095,0.08785965,0.01866108,0.04455296,0.04455296,0.09870311,0.01371176,0.06156095,0.09870311,0.04455296,0.04455296,0.04455296,0.01371176,0.01816015,0.04455296,0.04455296,0.06156095,0.06156095,0.06156095,0.01252422,0.0951369,0.04455296,0.06156095,
0.06156095,0.01866108,0.01371176,0.08576559,0.01816015,0.04455296,0.06156095,0.0951369,0.04455296,0.0951369,0.06156095,0.08785965,0.04455296,0.0951369,0.06156095,0.06156095,0.04455296,0.04455296,0.06156095,0.04455296,0.04455296,0.06156095,0.01866108,0.0951369,0.04455296,0.01252422,0.08785965,0.04455296,0.01816015,0.04455296,
0.08576559,0.01816015,0.06156095,0.06156095,0.04455296,0.04455296,0.01866108,0.01252422,0.06156095,0.06156095,0.06156095,0.04455296,0.04455296,0.0951369,0.08785965,0.01866108,0.06156095,0.01252422,0.04455296,0.01816015,0.0951369,0.04455296,0.01866108,0.01816015,0.04455296,0.04455296,0.0951369,0.04455296,0.04455296,0.04455296,
0.01866108,0.06156095,0.01866108,0.01816015,0.0951369,0.01252422,0.04455296,0.04455296,0.0951369,0.01816015,0.04455296,0.06156095,0.06156095,0.04455296,0.04455296,0.08785965,0.04455296,0.06156095,0.06156095,0.06156095,0.08785965,0.01866108,0.08576559,0.04455296,0.01816015,0.06156095,0.04455296,0.01816015,0.06156095,0.08785965,
0.04455296,0.06156095,0.08785965,0.06156095,0.06156095,0.01816015,0.01866108,0.01866108,0.04455296,0.01866108,0.02024261,0.0951369,0.01866108,0.06156095,0.01816015,0.04455296,0.01866108,0.0951369,0.06422783,0.06156095,0.01866108,0.04455296,0.01816015,0.06156095,0.06156095,0.06156095,0.08785965,0.08576559,0.06156095,0.01816015,
0.04455296,0.06156095,0.01866108,0.01816015,0.06156095,0.06156095,0.01866108,0.02024261,0.01866108,0.01866108,0.0951369,0.08785965,0.01866108,0.06156095,0.04455296,0.01816015,0.01816015,0.08576559,0.04455296,0.0951369,0.04455296,0.02703064,0.06156095,0.01816015,0.06156095,0.04455296,0.06156095,0.06156095,0.06156095,0.06156095,
0.04455296,0.06156095,0.04455296,0.01816015,0.06156095,0.04455296,0.06156095,0.04455296,0.01866108,0.01866108,0.01816015,0.04455296,0.06156095,0.01866108,0.06156095,0.06156095,0.01816015,0.04455296,0.01866108,0.06156095,0.01866108,0.06156095,0.01816015,0.06156095,0.04455296,0.06156095,0.01816015,0.06156095,0.06156095,0.01816015,
0.06156095,0.01816015,0.01866108,0.01866108,0.06156095,0.01816015,0.04455296,0.06156095,0.06156095,0.06156095,0.06156095,0.06156095,0.04455296,0.01816015,0.01816015,0.06156095,0.06156095,0.02055781,0.06156095,0.04455296,0.06156095,0.04455296,0.06156095,0.04455296,0.01816015,0.06156095,0.04455296,0.01866108,0.06156095,0.06156095,
0.06156095,0.06156095,0.04455296,0.06156095,0.06156095,0.04455296,0.01816015,0.06156095,0.01866108,0.06156095,0.06156095,0.04455296,0.06156095,0.06156095,0.06156095,0.01866108,0.04455296,0.01816015,0.01816015,0.06156095,0.02912551,0.06156095,0.04455296,0.01866108,0.06156095,0.06156095,0.01816015,0.04455296,0.04455296,0.02055781,
0.06156095,0.04455296,0.01866108,0.06156095,0.06156095,0.01866108,0.01816015,0.04455296,0.06156095,0.06156095,0.06156095,0.06156095,0.04455296,0.06156095,0.04455296,0.06156095,0.06156095,0.01816015,0.04455296,0.04455296,0.01816015,0.04455296,0.02055781,0.06156095,0.06526784,0.06156095,0.04455296,0.06156095,0.04455296,0.06156095,
0.04455296,0.06156095,0.06156095,0.01816015,0.04455296,0.02055781,0.02055781,0.06156095,0.06156095,0.06526784,0.06526784,0.06156095,0.06156095,0.01816015,0.06526784,0.06156095,0.04455296,0.06156095,0.04455296,0.04455296,0.02055781,0.06156095,0.04455296,0.04455296,0.04455296,0.06156095,0.01816015,0.06156095,0.04455296,0.02055781,
0.04455296,0.01816015,0.04455296,0.06526784,0.01816015,0.06156095,0.06156095,0.06156095,0.04455296,0.04455296,0.02055781,0.06526784,0.04455296,0.04094633,0.02055781,0.06156095,0.04455296,0.06156095,0.06526784,0.04455296,0.06156095,0.04455296,0.06156095,0.06526784,0.06156095,0.09722079,0.06156095,0.06156095,0.06156095,0.06156095,
0.04455296,0.06156095,0.01816015,0.06156095,0.06156095,0.04455296,0.06156095,0.06156095,0.02055781,0.02055781,0.01816015,0.06526784,0.06156095,0.06156095,0.04455296,0.06156095,0.04455296,0.04455296,0.06156095,0.04094633,0.06526784,0.01816015,0.01816015,0.06526784,0.09722079,0.06156095,0.06156095,0.06156095,0.06156095,0.06526784,
0.09722079,0.06156095,0.06156095,0.06156095,0.06156095,0.04455296,0.06156095,0.06156095,0.06156095,0.06156095,0.06156095,0.06156095,0.06156095,0.06156095,0.04455296,0.01816015,0.01816015,0.06156095,0.06526784,0.06156095,0.06156095,0.06156095,0.06156095,0.02055781,0.06156095,0.02700695,0.04455296,0.06156095,0.02055781,0.02055781,
0.02700695,0.04455296,0.06156095,0.06156095,0.06156095,0.09722079,0.06156095,0.06156095,0.06156095,0.06156095,0.06156095,0.01816015,0.06156095,0.06156095,0.06156095,0.06156095,0.06156095,0.06156095,0.04455296,0.06156095,0.01816015,0.06156095,0.06156095,0.04455296,0.06156095,0.06156095,0.09722079,0.06156095,0.06156095,0.06156095,
0.06156095,0.04455296,0.06156095,0.06156095,0.06156095,0.06156095,0.06156095,0.06156095,0.04455296,0.06156095,0.06156095,0.04455296,0.06156095,0.06156095,0.09722079,0.06156095,0.06156095,0.06156095,0.06156095,0.09722079,0.06156095,0.02700695,0.09722079,0.06156095,0.06156095,0.06156095,0.06156095,0.04455296,0.06156095,0.04879221,
0.06156095,0.09722079,0.06156095,0.06156095,0.06156095,0.06156095,0.06156095,0.06156095,0.05748906,0.06156095,0.06156095,0.06156095,0.09722079,0.06156095,0.06156095,0.06156095,0.06156095,0.0742975,0.06156095,0.04455296,0.06156095,0.09722079,0.06156095,0.04455296,0.06156095,0.04455296,0.06156095,0.06156095,0.06156095,0.06156095,
0.06156095,0.06156095,0.06156095,0.05748906,0.06156095,0.06156095,0.06156095,0.06156095,0.09722079,0.0742975,0.06156095,0.04455296,0.06156095,0.06156095,0.04455296,0.06156095,0.04455296,0.06156095,0.06156095,0.06156095,0.06156095,0.06156095,0.04455296,0.06156095,0.04455296,0.04455296,0.06156095,0.05748906,0.06156095,0.06156095,
0.06156095,0.06156095,0.06156095,0.06156095,0.08453733,0.06156095,0.06156095,0.06156095,0.06156095,0.06156095,0.06156095,0.07123665,0.06156095,0.06156095,0.04455296,0.06156095,0.04455296,0.06156095,0.06156095,0.06156095,0.04455296,0.03746518,0.06156095,0.06156095,0.06156095,0.06156095,0.06156095,0.06156095,0.06156095,0.06156095,
0.06156095,0.06156095,0.06156095,0.06156095,0.06156095,0.04455296,0.04455296,0.02741643,0.06156095,0.06156095,0.06156095,0.06156095,0.06156095,0.06156095,0.06156095,0.04455296,0.06156095,0.06156095,0.06156095,0.06156095,0.06156095,0.06156095,0.06156095,0.06156095,0.03746518,0.08453733,0.06156095,0.06156095,0.006095934,0.0836215,
0.0836215,0.04455296,0.06156095,0.06156095,0.06156095,0.06156095,0.06156095,0.06156095,0.0836215,0.06156095,0.08453733,0.06156095,0.06156095,0.06156095,0.04455296,0.06156095,0.04455296,0.04455296,0.06156095,0.06156095,0.03746518,0.06156095,0.06156095,0.06156095,0.0836215,0.06156095,0.08453733,0.06156095,0.06156095,0.06156095,
0.04455296,0.0836215,0.06156095,0.06156095,0.06156095,0.03746518,0.06156095,0.04455296,0.06156095,0.06156095,0.06156095,0.06156095,0.06156095,0.0836215,0.06156095,0.06156095,0.06156095,0.04455296,0.06156095,0.06156095,0.06156095,0.06156095,0.06156095,0.06156095,0.06156095,0.08453733,0.04455296,0.06156095,0.04455296,0.06156095,
0.04455296,0.06156095,0.06156095,0.06156095,0.06156095,0.06156095,0.08453733,0.06156095,0.04258486,0.06156095,0.04455296,0.06156095,0.06156095,0.04455296,0.04455296,0.06156095,0.06156095,0.06156095,0.06156095,0.06156095,0.03746518,0.06156095,0.08453733,0.04455296,0.04455296,0.06156095,0.04455296,0.06156095,0.06156095,0.04455296,
0.04455296,0.06156095,0.06156095,0.06156095,0.08453733,0.04258486,0.06156095,0.04455296,0.06156095,0.06156095,0.04455296,0.06156095,0.06156095,0.06156095,0.06156095,0.06156095,0.08453733,0.04455296,0.04455296,0.06156095,0.04455296,0.06156095,0.06156095,0.08453733,0.06156095,0.06156095,0.06156095,0.08453733,0.06156095,0.04455296,
0.04455296,0.06156095,0.06156095,0.08453733,0.06156095,0.08453733,0.06156095,0.06156095,0.06156095,0.08453733,0.06156095,0.06156095,0.06156095,0.08453733,0.04455296,0.06156095,0.08044225,0.04455296,0.08453733,0.04258486,0.06156095,0.06156095,0.06156095,0.04455296,0.04455296,0.06156095,0.06156095,0.08453733,0.06156095,0.04455296,
0.04455296,0.04455296,0.06156095,0.04455296,0.06156095,0.06156095,0.06156095,0.06156095,0.06156095,0.06156095,0.08453733,0.06156095,0.08453733,0.04455296,0.06156095,0.08453733,0.06156095,0.08453733,0.06156095,0.08453733,0.06156095,0.06156095,0.08453733,0.08453733,0.04455296,0.06156095,0.06156095,0.06156095,0.04455296,0.08453733,
0.04455296,0.06156095,0.06156095,0.04455296,0.08453733,0.08453733,0.04455296,0.004986262,0.04455296,0.06156095,0.06156095,0.06156095,0.04455296,0.04455296,0.06156095,0.06156095,0.04455296,0.04455296,0.08453733,0.04455296,0.08453733,0.07761544,0.06156095,0.08453733,0.06156095,0.06156095,0.06156095,0.08453733,0.06156095,0.0496967,
0.06156095,0.04455296,0.04455296,0.04455296,0.06156095,0.06156095,0.06156095,0.08453733,0.06156095,0.06156095,0.04455296,0.0496967,0.06156095,0.04455296,0.04455296,0.08453733,0.06156095,0.08453733,0.06156095,0.08453733,0.04455296,0.08355439,0.08453733,0.06156095,0.06156095,0.04455296,0.06156095,0.06156095,0.06156095,0.08453733,
0.08453733,0.0496967,0.04455296,0.06156095,0.04455296,0.0496967,0.06156095,0.06156095,0.04455296,0.04455296,0.08355439,0.06156095,0.04455296,0.08453733,0.04455296,0.08453733,0.06156095,0.06156095,0.06156095,0.04455296,0.06156095,0.06156095,0.04455296,0.06156095,0.04455296,0.06156095,0.06156095,0.04455296,0.08453733,0.06156095,
0.04455296,0.08453733,0.04455296,0.04455296,0.08453733,0.08453733,0.06156095,0.04455296,0.06156095,0.04455296,0.06156095,0.04455296,0.04455296,0.06156095,0.08355439,0.08453733,0.06156095,0.06156095,0.04455296,0.04455296,0.06156095,0.06156095,0.04455296,0.04455296,0.08453733,0.04455296,0.06156095,0.06156095,0.04455296,0.04455296,
0.04455296,0.06156095,0.06156095,0.05973907,0.08355439,0.06156095,0.06156095,0.04455296,0.06156095,0.08453733,0.04455296,0.04455296,0.04455296,0.04455296,0.04455296,0.04455296,0.04455296,0.04455296,0.06156095,0.04455296,0.04455296,0.06156095,0.04455296,0.06156095,0.06156095,0.04455296,0.04455296,0.06156095,0.04455296,0.04455296,
0.04455296,0.04455296,0.04455296,0.04455296,0.0008893967,0.04455296,0.06156095,0.05973907,0.08453733,0.04455296,0.06156095,0.04455296,0.06156095,0.06156095,0.05973907,0.06156095,0.04455296,0.04455296,0.04455296,0.06156095,0.04455296,0.05973907,0.06156095,0.06156095,0.06156095,0.06156095,0.04455296,0.06156095,0.04455296,0.06156095,
0.04455296,0.04455296,0.04455296,0.04455296,0.06156095,0.05973907,0.06156095,0.08453733,0.05973907,0.04455296,0.06156095,0.0008893967,0.06156095,0.06156095,0.04455296,0.04455296,0.06156095,0.06156095,0.08453733,0.06156095,0.06156095,0.04455296,0.08453733,0.04455296,0.04455296,0.06156095,0.06156095,0.06156095,0.01550077,0.06278501,
0.06156095,0.01550077,0.06156095,0.03677887,0.01550077,0.06156095,0.04455296,0.06156095,0.06156095,0.06156095,0.0508386,0.06156095,0.06156095,0.01550077,0.06156095,0.0008893967,0.04455296,0.06156095,0.04455296,0.04455296,0.08453733,0.06156095,0.05973907,0.06156095,0.05973907,0.04455296,0.06156095,0.04455296,0.06156095,0.06278501,
0.06278501,0.06156095,0.06156095,0.04455296,0.01550077,0.06156095,0.06156095,0.06156095,0.06156095,0.04455296,0.01550077,0.06156095,0.05973907,0.04455296,0.04455296,0.06156095,0.08453733,0.05973907,0.04455296,0.06156095,0.04455296,0.01550077,0.05111775,0.06156095,0.03677887,0.06156095,0.06156095,0.06156095,0.04455296,0.06156095,
0.06156095,0.08453733,0.04455296,0.06156095,0.01550077,0.05973907,0.06156095,0.01550077,0.05973907,0.01550077,0.04455296,0.06156095,0.04455296,0.05973907,0.04455296,0.06156095,0.08453733,0.01550077,0.04455296,0.01550077,0.06278501,0.06156095,0.06156095,0.06156095,0.05973907,0.04455296,0.06278501,0.04455296,0.05973907,0.06156095,
0.05973907,0.08453733,0.02161744,0.02962679,0.06278501,0.05615891,0.06278501,0.04455296,0.05973907,0.04455296,0.06278501,0.04455296,0.06156095,0.08453733,0.06156095,0.06156095,0.01550077,0.01550077,0.06156095,0.01550077,0.04455296,0.05973907,0.01550077,0.06156095,0.06156095,0.04293366,0.04455296,0.06156095,0.05973907,0.01550077,
0.06156095,0.06156095,0.06278501,0.06156095,0.04455296,0.01550077,0.06156095,0.04455296,0.02161744,0.06278501,0.04455296,0.06156095,0.06156095,0.02161744,0.05973907,0.05973907,0.08453733,0.04293366,0.06156095,0.06278501,0.01550077,0.05915632,0.06156095,0.04455296,0.01550077,0.02161744,0.01550077,0.01550077,0.08453733,0.01550077,
0.02161744,0.08453733,0.06278501,0.06278501,0.08453733,0.01550077,0.06156095,0.01550077,0.04455296,0.06156095,0.06156095,0.02161744,0.02161744,0.01550077,0.050477,0.06156095,0.02161744,0.01550077,0.01550077,0.01550077,0.08453733,0.06278501,0.06156095,0.02161744,0.02161744,0.04455296,0.06278501,0.01550077,0.01550077,0.06278501,
0.02161744,0.02161744,0.050477,0.06278501,0.06156095,0.06278501,0.08453733,0.02161744,0.050477,0.02161744,0.01550077,0.050477,0.08453733,0.01550077,0.02161744,0.01550077,0.06278501,0.08453733,0.01550077,0.06156095,0.01550077,0.06156095,0.06278501,0.06278501,0.01550077,0.050477,0.06156095,0.02161744,0.06278501,0.04455296,
0.08453733,0.06278501,0.02161744,0.01550077,0.06156095,0.01550077,0.02161744,0.01550077,0.06156095,0.02161744,0.02161744,0.06278501,0.01550077,0.06278501,0.01550077,0.01550077,0.06156095,0.06278501,0.06278501,0.01550077,0.06278501,0.01550077,0.06278501,0.02161744,0.04455296,0.02161744,0.09542438,0.0229962,0.08453733,0.08453733,
0.01550077,0.06156095,0.08453733,0.09542438,0.06278501,0.01550077,0.06278501,0.06278501,0.02161744,0.06278501,0.06156095,0.04343287,0.06278501,0.01550077,0.08453733,0.02161744,0.09542438,0.08453733,0.06278501,0.06156095,0.01550077,0.09542438,0.04455296,0.04455296,0.01550077,0.06278501,0.06156095,0.06278501,0.02161744,0.07852032,
0.02161744,0.08453733,0.007533073,0.06278501,0.06278501,0.06278501,0.06278501,0.06278501,0.04455296,0.06156095,0.01550077,0.02161744,0.08453733,0.08453733,0.01550077,0.06156095,0.04343287,0.08453733,0.06156095,0.01550077,0.06278501,0.06278501,0.01550077,0.02161744,0.01550077,0.06278501,0.06156095,0.02161744,0.06278501,0.06278501,
0.06278501,0.02161744,0.06156095,0.04343287,0.06156095,0.01550077,0.06278501,0.08453733,0.02161744,0.06156095,0.04455296,0.06278501,0.01550077,0.06278501,0.06278501,0.06278501,0.02161744,0.08453733,0.06278501,0.01550077,0.06278501,0.01550077,0.06278501,0.01550077,0.06156095,0.06278501,0.04343287,0.06278501,0.06278501,0.01550077,
0.06278501,0.02161744,0.02161744,0.01550077,0.06278501,0.04343287,0.06278501,0.06156095,0.04455296,0.01550077,0.06278501,0.06156095,0.05647193,0.06278501,0.06278501,0.06278501,0.06278501,0.06278501,0.06278501,0.02161744,0.08453733,0.06278501,0.06278501,0.01550077,0.04455296,0.06278501,0.02161744,0.06278501,0.06278501,0.06278501,
0.06278501,0.02161744,0.06278501,0.01550077,0.03711216,0.0281093,0.06278501,0.02161744,0.01550077,0.06278501,0.02161744,0.05647193,0.04343287,0.06156095,0.06278501,0.01550077,0.02161744,0.02161744,0.06278501,0.01550077,0.06156095,0.04455296,0.06278501,0.06278501,0.05647193,0.04455296,0.06278501,0.06278501,0.04343287,0.06278501,
0.04455296,0.06278501,0.02161744,0.04343287,0.06278501,0.06278501,0.05647193,0.06278501,0.0281093,0.06278501,0.06278501,0.02161744,0.06278501,0.01550077,0.04455296,0.0281093,0.04455296,0.01550077,0.04455296,0.01550077,0.01550077,0.02161744,0.04455296,0.06278501,0.02161744,0.06278501,0.02161744,0.06278501,0.04455296,0.05647193,
0.04455296,0.02161744,0.06278501,0.06278501,0.04455296,0.05647193,0.01550077,0.04343287,0.02161744,0.0281093,0.04455296,0.02161744,0.04343287,0.06278501,0.02161744,0.06278501,0.06278501,0.04922545,0.06278501,0.06278501,0.02161744,0.0281093,0.05610735,0.06278501,0.04455296,0.06278501,0.02161744,0.05647193,0.06278501,0.04455296,
0.06278501,0.02161744,0.02161744,0.02915948,0.06278501,0.04343287,0.02161744,0.06278501,0.04455296,0.06278501,0.06278501,0.04455296,0.0281093,0.06278501,0.02161744,0.0281093,0.02161744,0.05647193,0.02161744,0.0281093,0.06278501,0.05610735,0.01550077,0.02161744,0.06278501,0.04455296,0.04455296,0.04254856,0.04922545,0.06278501,
0.02161744,0.0281093,0.05610735,0.02161744,0.02161744,0.04455296,0.0281093,0.02161744,0.01550077,0.06278501,0.06278501,0.02161744,0.02161744,0.08902062,0.0281093,0.04455296,0.02161744,0.04455296,0.06278501,0.02161744,0.0281093,0.03177621,0.0281093,0.06278501,0.04455296,0.07866286,0.02161744,0.0281093,0.0281093,0.06278501,
0.04455296,0.06278501,0.01550077,0.06278501,0.02161744,0.0281093,0.04455296,0.06278501,0.02161744,0.06278501,0.06278501,0.06278501,0.0281093,0.06278501,0.06278501,0.04455296,0.0281093,0.0281093,0.05610735,0.02161744,0.06278501,0.06278501,0.06278501,0.03177621,0.06278501,0.01550077,0.04455296,0.02161744,0.08902062,0.0281093,
0.04455296,0.06278501,0.04455296,0.01550077,0.0281093,0.0281093,0.0281093,0.04455296,0.02161744,0.06278501,0.06278501,0.0281093,0.0281093,0.04455296,0.04455296,0.06278501,0.06278501,0.04455296,0.02161744,0.06278501,0.03803069,0.0281093,0.0281093,0.06278501,0.06278501,0.06143262,0.0281093,0.02161744,0.0281093,0.05610735,
0.0281093,0.0281093,0.0281093,0.04455296,0.0281093,0.03803069,0.0281093,0.0281093,0.0281093,0.06278501,0.06278501,0.06278501,0.04455296,0.0281093,0.0281093,0.05610735,0.04455296,0.0281093,0.0281093,0.04455296,0.04455296,0.06278501,0.02161744,0.04455296,0.06278501,0.06278501,0.04455296,0.02161744,0.0281093,0.04455296,
0.0281093,0.0281093,0.02161744,0.0281093,0.03292843,0.06278501,0.0281093,0.04455296,0.04455296,0.02161744,0.04455296,0.0281093,0.04018286,0.06278501,0.02161744,0.02161744,0.06278501,0.0281093,0.06278501,0.04455296,0.05610735,0.06278501,0.0281093,0.0281093,0.04455296,0.04455296,0.06278501,0.06278501,0.01111438,0.06278501,
0.06278501,0.02161744,0.06278501,0.06278501,0.0281093,0.0281093,0.04455296,0.01111438,0.0281093,0.05610735,0.04455296,0.0281093,0.04018286,0.04455296,0.06278501,0.04018286,0.0281093,0.05991188,0.04018286,0.02161744,0.0281093,0.0281093,0.06278501,0.0281093,0.06278501,0.02161744,0.03292843,0.04455296,0.06278501,0.0281093,
0.0281093,0.0281093,0.06278501,0.0281093,0.0281093,0.03292843,0.0281093,0.0281093,0.0281093,0.0281093,0.04455296,0.0281093,0.02161744,0.04455296,0.02161744,0.06278501,0.04018286,0.0281093,0.0281093,0.06278501,0.0281093,0.04455296,0.04018286,0.04455296,0.0281093,0.0281093,0.0281093,0.0281093,0.06278501,0.02161744,
0.04455296,0.04455296,0.0281093,0.0281093,0.06278501,0.0281093,0.04455296,0.02161744,0.02706406,0.0281093,0.04455296,0.03292843,0.0281093,0.0281093,0.04455296,0.04018286,0.0281093,0.0626215,0.06278501,0.06278501,0.0281093,0.0281093,0.02161744,0.0281093,0.06278501,0.04018286,0.02161744,0.0281093,0.0281093,0.0281093,
0.02161744,0.06278501,0.0281093,0.06278501,0.06278501,0.06278501,0.08179501,0.02893354,0.04455296,0.04455296,0.0281093,0.03292843,0.02706406,0.0281093,0.04455296,0.0281093,0.0281093,0.0281093,0.04455296,0.04455296,0.0281093,0.0281093,0.02161744,0.04455296,0.0281093,0.0281093,0.04018286,0.0281093,0.0281093,0.02161744,
0.0281093,0.02161744,0.0281093,0.07467677,0.02706406,0.02161744,0.06278501,0.0281093,0.0281093,0.02161744,0.0281093,0.04018286,0.04018286,0.0281093,0.04455296,0.0281093,0.02161744,0.02161744,0.0281093,0.02706406,0.04018286,0.02161744,0.04455296,0.0281093,0.04455296,0.0281093,0.0281093,0.04455296,0.0281093,0.0281093,
0.0281093,0.02161744,0.0281093,0.02161744,0.01874423,0.0281093,0.04455296,0.02706406,0.006208968,0.0281093,0.04018286,0.04455296,0.0281093,0.06278501,0.02468275,0.02706406,0.02706406,0.04455296,0.0281093,0.04018286,0.04455296,0.04018286,0.04455296,0.04018286,0.02161744,0.0281093,0.0281093,0.0281093,0.04455296,0.0281093,
0.0281093,0.06278501,0.0281093,0.04018286,0.02161744,0.0281093,0.02706406,0.02468275,0.02706406,0.02706406,0.0281093,0.006208968,0.0281093,0.04455296,0.04455296,0.04455296,0.0281093,0.02161744,0.02706406,0.04455296,0.02161744,0.02706406,0.006208968,0.04018286,0.04455296,0.02706406,0.02161744,0.0281093,0.04455296,0.06278501,
0.04455296,0.02161744,0.06278501,0.0281093,0.0281093,0.02706406,0.04018286,0.02706406,0.02706406,0.04455296,0.04455296,0.006208968,0.04455296,0.04455296,0.02161744,0.0281093,0.0281093,0.04456504,0.0281093,0.0281093,0.06278501,0.02706406,0.04455296,0.02161744,0.02161744,0.0281093,0.02706406,0.02161744,0.02161744,0.04455296,
0.0281093,0.02161744,0.04455296,0.04455296,0.05711001,0.06278501,0.0281093,0.02706406,0.04455296,0.02161744,0.02706406,0.02161744,0.04455296,0.0281093,0.02161744,0.02161744,0.02161744,0.02706406,0.04455296,0.0281093,0.0281093,0.02706406,0.04018286,0.04455296,0.03405239,0.02161744,0.0281093,0.02706406,0.0281093,0.02706406,
0.04455296,0.02161744,0.02161744,0.04018286,0.02706406,0.0281093,0.09039072,0.02706406,0.02706406,0.04455296,0.02161744,0.02706406,0.04455296,0.05711001,0.02161744,0.02161744,0.02706406,0.02161744,0.0281093,0.04826875,0.02706406,0.02706406,0.04018286,0.08105753,0.02161744,0.04455296,0.02706406,0.02161744,0.0281093,0.02161744,
0.02161744,0.04455296,0.08441532,0.05711001,0.04455296,0.02706406,0.02161744,0.02706406,0.02706406,0.04826875,0.02706406,0.02161744,0.02706406,0.04455296,0.02706406,0.02161744,0.04826875,0.02706406,0.0281093,0.02161744,0.04455296,0.02161744,0.09039072,0.02161744,0.04455296,0.05711001,0.02161744,0.02706406,0.02161744,0.04455296,
0.04455296,0.02706406,0.04826875,0.02161744,0.08441532,0.02161744,0.02161744,0.04826875,0.04826875,0.02706406,0.02161744,0.04455296,0.02706406,0.02706406,0.02161744,0.05711001,0.02706406,0.02161744,0.02706406,0.02161744,0.02161744,0.04455296,0.02706406,0.02161744,0.02706406,0.05711001,0.04826875,0.02706406,0.05711001,0.02706406,
0.05711001,0.02706406,0.04826875,0.04455296,0.02706406,0.02706406,0.02706406,0.02706406,0.02161744,0.04455296,0.02161744,0.02706406,0.02161744,0.02161744,0.02706406,0.02706406,0.02161744,0.02161744,0.02706406,0.02161744,0.02161744,0.04826875,0.04455296,0.02706406,0.02706406,0.04826875,0.02161744,0.02161744,0.02706406,0.02706406,
0.02706406,0.02706406,0.02161744,0.02161744,0.04455296,0.04826875,0.04455296,0.02161744,0.02706406,0.02161744,0.05711001,0.02161744,0.04826875,0.04455296,0.04826875,0.02161744,0.04455296,0.02161744,0.02161744,0.04455296,0.02706406,0.02706406,0.04826875,0.02161744,0.03702204,0.02706406,0.02161744,0.02706406,0.02161744,0.02706406,
0.02161744,0.02706406,0.02706406,0.02161744,0.04455296,0.02161744,0.02161744,0.02161744,0.05711001,0.04826875,0.02706406,0.02161744,0.02161744,0.05711001,0.05711001,0.04826875,0.04826875,0.04455296,0.04455296,0.03702204,0.02161744,0.02161744,0.02706406,0.02161744,0.02706406,0.04826875,0.02161744,0.02161744,0.02161744,0.02161744,
0.02161744,0.02706406,0.02161744,0.02161744,0.05711001,0.02161744,0.02161744,0.02706406,0.04826875,0.04826875,0.05711001,0.03178694,0.02161744,0.02161744,0.03702204,0.04826875,0.05711001,0.02706406,0.02161744,0.02161744,0.02706406,0.02161744,0.02161744,0.02706406,0.02161744,0.02161744,0.02161744,0.02161744,0.04455296,0.02161744,
0.02161744,0.02706406,0.02161744,0.02161744,0.02161744,0.02161744,0.02161744,0.05711001,0.02161744,0.02706406,0.02161744,0.02161744,0.02161744,0.02161744,0.02161744,0.02161744,0.02161744,0.02161744,0.02161744,0.02161744,0.05711001,0.05711001,0.02706406,0.02161744,0.05711001,0.02161744,0.02161744,0.02161744,0.02161744,0.05711001,
0.02161744,0.05711001,0.02161744,0.02161744,0.02161744,0.05711001,0.02161744,0.02161744,0.05711001,0.02161744,0.05711001,0.02161744,0.02161744,0.02161744,0.02161744,0.05711001,0.02161744,0.02161744,0.02161744,0.02161744,0.02161744,0.05711001,0.02706406,0.02161744,0.05711001,0.02161744,0.02161744,0.05711001,0.02161744,0.02161744,
0.02161744,0.02161744,0.02161744,0.02161744,0.05711001,0.02161744,0.02706406,0.02161744,0.02161744,0.02161744,0.02161744,0.02161744,0.04395185,0.02161744,0.05711001,0.02161744,0.02161744,0.05711001,0.02161744,0.02161744,0.02161744,0.02161744,0.05711001,0.02161744,0.05711001,0.02161744,0.05711001,0.02161744,0.02161744,0.05711001,
0.02161744,0.02161744,0.05365977,0.02161744,0.02161744,0.05711001,0.02161744,0.02161744,0.02161744,0.02161744,0.05711001,0.02161744,0.02161744,0.02161744,0.02161744,0.02161744,0.02161744,0.02161744,0.02161744,0.02161744,0.02161744,0.02161744,0.02161744,0.02161744,0.0834557,0.05711001,0.02161744,0.02161744,0.02161744,0.02161744,
0.02161744,0.02161744,0.02161744,0.02161744,0.02161744,0.05711001,0.02161744,0.02161744,0.02161744,0.02161744,0.02161744,0.02161744,0.02161744,0.02161744,0.05711001,0.02161744,0.05711001,0.02161744,0.02161744,0.02161744,0.02161744,0.02161744,0.02161744,0.05711001,0.02161744,0.02161744,0.05711001,0.07468847,0.02161744,0.02161744,
0.02161744,0.02161744,0.02161744,0.05711001,0.05711001,0.02161744,0.02161744,0.02161744,0.02161744,0.02161744,0.02161744,0.02161744,0.02161744,0.02161744,0.02161744,0.07393559,0.02161744,0.05711001,0.02161744,0.02161744,0.02161744,0.02161744,0.02161744,0.05711001,0.02161744,0.02161744,0.05711001,0.02161744,0.02161744,0.05711001,
0.02161744,0.02161744,0.02161744,0.02161744,0.05711001,0.02161744,0.02161744,0.07393559,0.02161744,0.02161744,0.05711001,0.02161744,0.02161744,0.02161744,0.02161744,0.02161744,0.02161744,0.02161744,0.02161744,0.02161744,0.07393559,0.02161744,0.02161744,0.09880974,0.02161744,0.09114651,0.02161744,0.02161744,0.02161744,0.02161744,
0.07393559,0.02161744,0.02161744,0.02161744,0.02161744,0.02161744,0.02161744,0.02161744,0.02161744,0.02161744,0.02161744,0.02161744,0.02161744,0.02161744,0.02161744,0.02161744,0.02161744,0.02161744,0.05711001,0.02161744,0.02161744,0.02161744,0.02161744,0.02161744,0.02161744,0.02161744,0.04683229,0.02161744,0.02161744,0.08161938,
0.02161744,0.02161744,0.02161744,0.02161744,0.02161744,0.02161744,0.02161744,0.02161744,0.02161744,0.02161744,0.02161744,0.02161744,0.02161744,0.02161744,0.02161744,0.02161744,0.02161744,0.02161744,0.02161744,0.0760264,0.02161744,0.02161744,0.02161744,0.02161744,0.02161744,0.02161744,0.02161744,0.02161744,0.02161744,0.06930824,
0.02161744,0.0760264,0.02161744,0.02161744,0.02161744,0.02161744,0.02161744,0.02161744,0.02161744,0.02161744,0.02161744,0.02161744,0.02161744,0.02161744,0.07725207,0.02161744,0.02161744,0.02161744,0.02161744,0.0760264,0.06930824,0.02161744,0.02161744,0.02161744,0.02161744,0.02161744,0.02161744,0.02161744,0.02161744,0.0760264,
0.02161744,0.02161744,0.02161744,0.02161744,0.0461916,0.0760264,0.02161744,0.06930824,0.02161744,0.07725207,0.07725207,0.02161744,0.02161744,0.02161744,0.0760264,0.02161744,0.02161744,0.02161744,0.02161744,0.02161744,0.02161744,0.02161744,0.02161744,0.07725207,0.02161744,0.0760264,0.02161744,0.02161744,0.02161744,0.02161744,
0.02161744,0.02161744,0.02161744,0.02161744,0.0984593,0.02161744,0.0760264,0.02161744,0.02161744,0.02161744,0.02161744,0.02161744,0.07725207,0.07725207,0.02161744,0.02161744,0.02161744,0.02161744,0.02161744,0.02161744,0.02161744,0.02161744,0.02161744,0.02161744,0.02161744,0.02161744,0.0760264,0.02161744,0.02161744,0.02161744,
0.02161744,0.02161744,0.02161744,0.007340646,0.02161744,0.02161744,0.02161744,0.07725207,0.0984593,0.02161744,0.02161744,0.02161744,0.02161744,0.02161744,0.07725207,0.0984593,0.02161744,0.02161744,0.02161744,0.08438709,0.02161744,0.02161744,0.02161744,0.02161744,0.0760264,0.02161744,0.02161744,0.02161744,0.02161744,0.0760264,
0.02161744,0.02161744,0.07725207,0.02161744,0.02161744,0.02161744,0.07725207,0.02161744,0.07725207,0.02161744,0.02161744,0.02161744,0.02161744,0.02161744,0.0760264,0.02161744,0.02161744,0.02161744,0.02161744,0.08438709,0.07448798,0.02161744,0.02161744,0.02161744,0.02161744,0.02161744,0.08438709,0.02161744,0.02161744,0.02161744,
0.02161744,0.02161744,0.02161744,0.07725207,0.02161744,0.08438709,0.07725207,0.02161744,0.02161744,0.02161744,0.07725207,0.02161744,0.02161744,0.02161744,0.02161744,0.02161744,0.02161744,0.02161744,0.08438709,0.02161744,0.02161744,0.02161744,0.02161744,0.02161744,0.02161744,0.02161744,0.02161744,0.02161744,0.02161744,0.02161744,
0.07725207,0.02161744,0.02161744,0.08438709,0.07725207,0.07725207,0.02161744,0.02161744,0.07725207,0.02161744,0.07725207,0.09700841,0.02161744,0.02161744,0.02161744,0.07725207,0.02161744,0.07725207,0.04922741,0.02161744,0.07725207,0.02161744,0.02161744,0.02161744,0.02161744,0.02161744,0.02161744,0.02161744,0.02161744,0.02161744,
0.02161744,0.07725207,0.09700841,0.08438709,0.02161744,0.02161744,0.08438709,0.07725207,0.09910635,0.07725207,0.02161744,0.07725207,0.02161744,0.07725207,0.02161744,0.09700841,0.02161744,0.02161744,0.07725207,0.07725207,0.02161744,0.02161744,0.02161744,0.05044786,0.02161744,0.02161744,0.07725207,0.02161744,0.07725207,0.02161744,
0.02161744,0.02161744,0.08438709,0.07725207,0.07725207,0.02161744,0.02161744,0.02161744,0.09700841,0.02161744,0.09700841,0.07725207,0.02161744,0.09700841,0.07725207,0.02161744,0.02161744,0.07725207,0.02161744,0.02161744,0.02161744,0.09910635,0.07725207,0.09700841,0.07725207,0.02161744,0.04254399,0.02161744,0.07725207,0.07725207,
0.02161744,0.02161744,0.02161744,0.07725207,0.08438709,0.02161744,0.08438709,0.02161744,0.02793027,0.07725207,0.02161744,0.02161744,0.02161744,0.02161744,0.02161744,0.07725207,0.02161744,0.02161744,0.07725207,0.02161744,0.07549617,0.09700841,0.07725207,0.07725207,0.09700841,0.02161744,0.02161744,0.09700841,0.02161744,0.09368046,
0.07725207,0.09700841,0.06758682,0.09700841,0.02161744,0.09700841,0.02161744,0.07725207,0.07725207,0.02161744,0.07549617,0.02161744,0.02161744,0.02161744,0.07725207,0.09368046,0.02161744,0.02161744,0.07107323,0.02161744,0.07725207,0.08438709,0.07549617,0.02161744,0.07725207,0.09700841,0.02161744,0.07725207,0.07725207,0.08438709,
0.08438709,0.07725207,0.02161744,0.07107323,0.07725207,0.09700841,0.02161744,0.02161744,0.07549617,0.07725207,0.08438709,0.09368046,0.02161744,0.08438709,0.06571034,0.07725207,0.09700841,0.02161744,0.07107323,0.07725207,0.09700841,0.02161744,0.07725207,0.09368046,0.07725207,0.07549617,0.02161744,0.07725207,0.09700841,0.07725207,
0.07725207,0.02161744,0.07549617,0.07725207,0.07725207,0.07725207,0.08438709,0.07725207,0.07725207,0.07725207,0.07725207,0.08438709,0.07725207,0.07107323,0.02161744,0.09368046,0.07107323,0.07725207,0.02161744,0.07725207,0.09700841,0.07107323,0.09368046,0.07725207,0.08438709,0.07107323,0.004764486,0.09700841,0.08438709,0.07725207,
0.07107323,0.08438709,0.07107323,0.07107323,0.07549617,0.07725207,0.07725207,0.07725207,0.07725207,0.07725207,0.09700841,0.004764486,0.07725207,0.07725207,0.07725207,0.07107323,0.01288244,0.07725207,0.07725207,0.07725207,0.02161744,0.07549617,0.07725207,0.07725207,0.07725207,0.07725207,0.02161744,0.07725207,0.004764486,0.07107323,
0.07725207,0.07725207,0.07255242,0.06237248,0.07549617,0.02161744,0.07107323,0.07725207,0.02161744,0.07725207,0.07107323,0.07725207,0.09700841,0.063742,0.07725207,0.07725207,0.07549617,0.07725207,0.07725207,0.004764486,0.07725207,0.07725207,0.07725207,0.07725207,0.07725207,0.07549617,0.07107323,0.07725207,0.07107323,0.004764486,
0.07725207,0.07725207,0.07725207,0.07725207,0.07725207,0.07725207,0.07725207,0.07725207,0.02161744,0.07549617,0.07725207,0.07725207,0.07725207,0.07725207,0.07725207,0.07725207,0.07725207,0.07107323,0.07549617,0.07725207,0.07725207,0.07725207,0.07725207,0.07725207,0.07725207,0.07107323,0.06237248,0.07107323,0.07725207,0.06237248,
0.07725207,0.07725207,0.07725207,0.07725207,0.07725207,0.07725207,0.07725207,0.07725207,0.07725207,0.07725207,0.07725207,0.07725207,0.02161744,0.07725207,0.07725207,0.06237248,0.06237248,0.07725207,0.07725207,0.07725207,0.07725207,0.07725207,0.07725207,0.07725207,0.06237248,0.07725207,0.07549617,0.07725207,0.07107323,0.07725207,
0.02161744,0.07725207,0.07725207,0.07725207,0.06237248,0.07725207,0.07725207,0.07725207,0.06237248,0.07725207,0.07725207,0.07725207,0.07725207,0.07725207,0.07725207,0.06237248,0.07725207,0.07725207,0.07725207,0.07725207,0.07725207,0.07725207,0.03605423,0.06237248,0.07725207,0.07725207,0.07725207,0.07725207,0.07725207,0.07725207,
0.07725207,0.07725207,0.07725207,0.07725207,0.07471233,0.07725207,0.02161744,0.07725207,0.07725207,0.07725207,0.07725207,0.07725207,0.06237248,0.07725207,0.07725207,0.03605423,0.03605423,0.07725207,0.05853321,0.07725207,0.05108298,0.03605423,0.07725207,0.07725207,0.07725207,0.07725207,0.07725207,0.07725207,0.02252544,0.07725207,
0.07725207,0.07725207,0.07725207,0.07725207,0.07725207,0.07725207,0.07725207,0.07725207,0.02252544,0.07725207,0.07725207,0.07725207,0.02161744,0.07725207,0.03605423,0.07725207,0.07725207,0.07725207,0.07725207,0.07725207,0.07725207,0.07725207,0.03605423,0.07725207,0.07725207,0.07725207,0.03605423,0.07725207,0.07725207,0.02252544,
0.02252544,0.07725207,0.07725207,0.07725207,0.07725207,0.07725207,0.07725207,0.07725207,0.07725207,0.07725207,0.07725207,0.07725207,0.07725207,0.07725207,0.07725207,0.02252544,0.02161744,0.02252544,0.07725207,0.07725207,0.02252544,0.07725207,0.07725207,0.02252544,0.07725207,0.07725207,0.02988474,0.06138961,0.07725207,0.07725207,
0.06138961,0.07725207,0.07725207,0.07725207,0.07725207,0.07725207,0.07725207,0.06138961,0.02252544,0.07725207,0.02161744,0.06138961,0.04365847,0.07725207,0.07725207,0.02161744,0.02252544,0.07725207,0.07725207,0.07725207,0.07725207,0.07725207,0.02252544,0.07725207,0.02252544,0.07725207,0.07725207,0.02161744,0.02252544,0.07725207,
0.06138961,0.02252544,0.06138961,0.02252544,0.02252544,0.07725207,0.07725207,0.02161744,0.07725207,0.07725207,0.07725207,0.07725207,0.07725207,0.06138961,0.07725207,0.07725207,0.04365847,0.02252544,0.07725207,0.07725207,0.07725207,0.07725207,0.07725207,0.07725207,0.02252544,0.02161744,0.02252544,0.07725207,0.07725207,0.07725207,
0.07725207,0.07725207,0.02252544,0.02252544,0.02161744,0.07725207,0.06138961,0.07725207,0.07725207,0.07725207,0.02252544,0.02252544,0.07725207,0.07725207,0.07725207,0.07725207,0.07725207,0.02252544,0.07725207,0.02252544,0.07725207,0.02252544,0.06138961,0.07725207,0.04365847,0.02252544,0.06138961,0.04365847,0.02053891,0.07725207,
0.07725207,0.02252544,0.02252544,0.02252544,0.02252544,0.07725207,0.07725207,0.02252544,0.07725207,0.07725207,0.02252544,0.02252544,0.02252544,0.04365847,0.02053891,0.07725207,0.02161744,0.02252544,0.07725207,0.07725207,0.02252544,0.07725207,0.02252544,0.07725207,0.07725207,0.07725207,0.02252544,0.06225534,0.07725207,0.02252544,
