0.2079302,0.1631965,0.3474841,0.1737197,0.3590999,0.06065434,0.1376583,0.14816,0.2720999,0.4403837,0.03617406,0.1544103,0.01073116,0.09312791,0.1656793,0.2793545,0.03507721,0.4969563,0.2629405,0.4956424,0.2988395,0.01464933,0.4938575,0.3482863,0.08511597,0.4521617,0.2669105,0.1146942,0.02440137,0.1733106,
0.3474841,0.2629405,0.1544103,0.1544103,0.4403837,0.4969563,0.3474841,0.2720999,0.4521617,0.2720999,0.2720999,0.2669105,0.2669105,0.3474841,0.4956424,0.4969563,0.1733106,0.4969563,0.1544103,0.3482863,0.1631965,0.06065434,0.4403837,0.3590999,0.4969563,0.1733106,0.2988395,0.2720999,0.4956424,0.2629405,
0.3474841,0.2629405,0.2720999,0.2720999,0.1544103,0.4969563,0.1733106,0.2720999,0.2720999,0.3590999,0.4956424,0.1733106,0.2429142,0.3474841,0.2988395,0.4969563,0.2988395,0.2720999,0.2720999,0.4956424,0.3590999,0.4403837,0.3482863,0.2720999,0.2720999,0.2669105,0.2988395,0.1733106,0.1733106,0.2720999,
0.2429142,0.2629405,0.2720999,0.1986757,0.2720999,0.3482863,0.2988395,0.3590999,0.3474841,0.2429142,0.2988395,0.1733106,0.3590999,0.3482863,0.3474841,0.2720999,0.2988395,0.1091223,0.2669105,0.4969563,0.2720999,0.1733106,0.2720999,0.2720999,0.4403837,0.4956424,0.1733106,0.1632641,0.2720999,0.4969563,
0.2429142,0.2429142,0.2988395,0.2720999,0.2988395,0.2669105,0.3590999,0.2429142,0.1733106,0.2988395,0.1632641,0.1986757,0.2720999,0.3474841,0.2720999,0.2720999,0.2429142,0.2720999,0.1733106,0.1632641,0.2720999,0.3590999,0.2988395,0.3482863,0.2720999,0.1986757,0.4956424,0.1986757,0.3474841,0.3474841,
0.2429142,0.2429142,0.2429142,0.2720999,0.2720999,0.1986757,0.1632641,0.3474841,0.2720999,0.2988395,0.1632641,0.2720999,0.3590999,0.2429142,0.3590999,0.2720999,0.2720999,0.2988395,0.2429142,0.1986757,0.3474841,0.1986757,0.2429142,0.1733106,0.2429142,0.2988395,0.2720999,0.2720999,0.1733106,0.3482863,
0.2429142,0.2429142,0.2720999,0.2720999,0.2429142,0.2720999,0.3474841,0.2429142,0.1733106,0.2720999,0.2429142,0.3843133,0.2720999,0.2720999,0.2429142,0.2429142,0.3482863,0.2429142,0.2720999,0.2429142,0.1986757,0.2720999,0.1986757,0.1733106,0.2429142,0.2720999,0.1632641,0.2429142,0.2429142,0.2429142,
0.2429142,0.2429142,0.1632641,0.1986757,0.2720999,0.2720999,0.1632641,0.2429142,0.2720999,0.2429142,0.2429142,0.2429142,0.2720999,0.1632641,0.1986757,0.2429142,0.2429142,0.2429142,0.2429142,0.2720999,0.2720999,0.2429142,0.2429142,0.2325785,0.2720999,0.3333031,0.3482863,0.2429142,0.2429142,0.1733106,
0.2429142,0.2429142,0.2429142,0.2429142,0.2429142,0.2429142,0.3333031,0.2429142,0.2429142,0.2325785,0.2429142,0.3333031,0.2429142,0.2429142,0.2429142,0.2361564,0.2720999,0.2429142,0.2429142,0.2720999,0.2720999,0.2720999,0.2429142,0.3333031,0.3482863,0.1274786,0.2429142,0.3333031,0.2429142,0.2429142,
0.2429142,0.2429142,0.2429142,0.3333031,0.2361564,0.3185255,0.2429142,0.2429142,0.2720999,0.2429142,0.2429142,0.2429142,0.2429142,0.2361564,0.2429142,0.2429142,0.2720999,0.2429142,0.2429142,0.3333031,0.2720999,0.2429142,0.4085661,0.2429142,0.4909167,0.2361564,0.2429142,0.2720999,0.2429142,0.2325785,
0.2429142,0.2429142,0.2720999,0.08299673,0.2161969,0.2361564,0.2429142,0.2429142,0.2361564,0.2429142,0.3333031,0.2429142,0.2429142,0.2361564,0.2429142,0.2429142,0.2429142,0.2361564,0.2720999,0.2429142,0.3333031,0.2429142,0.2429142,0.2429142,0.2429142,0.3333031,0.2429142,0.1144364,0.03605229,0.2429142,
0.2429142,0.2429142,0.2429142,0.2429142,0.2429142,0.2429142,0.2429142,0.2720999,0.2429142,0.3333031,0.2429142,0.2429142,0.2429142,0.2429142,0.2361564,0.1144364,0.2429142,0.2429142,0.2429142,0.3333031,0.2429142,0.2429142,0.2720999,0.2429142,0.2429142,0.2429142,0.1144364,0.2429142,0.2429142,0.2429142,
0.3333031,0.3333031,0.3333031,0.2429142,0.3333031,0.2429142,0.2429142,0.2429142,0.2429142,0.2429142,0.2429142,0.3333031,0.2429142,0.2429142,0.4373485,0.2556436,0.2429142,0.2429142,0.1144364,0.2429142,0.3333031,0.2429142,0.3333031,0.3768607,0.2429142,0.2720999,0.3333031,0.2429142,0.2429142,0.2429142,
0.2556436,0.2429142,0.2429142,0.3579525,0.3333031,0.2429142,0.3333031,0.3333031,0.3333031,0.2429142,0.2720999,0.2429142,0.1378972,0.3333031,0.2720999,0.2429142,0.2720999,0.2429142,0.3333031,0.2429142,0.2429142,0.2556436,0.3333031,0.3333031,0.2429142,0.2429142,0.2429142,0.2429142,0.3333031,0.2429142,
0.2429142,0.2429142,0.3333031,0.2429142,0.2429142,0.2429142,0.3333031,0.3333031,0.3333031,0.2429142,0.2429142,0.3333031,0.3333031,0.2429142,0.3333031,0.01020902,0.2720999,0.4132237,0.2429142,0.3333031,0.3333031,0.04470944,0.3333031,0.2556436,0.2429142,0.2429142,0.08889186,0.3333031,0.2429142,0.2429142,
0.2429142,0.3333031,0.3333031,0.4132237,0.2429142,0.3333031,0.3333031,0.3333031,0.2429142,0.3333031,0.3333031,0.2429142,0.2429142,0.3333031,0.3333031,0.3333031,0.3333031,0.2720999,0.3333031,0.2720999,0.3333031,0.3333031,0.2429142,0.3333031,0.3333031,0.2429142,0.2429142,0.03440744,0.3333031,0.2429142,
0.2429142,0.2429142,0.3333031,0.3333031,0.3333031,0.2720999,0.3333031,0.2429142,0.3333031,0.3333031,0.3333031,0.2429142,0.3333031,0.3333031,0.3333031,0.4018651,0.2429142,0.3333031,0.2429142,0.3333031,0.2429142,0.3333031,0.3333031,0.3333031,0.3333031,0.3333031,0.3333031,0.3333031,0.2429142,0.3333031,
0.2429142,0.2429142,0.2565385,0.3333031,0.3333031,0.3333031,0.3333031,0.3333031,0.3333031,0.3333031,0.2429142,0.3333031,0.3333031,0.3333031,0.2429142,0.3333031,0.3333031,0.3333031,0.2429142,0.3333031,0.3333031,0.2429142,0.2429142,0.2429142,0.3333031,0.3333031,0.3333031,0.3333031,0.3333031,0.2720999,
0.2429142,0.2429142,0.3333031,0.3333031,0.2429142,0.2429142,0.3333031,0.3333031,0.2429142,0.3333031,0.2429142,0.3333031,0.3333031,0.3333031,0.3333031,0.2429142,0.2429142,0.2429142,0.3333031,0.2720999,0.3333031,0.2429142,0.3333031,0.3333031,0.3333031,0.2429142,0.3333031,0.3333031,0.3091613,0.3333031,
0.2429142,0.2429142,0.2429142,0.3333031,0.3333031,0.3333031,0.2429142,0.2429142,0.3333031,0.3333031,0.328962,0.2429142,0.3333031,0.2720999,0.3333031,0.2429142,0.2429142,0.3333031,0.3333031,0.3333031,0.3333031,0.2720999,0.2429142,0.3333031,0.3333031,0.3333031,0.2429142,0.3333031,0.3333031,0.3333031,
0.2429142,0.2429142,0.3333031,0.3333031,0.2429142,0.2429142,0.3333031,0.3333031,0.3333031,0.2429142,0.3333031,0.2429142,0.2429142,0.3333031,0.2429142,0.3333031,0.3333031,0.3333031,0.3333031,0.3333031,0.2429142,0.2429142,0.2429142,0.2429142,0.2720999,0.2429142,0.2429142,0.2429142,0.3333031,0.2429142,
0.2429142,0.2429142,0.2429142,0.2429142,0.2429142,0.3333031,0.2429142,0.3333031,0.2368684,0.3333031,0.2429142,0.2429142,0.2429142,0.3333031,0.3333031,0.3333031,0.2429142,0.3333031,0.3333031,0.3333031,0.2429142,0.2429142,0.3333031,0.2429142,0.2429142,0.2429142,0.3333031,0.2429142,0.2429142,0.2429142,
0.2429142,0.2429142,0.2429142,0.2429142,0.2429142,0.2429142,0.2429142,0.2429142,0.1877936,0.2429142,0.2429142,0.2368684,0.2429142,0.2429142,0.2429142,0.217623,0.2429142,0.3333031,0.2429142,0.2429142,0.3333031,0.3333031,0.4338583,0.2429142,0.3333031,0.4402916,0.2429142,0.2429142,0.2429142,0.3395695,
0.2429142,0.2429142,0.2429142,0.2429142,0.2429142,0.4338583,0.3333031,0.2429142,0.2429142,0.2429142,0.2429142,0.2429142,0.2429142,0.2429142,0.3333031,0.2429142,0.2429142,0.2429142,0.2429142,0.2429142,0.2429142,0.3333031,0.2429142,0.1877936,0.2429142,0.2429142,0.2429142,0.2368684,0.3333031,0.2429142,
0.2429142,0.2429142,0.2429142,0.3670244,0.2368684,0.2429142,0.2429142,0.2429142,0.2429142,0.2429142,0.2429142,0.2429142,0.2429142,0.2429142,0.2429142,0.2429142,0.2429142,0.3333031,0.2429142,0.2368684,0.2429142,0.3333031,0.2429142,0.2429142,0.2429142,0.2429142,0.2429142,0.2429142,0.3333031,0.2429142,
0.2429142,0.2429142,0.2429142,0.2429142,0.2368684,0.07073468,0.1410759,0.2429142,0.2429142,0.2429142,0.3333031,0.2429142,0.2429142,0.2429142,0.2429142,0.2429142,0.2429142,0.3670244,0.2429142,0.4927118,0.2429142,0.2429142,0.2429142,0.2429142,0.3333031,0.2368684,0.2429142,0.2429142,0.2429142,0.2429142,
0.2429142,0.2429142,0.2429142,0.2429142,0.2429142,0.1410759,0.2429142,0.2429142,0.4927118,0.2368684,0.2429142,0.2429142,0.2429142,0.2429142,0.2429142,0.2429142,0.2429142,0.2429142,0.2429142,0.2429142,0.2368684,0.2429142,0.2429142,0.2429142,0.2429142,0.2429142,0.4927118,0.2429142,0.2429142,0.2429142,
0.2429142,0.2429142,0.2429142,0.2429142,0.2429142,0.2368684,0.2429142,0.3155468,0.2368684,0.2429142,0.2429142,0.2429142,0.2429142,0.2429142,0.2368684,0.2429142,0.2429142,0.4927118,0.2368684,0.2429142,0.2429142,0.2429142,0.2429142,0.2429142,0.4927118,0.2429142,0.2429142,0.2429142,0.2429142,0.2429142,
0.2429142,0.2429142,0.2429142,0.2429142,0.2429142,0.2429142,0.2429142,0.2368684,0.1551272,0.2368684,0.2368684,0.3155468,0.2429142,0.2429142,0.2368684,0.2368684,0.2429142,0.354653,0.2429142,0.2368684,0.2429142,0.2429142,0.2429142,0.3155468,0.2429142,0.2429142,0.2429142,0.2429142,0.2368684,0.1036866,
0.2429142,0.2429142,0.2429142,0.07035667,0.2429142,0.2429142,0.2429142,0.2429142,0.2429142,0.2368684,0.2429142,0.2429142,0.2368684,0.2429142,0.2429142,0.2429142,0.3155468,0.2368684,0.2368684,0.2429142,0.2429142,0.2429142,0.2429142,0.2429142,0.3155468,0.2368684,0.2429142,0.2429142,0.2429142,0.3155468,
0.3155468,0.3155468,0.2368684,0.2429142,0.2429142,0.2429142,0.2429142,0.2368684,0.3155468,0.3155468,0.2429142,0.2429142,0.2429142,0.2429142,0.2429142,0.2429142,0.2429142,0.2429142,0.3155468,0.3155468,0.2429142,0.2429142,0.2429142,0.2429142,0.3155468,0.2429142,0.2429142,0.2429142,0.2429142,0.3155468,
0.3155468,0.3155468,0.3155468,0.3155468,0.3155468,0.3155468,0.2429142,0.3155468,0.2429142,0.3155468,0.2429142,0.3155468,0.2429142,0.2429142,0.3155468,0.2368684,0.3155468,0.2429142,0.2429142,0.2429142,0.3155468,0.3155468,0.2429142,0.3155468,0.2429142,0.3155468,0.2429142,0.3155468,0.3155468,0.2368684,
0.3155468,0.3155468,0.2368684,0.2429142,0.3155468,0.3155468,0.3155468,0.3155468,0.3155468,0.3155468,0.3155468,0.2429142,0.03510523,0.3155468,0.3155468,0.3155468,0.3155468,0.3155468,0.2429142,0.3155468,0.3155468,0.3155468,0.3155468,0.2429142,0.3155468,0.3155468,0.2429142,0.3155468,0.3155468,0.1030819,
0.3155468,0.3155468,0.3155468,0.2368684,0.3155468,0.3155468,0.3155468,0.3155468,0.3155468,0.1030819,0.3155468,0.3155468,0.3155468,0.2368684,0.3155468,0.3155468,0.3155468,0.3155468,0.3155468,0.3155468,0.1507947,0.3155468,0.3155468,0.3155468,0.3155468,0.3155468,0.3155468,0.2429142,0.3155468,0.2429142,
0.3155468,0.3155468,0.3155468,0.3940229,0.3155468,0.3155468,0.3155468,0.3155468,0.3155468,0.3155468,0.3155468,0.3155468,0.3155468,0.3989848,0.3155468,0.3155468,0.3155468,0.3155468,0.2429142,0.3155468,0.3155468,0.3155468,0.3155468,0.3155468,0.3155468,0.3155468,0.3155468,0.3155468,0.3155468,0.3155468,
0.2429142,0.3155468,0.3155468,0.3155468,0.3155468,0.3155468,0.3155468,0.3155468,0.3155468,0.3155468,0.3940229,0.3155468,0.3155468,0.3155468,0.3155468,0.3155468,0.3155468,0.3155468,0.3155468,0.1190167,0.3155468,0.3155468,0.3155468,0.3155468,0.3155468,0.3155468,0.3155468,0.3155468,0.3155468,0.3155468,
0.2429142,0.3155468,0.3155468,0.3155468,0.3155468,0.3155468,0.3155468,0.3155468,0.3155468,0.3155468,0.3155468,0.3155468,0.3940229,0.3155468,0.01428097,0.3155468,0.2828723,0.3155468,0.3155468,0.3155468,0.3155468,0.3155468,0.05822766,0.476598,0.3155468,0.3155468,0.3155468,0.3155468,0.3155468,0.3155468,
0.3155468,0.3155468,0.3155468,0.3155468,0.3155468,0.2429142,0.3155468,0.3155468,0.2429142,0.3155468,0.3155468,0.3155468,0.3155468,0.3155468,0.2429142,0.3155468,0.3155468,0.3155468,0.3155468,0.2429142,0.3155468,0.3940229,0.3155468,0.3155468,0.3155468,0.3155468,0.3155468,0.3155468,0.3155468,0.3155468,
0.2429142,0.2429142,0.3155468,0.3155468,0.3155468,0.2429142,0.3155468,0.3155468,0.2429142,0.2429142,0.3155468,0.3155468,0.2429142,0.3155468,0.3155468,0.3155468,0.2429142,0.3155468,0.3155468,0.3155468,0.2429142,0.3155468,0.3155468,0.3155468,0.3155468,0.2429142,0.3155468,0.3155468,0.3155468,0.3940229,
0.2429142,0.2429142,0.3155468,0.3155468,0.3155468,0.3155468,0.3155468,0.2429142,0.2429142,0.2429142,0.3155468,0.3155468,0.3155468,0.2429142,0.3155468,0.3155468,0.3242866,0.3155468,0.2429142,0.2429142,0.3155468,0.3155468,0.3155468,0.2429142,0.3155468,0.2516468,0.3155468,0.3155468,0.2429142,0.2429142,
0.2516468,0.2429142,0.3542291,0.2429142,0.3155468,0.3155468,0.3155468,0.2429142,0.3155468,0.2516468,0.3155468,0.3155468,0.3155468,0.2429142,0.3155468,0.2516468,0.3155468,0.3155468,0.2429142,0.3155468,0.3155468,0.3155468,0.3155468,0.2429142,0.3155468,0.2237464,0.3155468,0.3155468,0.3155468,0.3155468,
0.2516468,0.2516468,0.3514461,0.2940628,0.3155468,0.3155468,0.05467677,0.3155468,0.2429142,0.3155468,0.3542291,0.2429142,0.2516468,0.3155468,0.2516468,0.1802025,0.3155468,0.3155468,0.3155468,0.1022574,0.3155468,0.3155468,0.2429142,0.2429142,0.2429142,0.3155468,0.3155468,0.2516468,0.3155468,0.3422003,
0.3422003,0.2516468,0.2516468,0.3155468,0.3928068,0.3155468,0.2516468,0.2429142,0.3155468,0.3155468,0.2940628,0.1802025,0.3155468,0.3155468,0.2429142,0.2940757,0.3155468,0.05467677,0.3155468,0.3155468,0.2516468,0.3422003,0.3155468,0.2762801,0.3155468,0.3155468,0.2516468,0.2429142,0.2429142,0.3155468,
0.3155468,0.3155468,0.3155468,0.3155468,0.02269506,0.3155468,0.2429142,0.3155468,0.3155468,0.2940628,0.2429142,0.3155468,0.3155468,0.3422003,0.2762801,0.3928068,0.3155468,0.2516468,0.2940757,0.2940757,0.2516468,0.2429142,0.3155468,0.1802025,0.2429142,0.3155468,0.2516468,0.2429142,0.2516468,0.2516468,
0.2762801,0.3422003,0.2516468,0.2516468,0.2762801,0.3155468,0.2429142,0.3155468,0.2940757,0.2940757,0.3155468,0.2516468,0.3155468,0.3155468,0.2940757,0.2516468,0.3155468,0.3155468,0.3155468,0.3422003,0.2429142,0.3155468,0.2762801,0.3155468,0.3155468,0.3928068,0.2940628,0.2429142,0.2802439,0.2516468,
0.2516468,0.2516468,0.3928068,0.2516468,0.2762801,0.3155468,0.2516468,0.3155468,0.2429142,0.3155468,0.3928068,0.3155468,0.3422003,0.2516468,0.3172396,0.1178063,0.2762801,0.3155468,0.2516468,0.2802439,0.2516468,0.3155468,0.3928068,0.2429142,0.2940757,0.2762801,0.3155468,0.2940757,0.2762801,0.3155468,
0.2516468,0.2516468,0.3155468,0.3928068,0.2516468,0.2516468,0.2516468,0.2429142,0.3155468,0.3928068,0.3928068,0.2516468,0.2802439,0.3928068,0.3155468,0.3155468,0.3928068,0.2429142,0.3928068,0.2940757,0.3155468,0.2516468,0.3928068,0.2429142,0.2762801,0.2762801,0.2762801,0.3155468,0.1178063,0.3155468,
0.2516468,0.2516468,0.2802439,0.3155468,0.3155468,0.2516468,0.2516468,0.3928068,0.3928068,0.2516468,0.3155468,0.2516468,0.2516468,0.2429142,0.2516468,0.3155468,0.3155468,0.2762801,0.2516468,0.2429142,0.3155468,0.1178063,0.3155468,0.3155468,0.3155468,0.3155468,0.2762801,0.2516468,0.1178063,0.2762801,
0.2516468,0.2516468,0.2762801,0.2762801,0.3155468,0.2762801,0.2516468,0.2516468,0.2516468,0.3155468,0.2802439,0.3155468,0.2516468,0.2516468,0.3155468,0.3155468,0.196514,0.3155468,0.03058654,0.2516468,0.2516468,0.2762801,0.2516468,0.3928068,0.3155468,0.3928068,0.2429142,0.2516468,0.2516468,0.3155468,
0.2516468,0.2516468,0.3155468,0.2516468,0.2762801,0.3155468,0.3928068,0.2516468,0.3155468,0.3928068,0.3155468,0.3155468,0.3155468,0.2516468,0.2516468,0.2516468,0.2762801,0.2516468,0.3928068,0.2516468,0.2762801,0.2762801,0.2516468,0.2429142,0.2516468,0.2516468,0.3928068,0.3155468,0.3928068,0.2762801,
0.2516468,0.2516468,0.2516468,0.2516468,0.2516468,0.3155468,0.2762801,0.2887392,0.2807752,0.2516468,0.3928068,0.3155468,0.2762801,0.2516468,0.2516468,0.2762801,0.3928068,0.3155468,0.2516468,0.2762801,0.2516468,0.2516468,0.2516468,0.1500862,0.3155468,0.3155468,0.2516468,0.3928068,0.3928068,0.3928068,
0.2516468,0.2516468,0.2516468,0.3155468,0.2762801,0.3928068,0.2516468,0.3928068,0.3928068,0.2516468,0.2516468,0.3928068,0.2516468,0.2516468,0.2886127,0.2516468,0.2762801,0.2762801,0.2516468,0.2516468,0.3928068,0.2516468,0.3928068,0.2516468,0.2762801,0.2516468,0.3928068,0.3155468,0.2516468,0.2516468,
0.2516468,0.2516468,0.2516468,0.2762801,0.2516468,0.3421252,0.2516468,0.2762801,0.2516468,0.2516468,0.3928068,0.4159152,0.2516468,0.221358,0.2516468,0.2762801,0.2516468,0.2516468,0.2516468,0.2762801,0.2762801,0.2762801,0.2516468,0.3928068,0.2516468,0.2516468,0.2516468,0.059129,0.2516468,0.2516468,
0.2516468,0.2516468,0.2516468,0.2516468,0.2762801,0.221358,0.2516468,0.2516468,0.2516468,0.2762801,0.2516468,0.2762801,0.2516468,0.2516468,0.2516468,0.2516468,0.2762801,0.2762801,0.2516468,0.2762801,0.2516468,0.2762801,0.2516468,0.2516468,0.2516468,0.2516468,0.2516468,0.2762801,0.2516468,0.2516468,
0.2762801,0.2762801,0.2762801,0.2516468,0.2516468,0.2516468,0.2762801,0.2516468,0.2516468,0.2516468,0.2516468,0.2516468,0.2516468,0.2516468,0.2762801,0.2516468,0.2516468,0.2762801,0.2516468,0.2516468,0.2762801,0.2516468,0.2762801,0.2762801,0.2516468,0.2516468,0.2762801,0.2762801,0.2762801,0.2516468,
0.2762801,0.2762801,0.2718383,0.2762801,0.2516468,0.2762801,0.2516468,0.2762801,0.2516468,0.2762801,0.2516468,0.2762801,0.1984461,0.2516468,0.2516468,0.2516468,0.2516468,0.2516468,0.2762801,0.2762801,0.2516468,0.2516468,0.3387126,0.2516468,0.2516468,0.2762801,0.2762801,0.2516468,0.4209291,0.2762801,
0.2762801,0.3387126,0.2429339,0.2516468,0.3387126,0.2762801,0.2762801,0.3387126,0.2762801,0.2516468,0.2516468,0.2762801,0.2516468,0.2762801,0.1984461,0.2762801,0.3387126,0.2762801,0.4397649,0.2516468,0.1984461,0.2762801,0.2762801,0.2516468,0.2762801,0.3387126,0.2762801,0.2762801,0.2762801,0.2762801,
0.2516468,0.2516468,0.2762801,0.2762801,0.2762801,0.06604618,0.2762801,0.1984461,0.2762801,0.2762801,0.3387126,0.1984461,0.2516468,0.2762801,0.3387126,0.2516468,0.3387126,0.3387126,0.3387126,0.2516468,0.2429339,0.2762801,0.2762801,0.2762801,0.2516468,0.2762801,0.2368533,0.4397649,0.2762801,0.2762801,
0.2516468,0.2516468,0.3387126,0.2516468,0.2762801,0.2762801,0.2762801,0.2516468,0.4397649,0.2762801,0.2762801,0.2762801,0.2516468,0.2762801,0.2516468,0.2762801,0.3387126,0.2762801,0.2762801,0.2762801,0.2762801,0.2762801,0.2762801,0.2762801,0.3387126,0.2762801,0.2762801,0.2516468,0.2762801,0.2762801,
0.2516468,0.2516468,0.2762801,0.2762801,0.2762801,0.2762801,0.2762801,0.3387126,0.2516468,0.3387126,0.2762801,0.2762801,0.3387126,0.2762801,0.2516468,0.2463762,0.2762801,0.2516468,0.3387126,0.2762801,0.2762801,0.3387126,0.2762801,0.2762801,0.2762801,0.2762801,0.2516468,0.1983741,0.3387126,0.2762801,
0.2516468,0.2516468,0.2516468,0.2762801,0.2762801,0.2762801,0.3387126,0.2762801,0.3387126,0.3387126,0.3387126,0.2762801,0.2762801,0.3524749,0.2762801,0.2762801,0.2762801,0.2516468,0.2762801,0.2516468,0.2762801,0.2762801,0.2516468,0.2762801,0.2516468,0.3387126,0.2762801,0.2762801,0.2762801,0.2762801,
0.2516468,0.2516468,0.2762801,0.2762801,0.2516468,0.2762801,0.3085291,0.2762801,0.4023615,0.2762801,0.3387126,0.2762801,0.2762801,0.2516468,0.3387126,0.09362096,0.3387126,0.2762801,0.2762801,0.2516468,0.2516468,0.2762801,0.2516468,0.2516468,0.2516468,0.1402218,0.2516468,0.2516468,0.2762801,0.2762801,
0.2516468,0.2516468,0.2762801,0.1402218,0.2516468,0.2516468,0.2762801,0.2762801,0.2516468,0.2762801,0.2516468,0.2516468,0.4023615,0.2762801,0.2762801,0.2516468,0.2762801,0.3387126,0.3387126,0.3387126,0.2762801,0.2516468,0.2762801,0.4023615,0.2516468,0.3387126,0.2762801,0.2762801,0.2762801,0.2516468,
0.2516468,0.2516468,0.2762801,0.2762801,0.2762801,0.2516468,0.2762801,0.2762801,0.2762801,0.3387126,0.2762801,0.3387126,0.2762801,0.2762801,0.4023615,0.2516468,0.3387126,0.2516468,0.2762801,0.1605727,0.2762801,0.4023615,0.3387126,0.2762801,0.2762801,0.2762801,0.2762801,0.4023615,0.2516468,0.2516468,
0.2516468,0.2516468,0.2379456,0.007303238,0.3387126,0.2762801,0.4023615,0.3387126,0.3387126,0.2516468,0.3387126,0.2762801,0.4023615,0.2762801,0.4023615,0.3387126,0.2762801,0.2762801,0.2762801,0.2516468,0.2516468,0.2762801,0.2762801,0.4852562,0.1605727,0.2762801,0.2516468,0.2762801,0.2516468,0.2762801,
0.2516468,0.2516468,0.2762801,0.2762801,0.4023615,0.2516468,0.2762801,0.2516468,0.2762801,0.3387126,0.4023615,0.3387126,0.3387126,0.2516468,0.3387126,0.3387126,0.2762801,0.3387126,0.2762801,0.2762801,0.2762801,0.2516468,0.2516468,0.1605727,0.2516468,0.4852562,0.2762801,0.2379456,0.2516468,0.2516468,
0.2516468,0.2516468,0.3387126,0.3387126,0.2762801,0.2516468,0.3387126,0.2762801,0.4023615,0.2516468,0.2516468,0.2762801,0.2762801,0.4023615,0.3387126,0.2762801,0.2762801,0.2516468,0.2516468,0.2762801,0.2516468,0.2762801,0.2379456,0.2516468,0.3387126,0.2762801,0.02423787,0.2762801,0.2516468,0.2762801,
0.2516468,0.2516468,0.2762801,0.2516468,0.2516468,0.2762801,0.2762801,0.2762801,0.3387126,0.3387126,0.2516468,0.2762801,0.2516468,0.2516468,0.2516468,0.2516468,0.2516468,0.2516468,0.2516468,0.2762801,0.3387126,0.2516468,0.2516468,0.4023615,0.2762801,0.2762801,0.2762801,0.2762801,0.4023615,0.2762801,
0.2762801,0.2762801,0.2516468,0.4023615,0.2762801,0.2516468,0.3387126,0.4023615,0.2762801,0.2516468,0.2516468,0.4023615,0.2762801,0.2762801,0.2516468,0.3558909,0.2762801,0.3387126,0.2516468,0.357471,0.2516468,0.2762801,0.2762801,0.3387126,0.2762801,0.2516468,0.2516468,0.3387126,0.2516468,0.2516468,
0.2516468,0.2516468,0.2762801,0.2762801,0.2762801,0.2762801,0.3387126,0.2516468,0.2516468,0.2516468,0.3387126,0.357471,0.2762801,0.2762801,0.3387126,0.2762801,0.2762801,0.3387126,0.3387126,0.3387126,0.1312077,0.3387126,0.2516468,0.003178656,0.2762801,0.3387126,0.4023615,0.2762801,0.2516468,0.2516468,
0.2516468,0.2516468,0.2516468,0.2516468,0.2516468,0.3002728,0.2762801,0.3387126,0.2762801,0.2516468,0.3387126,0.3387126,0.2516468,0.2762801,0.2516468,0.2516468,0.2516468,0.006231725,0.2762801,0.2516468,0.2516468,0.2516468,0.3387126,0.2762801,0.4023615,0.2762801,0.2762801,0.3387126,0.2516468,0.2762801,
0.2516468,0.2516468,0.3387126,0.2762801,0.2516468,0.3387126,0.2516468,0.004353344,0.2516468,0.2257282,0.3387126,0.2516468,0.2516468,0.2516468,0.2762801,0.2516468,0.2762801,0.3387126,0.2762801,0.2516468,0.2762801,0.2516468,0.2516468,0.2516468,0.2762801,0.2516468,0.2762801,0.3387126,0.2516468,0.2762801,
0.2516468,0.2516468,0.2762801,0.2762801,0.3387126,0.2762801,0.4322287,0.3387126,0.2762801,0.2762801,0.2516468,0.2516468,0.3387126,0.2516468,0.2516468,0.2516468,0.2516468,0.2516468,0.2762801,0.2762801,0.3387126,0.3387126,0.2516468,0.2516468,0.2762801,0.2516468,0.2516468,0.2516468,0.2762801,0.2516468,
0.2516468,0.2516468,0.2516468,0.2762801,0.2516468,0.2516468,0.2762801,0.2516468,0.2516468,0.2762801,0.2516468,0.3387126,0.4322287,0.3387126,0.2762801,0.2516468,0.2516468,0.2762801,0.2516468,0.3387126,0.3627093,0.2516468,0.2762801,0.2762801,0.2516468,0.2516468,0.2516468,0.2762801,0.2762801,0.3387126,
0.2516468,0.2516468,0.2762801,0.3387126,0.2516468,0.2516468,0.2762801,0.3627093,0.2516468,0.2516468,0.2516468,0.2516468,0.2762801,0.2516468,0.2762801,0.2762801,0.2516468,0.2516468,0.2762801,0.2762801,0.2516468,0.3387126,0.2516468,0.2762801,0.2516468,0.2516468,0.3387126,0.2516468,0.2516468,0.2762801,
0.2516468,0.2516468,0.2516468,0.2516468,0.2762801,0.2516468,0.2516468,0.2762801,0.2762801,0.2762801,0.2516468,0.2516468,0.2516468,0.2516468,0.2762801,0.2516468,0.2516468,0.2516468,0.2762801,0.2516468,0.2516468,0.2516468,0.2762801,0.05866742,0.2516468,0.2516468,0.2762801,0.2516468,0.2762801,0.2570182,
0.2516468,0.2516468,0.2516468,0.2516468,0.2762801,0.2516468,0.2762801,0.2516468,0.2762801,0.2516468,0.2762801,0.2570182,0.2516468,0.2516468,0.2516468,0.2516468,0.2762801,0.2570182,0.2516468,0.2516468,0.2762801,0.2762801,0.2516468,0.2762801,0.2516468,0.2762801,0.2516468,0.2516468,0.1796885,0.2762801,
0.2762801,0.2762801,0.2516468,0.2516468,0.2762801,0.2516468,0.2762801,0.2516468,0.2762801,0.2762801,0.2570182,0.2516468,0.02149969,0.2762801,0.2516468,0.2762801,0.2762801,0.2516468,0.2516468,0.2762801,0.2516468,0.2516468,0.2516468,0.2762801,0.2762801,0.2570182,0.2762801,0.2516468,0.2516468,0.2762801,
0.2762801,0.2762801,0.2762801,0.2762801,0.2516468,0.2762801,0.2762801,0.2762801,0.2762801,0.2516468,0.2516468,0.2516468,0.2762801,0.2516468,0.2762801,0.2516468,0.2762801,0.2516468,0.2516468,0.2516468,0.2516468,0.2762801,0.2762801,0.2516468,0.2516468,0.2516468,0.2305329,0.2516468,0.1138651,0.2762801,
0.2762801,0.2762801,0.2762801,0.2516468,0.2305329,0.2762801,0.2762801,0.2762801,0.2762801,0.2762801,0.2516468,0.2516468,0.2516468,0.2762801,0.2516468,0.2762801,0.2516468,0.2762801,0.2762801,0.2516468,0.2516468,0.4577604,0.2762801,0.2516468,0.2516468,0.2762801,0.2516468,0.2762801,0.4754633,0.2762801,
0.2516468,0.2516468,0.2762801,0.2909612,0.2762801,0.2516468,0.2516468,0.2516468,0.2762801,0.2762801,0.2762801,0.2762801,0.2516468,0.2762801,0.2762801,0.2762801,0.2516468,0.2762801,0.2516468,0.2762801,0.2516468,0.4577604,0.2762801,0.2516468,0.4754633,0.2516468,0.2762801,0.2762801,0.2762801,0.2516468,
0.2516468,0.2516468,0.2762801,0.2762801,0.2762801,0.2516468,0.2516468,0.2516468,0.2762801,0.2516468,0.2516468,0.2516468,0.2762801,0.2516468,0.2762801,0.2516468,0.2762801,0.4120156,0.2762801,0.2762801,0.2762801,0.2762801,0.2762801,0.4577604,0.2516468,0.2762801,0.2762801,0.2762801,0.2516468,0.2762801,
0.2516468,0.2516468,0.2762801,0.2762801,0.2516468,0.2762801,0.2762801,0.2762801,0.2762801,0.2762801,0.2516468,0.2516468,0.2516468,0.2762801,0.2762801,0.2516468,0.2516468,0.2762801,0.2762801,0.2762801,0.2762801,0.2516468,0.2762801,0.2762801,0.320708,0.2516468,0.2762801,0.2762801,0.2516468,0.2516468,
0.2516468,0.2516468,0.2762801,0.2516468,0.2762801,0.2762801,0.2762801,0.2762801,0.2762801,0.2516468,0.2516468,0.2762801,0.2516468,0.2762801,0.2516468,0.2762801,0.2516468,0.2762801,0.2762801,0.2762801,0.320708,0.06247967,0.2516468,0.2762801,0.2516468,0.2516468,0.2516468,0.2516468,0.320708,0.2516468,
0.2516468,0.2516468,0.2762801,0.2762801,0.2516468,0.2762801,0.2762801,0.2516468,0.2516468,0.2762801,0.2762801,0.2516468,0.2516468,0.2654344,0.02118891,0.2516468,0.2516468,0.2516468,0.2516468,0.2516468,0.2762801,0.2762801,0.2516468,0.2516468,0.3837034,0.2482574,0.2762801,0.2762801,0.2762801,0.2516468,
0.2516468,0.2482574,0.4637691,0.2516468,0.2762801,0.2516468,0.2762801,0.3837034,0.2762801,0.2762801,0.2516468,0.2516468,0.2516468,0.2516468,0.2762801,0.2516468,0.2762801,0.2516468,0.2516468,0.2516468,0.2762801,0.2762801,0.2516468,0.2762801,0.2516468,0.2516468,0.2762801,0.2762801,0.2762801,0.2516468,
0.2516468,0.2516468,0.2516468,0.2516468,0.2762801,0.2762801,0.2762801,0.2762801,0.3837034,0.2516468,0.2762801,0.2516468,0.2762801,0.2762801,0.2762801,0.4637691,0.2762801,0.2482574,0.3386364,0.2762801,0.2516468,0.2516468,0.2516468,0.2516468,0.2762801,0.2516468,0.2516468,0.2762801,0.2762801,0.2762801,
0.2516468,0.2516468,0.2762801,0.2762801,0.2762801,0.2762801,0.2762801,0.2762801,0.2762801,0.2516468,0.2516468,0.2762801,0.2762801,0.2762801,0.2516468,0.2762801,0.2762801,0.2762801,0.2516468,0.2516468,0.2516468,0.2516468,0.2516468,0.2516468,0.2762801,0.2762801,0.2762801,0.2516468,0.05757916,0.2762801,
0.2516468,0.2516468,0.2762801,0.2762801,0.2516468,0.2516468,0.2762801,0.2762801,0.2762801,0.2516468,0.2762801,0.2762801,0.2516468,0.2762801,0.2762801,0.2762801,0.2516468,0.2516468,0.2762801,0.2516468,0.2762801,0.2762801,0.2516468,0.2762801,0.2762801,0.2516468,0.2762801,0.2762801,0.2762801,0.2516468,
0.2762801,0.2762801,0.2516468,0.2762801,0.2762801,0.2516468,0.2762801,0.2516468,0.2762801,0.2516468,0.2762801,0.2762801,0.2762801,0.2762801,0.2762801,0.4849715,0.2762801,0.4940635,0.2762801,0.2516468,0.2762801,0.2762801,0.2516468,0.2516468,0.2762801,0.2516468,0.2516468,0.2762801,0.2762801,0.2762801,
0.2516468,0.2516468,0.2762801,0.2762801,0.2762801,0.4940635,0.2516468,0.2516468,0.4940635,0.2516468,0.2516468,0.2762801,0.3757144,0.2762801,0.2516468,0.2762801,0.2516468,0.2762801,0.2762801,0.2762801,0.2762801,0.2762801,0.2762801,0.2762801,0.2516468,0.2762801,0.2762801,0.2762801,0.2762801,0.4849715,
0.2516468,0.2516468,0.2516468,0.2762801,0.2516468,0.2762801,0.2762801,0.2762801,0.2762801,0.2762801,0.2516468,0.2762801,0.2516468,0.2762801,0.2516468,0.2516468,0.2762801,0.2516468,0.2762801,0.2762801,0.2762801,0.2762801,0.2516468,0.2762801,0.2762801,0.2762801,0.2516468,0.2762801,0.2762801,0.2762801,
0.2516468,0.2516468,0.2516468,0.2762801,0.2762801,0.2762801,0.2762801,0.2762801,0.05372167,0.2516468,0.2762801,0.2762801,0.2516468,0.2762801,0.438924,0.2516468,0.2762801,0.2516468,0.2762801,0.2516468,0.06264752,0.2762801,0.2762801,0.2516468,0.2762801,0.2762801,0.2516468,0.2762801,0.2762801,0.2516468,
0.2516468,0.2516468,0.2762801,0.2516468,0.2762801,0.2516468,0.2516468,0.306543,0.2762801,0.2516468,0.2762801,0.2762801,0.2762801,0.2762801,0.2516468,0.2762801,0.2516468,0.2516468,0.2118385,0.2762801,0.2762801,0.2516468,0.2516468,0.438924,0.2762801,0.2516468,0.2516468,0.2516468,0.2762801,0.2762801,
0.2516468,0.2516468,0.2762801,0.4226918,0.2516468,0.2516468,0.2516468,0.2516468,0.2762801,0.2516468,0.2762801,0.2762801,0.1858351,0.3525922,0.2762801,0.2516468,0.2516468,0.2762801,0.2762801,0.2762801,0.2762801,0.438924,0.2516468,0.2516468,0.438924,0.2762801,0.2762801,0.2762801,0.2516468,0.2516468,
0.2516468,0.2516468,0.2516468,0.2516468,0.2516468,0.2516468,0.2516468,0.2762801,0.2516468,0.2516468,0.2762801,0.2762801,0.2516468,0.2762801,0.2516468,0.2762801,0.2516468,0.2762801,0.2762801,0.2516468,0.2762801,0.2516468,0.2516468,0.2762801,0.2762801,0.2516468,0.2762801,0.2516468,0.2516468,0.4226918,
0.2516468,0.2516468,0.2516468,0.2516468,0.3454948,0.2516468,0.2516468,0.2516468,0.2762801,0.2516468,0.2762801,0.2762801,0.2516468,0.2516468,0.2762801,0.2516468,0.2762801,0.2516468,0.2516468,0.2762801,0.2762801,0.2516468,0.2516468,0.2762801,0.2516468,0.2762801,0.2516468,0.2762801,0.2516468,0.2516468,
0.2516468,0.2516468,0.2516468,0.2516468,0.2762801,0.2762801,0.2516468,0.2516468,0.2516468,0.2516468,0.2762801,0.2516468,0.2516468,0.2762801,0.2516468,0.2762801,0.2516468,0.2516468,0.2516468,0.2516468,0.2762801,0.2516468,0.2516468,0.2516468,0.2516468,0.2762801,0.2762801,0.1532569,0.2516468,0.2762801,
0.2516468,0.2516468,0.2516468,0.2762801,0.2762801,0.2762801,0.2516468,0.2516468,0.2171116,0.2762801,0.2516468,0.2762801,0.2516468,0.2516468,0.1850789,0.2516468,0.2516468,0.2516468,0.2516468,0.2516468,0.2907311,0.2516468,0.2516468,0.2516468,0.2516468,0.2516468,0.2516468,0.2516468,0.2516468,0.2762801,
0.2516468,0.2516468,0.2516468,0.2516468,0.2762801,0.2516468,0.2516468,0.2171116,0.2516468,0.2516468,0.2907311,0.2516468,0.2762801,0.2516468,0.2516468,0.2516468,0.2762801,0.2762801,0.2992758,0.2516468,0.1850789,0.2516468,0.2516468,0.2516468,0.2171116,0.2516468,0.2516468,0.2516468,0.2762801,0.2516468,
0.2516468,0.2516468,0.2516468,0.2516468,0.2762801,0.2516468,0.2516468,0.2516468,0.2171116,0.4119347,0.2516468,0.2516468,0.2762801,0.2516468,0.2516468,0.2516468,0.2907311,0.2516468,0.2992758,0.2516468,0.2762801,0.2516468,0.2516468,0.2762801,0.2762801,0.2762801,0.2516468,0.2516468,0.2907311,0.2516468,
0.2516468,0.2516468,0.2762801,0.2516468,0.2516468,0.2516468,0.4119347,0.2516468,0.2762801,0.2516468,0.2516468,0.2516468,0.2907311,0.3325876,0.2762801,0.4745093,0.2907311,0.2907311,0.2516468,0.2992758,0.2907311,0.4119347,0.2907311,0.2762801,0.2516468,0.2516468,0.2516468,0.2516468,0.2516468,0.2516468,
0.2516468,0.2516468,0.2516468,0.2762801,0.2516468,0.3133671,0.2992758,0.2516468,0.2516468,0.2516468,0.2762801,0.2516468,0.4119347,0.2516468,0.2762801,0.4193587,0.2516468,0.2516468,0.2762801,0.2516468,0.2516468,0.4745093,0.2516468,0.2516468,0.2516468,0.2516468,0.2516468,0.2516468,0.2762801,0.2516468,
0.2516468,0.2516468,0.2516468,0.2516468,0.2516468,0.2516468,0.2992758,0.2516468,0.3741698,0.2762801,0.2762801,0.2516468,0.4745093,0.4745093,0.2516468,0.4745093,0.2516468,0.2516468,0.2516468,0.2762801,0.2762801,0.2516468,0.2516468,0.2516468,0.2516468,0.2516468,0.2516468,0.2716273,0.2516468,0.2762801,
0.2516468,0.2516468,0.2516468,0.2516468,0.3741698,0.2516468,0.2516468,0.2110199,0.3741698,0.1975808,0.2716273,0.2516468,0.2762801,0.4745093,0.4745093,0.2516468,0.2516468,0.4745093,0.2516468,0.2762801,0.242894,0.2516468,0.2516468,0.2516468,0.2516468,0.2516468,0.2762801,0.2516468,0.2768466,0.2716273,
0.2516468,0.2516468,0.2516468,0.242894,0.4745093,0.2516468,0.2516468,0.2516468,0.0725162,0.2516468,0.2516468,0.2716273,0.1975808,0.2516468,0.1975808,0.2516468,0.2516468,0.2716273,0.2516468,0.2516468,0.3741698,0.2110199,0.07655287,0.2516468,0.2516468,0.2516468,0.242894,0.242894,0.2516468,0.2516468,
0.2516468,0.2516468,0.2516468,0.242894,0.2516468,0.01921546,0.2516468,0.2516468,0.2516468,0.2516468,0.2716273,0.242894,0.242894,0.2516468,0.1975808,0.2516468,0.2516468,0.2516468,0.2716273,0.2516468,0.2516468,0.2227648,0.2516468,0.2716273,0.2516468,0.2516468,0.2516468,0.2516468,0.2516468,0.2516468,
0.2716273,0.2716273,0.01921546,0.242894,0.2716273,0.2516468,0.2516468,0.2516468,0.2516468,0.2516468,0.2516468,0.007042587,0.2516468,0.2516468,0.2516468,0.242894,0.2516468,0.2516468,0.2516468,0.2516468,0.2516468,0.2516468,0.1031271,0.2516468,0.2516468,0.2227648,0.2516468,0.2516468,0.2716273,0.2516468,
0.2716273,0.2716273,0.351984,0.2516468,0.2516468,0.2516468,0.2516468,0.2516468,0.2516468,0.2516468,0.2516468,0.2516468,0.2716273,0.2516468,0.2516468,0.2516468,0.2516468,0.2716273,0.2516468,0.2516468,0.2716273,0.2516468,0.2516468,0.2516468,0.2716273,0.2516468,0.2716273,0.2516468,0.2516468,0.4028196,
0.351984,0.2516468,0.2716273,0.2516468,0.2716273,0.2516468,0.4028196,0.2516468,0.2716273,0.2516468,0.2516468,0.2516468,0.2516468,0.05437285,0.2516468,0.2516468,0.2516468,0.2516468,0.1062707,0.4028196,0.2716273,0.2752882,0.2716273,0.2716273,0.2516468,0.2516468,0.351984,0.2716273,0.2516468,0.2716273,
0.2516468,0.2516468,0.2716273,0.2516468,0.2516468,0.351984,0.4028196,0.4028196,0.2516468,0.2716273,0.2516468,0.4028196,0.2716273,0.2752882,0.2516468,0.2516468,0.2516468,0.2716273,0.2716273,0.2516468,0.2752882,0.2716273,0.4028196,0.2516468,0.2516468,0.2516468,0.2716273,0.2365366,0.2716273,0.2716273,
0.2516468,0.2516468,0.2716273,0.2516468,0.2516468,0.2365366,0.351984,0.2716273,0.2716273,0.2516468,0.2516468,0.03057039,0.4028196,0.4028196,0.2516468,0.2716273,0.2516468,0.351984,0.4028196,0.2752882,0.2516468,0.2752882,0.2516468,0.2516468,0.2716273,0.2716273,0.4028196,0.4028196,0.2516468,0.2516468,
0.2516468,0.2516468,0.2516468,0.2716273,0.2365366,0.351984,0.4028196,0.2752882,0.2516468,0.2516468,0.2516468,0.2516468,0.1245104,0.2716273,0.2716273,0.2716273,0.2516468,0.2516468,0.4028196,0.4028196,0.2752882,0.2516468,0.2365366,0.2516468,0.2716273,0.2516468,0.2516468,0.2716273,0.2516468,0.2516468,
0.2516468,0.2516468,0.2516468,0.2516468,0.2516468,0.2516468,0.2365366,0.2716273,0.2365366,0.2716273,0.2516468,0.2516468,0.2716273,0.2516468,0.2516468,0.2516468,0.2516468,0.2516468,0.2516468,0.3832603,0.2752882,0.2716273,0.2752882,0.2516468,0.2716273,0.2716273,0.4392983,0.4028196,0.2516468,0.2516468,
0.2516468,0.2516468,0.2365366,0.2516468,0.2516468,0.2716273,0.2516468,0.2761633,0.2516468,0.2716273,0.2516468,0.1310377,0.2516468,0.3832603,0.2716273,0.2716273,0.4448524,0.2516468,0.2365366,0.2516468,0.2752882,0.2752882,0.2516468,0.2716273,0.2516468,0.2716273,0.2716273,0.2716273,0.3184446,0.2516468,
0.2516468,0.2516468,0.2365366,0.2516468,0.2516468,0.2752882,0.2516468,0.2752882,0.2516468,0.2716273,0.2716273,0.2716273,0.2516468,0.2716273,0.2516468,0.2516468,0.2365366,0.2516468,0.2752882,0.2516468,0.2516468,0.3143316,0.3184446,0.2365366,0.2716273,0.2516468,0.1579824,0.3700125,0.2716273,0.4307356,
0.2516468,0.2516468,0.2716273,0.4817778,0.2716273,0.2516468,0.2716273,0.2516468,0.2516468,0.2516468,0.2516468,0.2516468,0.2365366,0.08899271,0.2516468,0.03658265,0.2516468,0.2516468,0.2516468,0.4307356,0.2752882,0.2516468,0.2516468,0.2516468,0.4307356,0.2516468,0.2516468,0.2516468,0.2365366,0.4385076,
0.2516468,0.2516468,0.2516468,0.4385076,0.2716273,0.2516468,0.2516468,0.2516468,0.4307356,0.2516468,0.2516468,0.2516468,0.2516468,0.2516468,0.4296602,0.2365366,0.2365366,0.2516468,0.2516468,0.2516468,0.2516468,0.2516468,0.2516468,0.2516468,0.2516468,0.2516468,0.2365366,0.2516468,0.2516468,0.2516468,
0.2516468,0.2516468,0.4385076,0.2516468,0.2516468,0.2365366,0.2516468,0.2516468,0.2516468,0.2516468,0.2516468,0.2716273,0.2516468,0.2516468,0.2516468,0.2516468,0.2365366,0.2516468,0.2516468,0.4307356,0.2516468,0.4531379,0.2516468,0.2516468,0.2516468,0.4307356,0.2365366,0.2516468,0.2516468,0.2516468,
0.2516468,0.2516468,0.2516468,0.2516468,0.2516468,0.2516468,0.2516468,0.2365366,0.2516468,0.2516468,0.2516468,0.4307356,0.2516468,0.2516468,0.4531379,0.2516468,0.4385076,0.2516468,0.1387331,0.2516468,0.2516468,0.2516468,0.2516468,0.2516468,0.2516468,0.1513238,0.2516468,0.2516468,0.2365366,0.2716273,
0.2516468,0.2516468,0.2516468,0.2516468,0.2516468,0.2516468,0.2516468,0.2516468,0.4531379,0.2516468,0.2516468,0.2516468,0.2516468,0.2516468,0.2516468,0.2516468,0.4385076,0.2516468,0.2516468,0.4385076,0.2516468,0.2516468,0.3979483,0.2516468,0.2516468,0.2516468,0.2365366,0.2516468,0.2516468,0.2516468,
0.2516468,0.2516468,0.2516468,0.2516468,0.2516468,0.2516468,0.164063,0.2516468,0.2516468,0.2516468,0.2516468,0.2516468,0.2516468,0.2365366,0.2516468,0.4531379,0.2516468,0.2516468,0.2516468,0.2516468,0.2516468,0.2516468,0.2516468,0.2516468,0.4385076,0.2516468,0.4385076,0.2516468,0.2516468,0.2516468,
0.2516468,0.2516468,0.2516468,0.4531379,0.2516468,0.2516468,0.4756845,0.2516468,0.2516468,0.2516468,0.2516468,0.2365366,0.2516468,0.2516468,0.2516468,0.2516468,0.2516468,0.2516468,0.2516468,0.2516468,0.2516468,0.2516468,0.2516468,0.2516468,0.4440592,0.2516468,0.2365366,0.2516468,0.2516468,0.2516468,
0.2516468,0.2516468,0.2516468,0.4756845,0.2516468,0.2516468,0.2516468,0.2516468,0.4440592,0.2516468,0.2516468,0.2516468,0.2516468,0.101213,0.2516468,0.2365366,0.2516468,0.2516468,0.2516468,0.2516468,0.2516468,0.2365366,0.2516468,0.2516468,0.2365366,0.2516468,0.2516468,0.2516468,0.2516468,0.2516468,
0.2516468,0.2516468,0.2516468,0.2516468,0.2516468,0.2516468,0.2365366,0.2516468,0.3211392,0.2516468,0.2516468,0.2516468,0.2516468,0.2516468,0.2516468,0.2516468,0.2516468,0.2516468,0.2516468,0.2516468,0.2516468,0.2516468,0.2365366,0.4756845,0.2516468,0.2516468,0.2365366,0.2516468,0.2516468,0.2516468,
0.2516468,0.2516468,0.2516468,0.2516468,0.2516468,0.2516468,0.2365366,0.2365366,0.2516468,0.2516468,0.2516468,0.102789,0.2365366,0.2516468,0.2516468,0.2365366,0.2365366,0.2516468,0.07823002,0.2516468,0.2516468,0.2516468,0.2516468,0.2516468,0.2516468,0.2516468,0.2516468,0.2516468,0.3211392,0.2516468,
0.2516468,0.2516468,0.3211392,0.1456275,0.2516468,0.2365366,0.2516468,0.2365366,0.2516468,0.2516468,0.2516468,0.2516468,0.2516468,0.2516468,0.2516468,0.102789,0.2365366,0.2516468,0.2365366,0.2516468,0.2516468,0.2516468,0.3211392,0.2516468,0.2516468,0.2516468,0.2516468,0.2516468,0.2365366,0.2365366,
0.3211392,0.3211392,0.2365366,0.2516468,0.2516468,0.2365366,0.3211392,0.2516468,0.2365366,0.2516468,0.2516468,0.2365366,0.3211392,0.2516468,0.3211392,0.2516468,0.2365366,0.2516468,0.2516468,0.2516468,0.2365366,0.2516468,0.2516468,0.2516468,0.2516468,0.2365366,0.2516468,0.2516468,0.3211392,0.2516468,
0.3211392,0.3211392,0.2516468,0.2516468,0.2516468,0.2516468,0.2516468,0.2516468,0.2516468,0.3211392,0.2516468,0.3211392,0.3211392,0.2516468,0.2365366,0.2516468,0.2365366,0.2365366,0.2516468,0.2516468,0.3211392,0.3211392,0.3211392,0.2516468,0.2516468,0.2516468,0.2516468,0.2365366,0.2365366,0.2516468,
0.3211392,0.3211392,0.2516468,0.3211392,0.3211392,0.2516468,0.3211392,0.2516468,0.3211392,0.2516468,0.2516468,0.2516468,0.2365366,0.2516468,0.2516468,0.2516468,0.2516468,0.2516468,0.3211392,0.2516468,0.2516468,0.1028074,0.2516468,0.2516468,0.3211392,0.2516468,0.2516468,0.2516468,0.3211392,0.3211392,
0.3211392,0.3211392,0.2516468,0.2516468,0.2516468,0.2516468,0.2516468,0.3211392,0.2516468,0.2516468,0.2516468,0.1028074,0.2516468,0.2516468,0.2365366,0.2516468,0.3211392,0.3211392,0.2516468,0.2516468,0.2516468,0.06695336,0.2516468,0.2516468,0.3211392,0.2365366,0.3211392,0.2516468,0.2516468,0.2516468,
0.3211392,0.3211392,0.3211392,0.3211392,0.2365366,0.2516468,0.2516468,0.3211392,0.2516468,0.2365366,0.2516468,0.2516468,0.2382615,0.3211392,0.2365366,0.3211392,0.3211392,0.3211392,0.2516468,0.2516468,0.3211392,0.3211392,0.1028074,0.3211392,0.2516468,0.2516468,0.2516468,0.2516468,0.2516468,0.2516468,
