0
0.5718199
0.5719995
0.5358926
0.5372903
0.537317
0.537334
0.5373427
0.5373356
0.5373192
0.5373118
0.5363762
0.470317
0.5376021
0.537316
0.5373468
0.5373247
0.537329
0.5373414
0.5373518
0.537312
0.5373181
0.5373343
0.5373541
0.5373451
0.5373361
0.5372938
0.537312
0.537329
0.537315
0.4406489
0.4407073
0.44097
0.4408111
0.4409737
0.5373133
0.5373095
0.4942761
0.5373115
0.5373229
0.5384856
0.5385336
0.5810832
0.6202791
0.6001992
0.5385152
0.5385399
0.53852
0.5384995
0.5379386
0.5385322
0.5384925
0.5385444
0.538552
0.3663188
0.3662022
0.527908
0.5385027
0.5384408
0.5385289
0.5385082
0.5385114
0.538472
0.5385175
0.5385255
0.5385011
0.5385201
0.5385042
0.5279118
0.5385067
0.5385193
0.5385138
0.5385021
0.5385002
0.5385032
0.5385403
0.5384807
0.3662525
0.3662148
0.3661905
0.5384902
0.5385321
0.5385037
0.538506
0.5385131
0.5384666
0.5385304
0.538509
0.538515
0.3661907
0.5384849
0.5385256
0.5385036
0.5385158
0.5385287
0.5385233
0.5384901
0.5385371
0.5385217
0.5385153
0.5385244
0.5385232
0.5385374
0.538532
0.538525
0.5385289
0.5385059
0.3585662
0.358245
0.5615866
0.5385208
0.5384995
0.5385334
0.5385104
0.5384867
0.5385198
0.5385359
0.5385327
0.5385374
0.5385487
0.5385235
0.5385312
0.5385541
0.5385141
0.5385387
0.5385332
0.5381951
0.4507155
0.4506117
0.4507778
0.4506563
0.4510989
