0.2379087,0.1609136,0.5718199,0.1785497,0.4520731,0.03852599,0.1219729,0.1373497,0.3588723,0.3863744,0.02413843,0.1468696,0.01452046,0.06692553,0.1645385,0.3724393,0.02365463,0.3507356,0.5350569,0.3512674,0.5100939,0.01570744,0.3523429,0.4619157,0.05926606,0.3774955,0.5339739,0.09134109,0.01913492,0.1777967,
0.5719995,0.5318405,0.1466421,0.1465576,0.3862618,0.35074,0.4627814,0.5311543,0.3773725,0.530959,0.5309897,0.5338674,0.5338373,0.4624568,0.3512301,0.351076,0.3947386,0.3507189,0.2998723,0.4614,0.3470242,0.03852084,0.3863016,0.4518514,0.3506583,0.394419,0.5096194,0.5310006,0.3513297,0.5350436,
0.4625047,0.5349963,0.5305763,0.5306506,0.2995237,0.3507361,0.3944141,0.5303565,0.5304177,0.4514418,0.3512804,0.3945284,0.5358926,0.4624453,0.5101794,0.3507263,0.5101246,0.5310302,0.5311035,0.351406,0.4517567,0.3861727,0.4619341,0.5310587,0.5311245,0.5338447,0.509786,0.394716,0.394833,0.5303511,
0.5371373,0.5343028,0.5304772,0.4785739,0.5304056,0.4616265,0.5102027,0.4515527,0.4629151,0.5372903,0.5096967,0.3948054,0.4513452,0.4619389,0.4628808,0.5310186,0.5097235,0.08510495,0.3491938,0.3507789,0.5310585,0.3944431,0.5303743,0.5303506,0.3862147,0.351269,0.3944535,0.3479166,0.5303169,0.3507982,
0.5372381,0.537239,0.5097222,0.5310399,0.5096362,0.5337941,0.4516534,0.537317,0.3944722,0.5095865,0.3478766,0.4771512,0.530358,0.4624541,0.5310676,0.5309615,0.5372975,0.5304816,0.3947411,0.3479797,0.5303294,0.4513826,0.5100461,0.4617353,0.5310266,0.4786441,0.3513612,0.478641,0.4623719,0.4626839,
0.5373037,0.5372899,0.5372744,0.5304826,0.5305735,0.4786113,0.3477707,0.4623269,0.530986,0.5097256,0.3478532,0.5303539,0.4513013,0.537334,0.4514206,0.5310276,0.5310754,0.5097155,0.537306,0.4788026,0.4624099,0.4785934,0.536054,0.3947406,0.535945,0.5096799,0.5309684,0.5309827,0.3948222,0.4615209,
0.5372777,0.5372831,0.5305181,0.530587,0.5372671,0.5304775,0.4624791,0.5373427,0.3948442,0.5303484,0.5372077,0.4295469,0.5311025,0.5311253,0.5372765,0.5372401,0.461504,0.5373159,0.5305419,0.537226,0.4788412,0.5303693,0.4787096,0.3947264,0.5358711,0.5304388,0.3477897,0.5360452,0.5360441,0.536082,
0.5361127,0.5362098,0.3478867,0.4772123,0.5305885,0.5305831,0.3480182,0.5358125,0.5304418,0.5370536,0.5369506,0.5369579,0.5304328,0.347862,0.4770837,0.5359672,0.5359814,0.5359863,0.5360269,0.530443,0.5305049,0.5372732,0.5372426,0.5312074,0.5303757,0.4768152,0.4616736,0.5373356,0.5373027,0.3944541,
0.5358359,0.5358536,0.5358839,0.5358917,0.5360587,0.5360719,0.4768359,0.5372587,0.537241,0.53136,0.5363368,0.4767851,0.5373192,0.5372545,0.5372522,0.5343475,0.5304921,0.5372547,0.5372224,0.5305188,0.5305398,0.5305709,0.5372528,0.4767313,0.4616735,0.1076831,0.3036296,0.4704303,0.3035499,0.303531,
0.3031959,0.3032712,0.3032638,0.4694485,0.2904071,0.4457078,0.3035095,0.3031641,0.3589583,0.3036511,0.3032878,0.303281,0.3032867,0.2907032,0.3036567,0.303701,0.3590287,0.3036529,0.303182,0.4696909,0.35843,0.3033099,0.4090906,0.5373118,0.3532505,0.5344557,0.536418,0.5304915,0.5371298,0.5312743,
0.5363098,0.5363762,0.5304385,0.05721659,0.2533372,0.2907918,0.3038022,0.3035386,0.2907245,0.3033603,0.4703242,0.3035451,0.3032404,0.2907035,0.3035918,0.3034694,0.3035868,0.2907224,0.3589304,0.3036696,0.4694752,0.3035426,0.3031576,0.3032013,0.3033067,0.4699815,0.3036,0.09107895,0.02410596,0.3037136,
0.3035447,0.3036,0.3035971,0.303483,0.3034528,0.3034485,0.3034649,0.3588144,0.3033125,0.470317,0.3036017,0.3032123,0.3031854,0.3031828,0.2906701,0.091043,0.3035621,0.3036833,0.3036688,0.4696306,0.3031452,0.3031366,0.3588034,0.3035531,0.3033841,0.303394,0.09106823,0.3036685,0.3037052,0.3037118,
0.4700612,0.4700707,0.4697087,0.3035299,0.4703417,0.3035164,0.3034861,0.3034926,0.3031827,0.303325,0.3033201,0.470408,0.3036236,0.3035557,0.3878599,0.5376021,0.5370725,0.5369827,0.0911431,0.303737,0.4703744,0.3034821,0.4702286,0.4360152,0.5373235,0.5305145,0.4767893,0.5373237,0.5373091,0.5372908,
0.5370933,0.5369567,0.5369081,0.4525612,0.4770145,0.537316,0.4767778,0.4767671,0.476766,0.5372998,0.5305234,0.5372425,0.1223821,0.4701444,0.3585452,0.3032437,0.3589524,0.3032042,0.4698378,0.3034379,0.3031757,0.3281203,0.4703055,0.4695283,0.3035119,0.3031537,0.3031422,0.3031483,0.4691032,0.3035456,
0.3035167,0.3034895,0.4699409,0.3034914,0.3034615,0.30343,0.4700439,0.4697841,0.4697443,0.303556,0.3035039,0.4696321,0.4694932,0.3035991,0.4698844,0.01436854,0.3588629,0.4059483,0.5373468,0.476875,0.4768697,0.02850085,0.4702738,0.3276896,0.3032136,0.3034155,0.06300512,0.4700186,0.3033732,0.3033371,
0.3033372,0.4696472,0.4696586,0.4058975,0.5372947,0.4767518,0.4767589,0.4767688,0.5373195,0.4767047,0.4767279,0.5373247,0.5372918,0.4768709,0.4768068,0.476838,0.4768617,0.5309698,0.4768608,0.530984,0.4767518,0.4767198,0.5373019,0.476871,0.4768735,0.5373136,0.537306,0.02332154,0.4701602,0.3035257,
0.3031852,0.3032068,0.4697187,0.4696699,0.4694647,0.3585042,0.4702768,0.3035423,0.4699092,0.4698994,0.4699042,0.3031321,0.4703432,0.4693585,0.4693946,0.4149629,0.537329,0.4768799,0.5373127,0.4768061,0.5371716,0.4769033,0.4768421,0.4768248,0.4768376,0.4769123,0.4769956,0.4769905,0.5373272,0.4768787,
0.5373069,0.5373105,0.5369699,0.476747,0.4767298,0.4767134,0.4766737,0.4768782,0.4770589,0.4770755,0.5373414,0.4767102,0.4767227,0.4768673,0.5372756,0.4767843,0.4767765,0.4767791,0.5372822,0.4767811,0.4767303,0.5373315,0.5372701,0.5372574,0.4769399,0.4768365,0.4768187,0.4767675,0.4767689,0.5310057,
0.5373155,0.53728,0.4767447,0.4767675,0.5372642,0.5371826,0.4768706,0.4768498,0.5373334,0.476839,0.5373322,0.4768032,0.4767857,0.4767516,0.4767458,0.5372857,0.5372684,0.5372684,0.4767427,0.5310932,0.4768489,0.5372258,0.4767544,0.4767242,0.4767096,0.5373518,0.4767232,0.4768692,0.5000321,0.4767826,
0.5372862,0.5372626,0.5372581,0.4768518,0.476842,0.4768539,0.5372899,0.5372806,0.4769053,0.4768262,0.481616,0.5372894,0.4767897,0.5308563,0.476781,0.537312,0.5372702,0.4768844,0.4768308,0.4767626,0.476741,0.531027,0.5371971,0.4767758,0.4767247,0.4767199,0.5372791,0.4767321,0.4767504,0.4767665,
0.5372897,0.5372822,0.4768609,0.4767798,0.5372707,0.5372193,0.4769175,0.4769782,0.4770229,0.537314,0.4769291,0.5372761,0.5372708,0.4767691,0.5373181,0.4768533,0.4768144,0.4768126,0.4768009,0.476819,0.5373113,0.5372342,0.5372015,0.5370992,0.5305042,0.5372766,0.5372338,0.5372208,0.4767827,0.5372703,
0.5372297,0.5371823,0.5371361,0.5371178,0.5370688,0.476962,0.5372947,0.4767787,0.5348461,0.4767829,0.5372978,0.5372236,0.5372239,0.4769458,0.4769075,0.4768839,0.5373115,0.4767353,0.476748,0.4767639,0.5372784,0.5372913,0.476831,0.5373343,0.5373209,0.5372986,0.4768417,0.5372645,0.5372685,0.5372663,
0.5372124,0.5372048,0.5371534,0.5371245,0.5370304,0.5370092,0.5369762,0.5369613,0.4474722,0.5359675,0.5360124,0.5344099,0.5363489,0.5363539,0.536361,0.5161132,0.5361713,0.4769155,0.5372298,0.5372164,0.4767961,0.4767684,0.3902984,0.5373266,0.4767976,0.3862315,0.5373508,0.5373541,0.5373036,0.4703127,
0.5372817,0.5372721,0.5372266,0.5371621,0.5371545,0.3901716,0.477041,0.5372674,0.5372676,0.5372749,0.5371019,0.5370675,0.5369496,0.5369368,0.4768431,0.5373451,0.5373324,0.5373117,0.5372978,0.5372711,0.5372444,0.476816,0.5373079,0.4477143,0.5359552,0.5359651,0.5359872,0.5343837,0.4768006,0.5373212,
0.5372946,0.5372863,0.5372806,0.4453567,0.5349449,0.5365016,0.5364783,0.5364919,0.5365005,0.5365196,0.5364954,0.5365161,0.5365244,0.536526,0.5365528,0.5365701,0.536544,0.4768275,0.5373361,0.5347574,0.5364528,0.4767699,0.5372716,0.5372306,0.5372127,0.5371525,0.5371004,0.5370656,0.4765872,0.5371898,
0.537066,0.5370541,0.5370228,0.5369728,0.5346772,0.04624639,0.1265962,0.3035396,0.3035215,0.3034923,0.4698476,0.3033201,0.3033425,0.3033347,0.3032688,0.3032363,0.3033791,0.4458237,0.5372784,0.3527265,0.5372938,0.5372796,0.5372723,0.5372458,0.4768222,0.5349121,0.536451,0.5364468,0.5364732,0.5364588,
0.536486,0.5364996,0.5365148,0.5365166,0.5365396,0.1265364,0.3038079,0.3036767,0.3526944,0.5347207,0.5364761,0.5364785,0.536493,0.5365076,0.5365196,0.5365165,0.5365227,0.536511,0.5365242,0.5365543,0.5345614,0.5364118,0.5364253,0.5364423,0.5364389,0.536453,0.3528309,0.537312,0.5372719,0.5372587,
0.5371695,0.5371146,0.5371266,0.5371196,0.5370874,0.5345929,0.5363941,0.4936444,0.534811,0.5364653,0.5364606,0.5365216,0.5365421,0.5365278,0.5345216,0.536402,0.5363848,0.3527128,0.5348563,0.5364804,0.5364864,0.5365096,0.5365038,0.5365063,0.3527397,0.537329,0.5373104,0.5372821,0.5372564,0.5372626,
0.5372422,0.5372118,0.5372238,0.5371864,0.537193,0.5371848,0.5371739,0.5347992,0.3024659,0.5334553,0.5335552,0.4936129,0.537299,0.5372956,0.5348042,0.5347368,0.5364388,0.4557658,0.5372977,0.5347415,0.5364348,0.536436,0.5364631,0.4936172,0.537315,0.5372682,0.5372328,0.537218,0.5347739,0.07821906,
0.3037662,0.3034948,0.3035058,0.04602258,0.3037698,0.3036163,0.3036215,0.303611,0.3034754,0.2923653,0.3034604,0.3035875,0.2924064,0.3035557,0.3035782,0.3035619,0.4405169,0.2925364,0.2925344,0.3033782,0.3036149,0.3034203,0.3034645,0.3034722,0.4403053,0.2925559,0.303455,0.303574,0.3034562,0.4406489,
0.440661,0.4406091,0.2925251,0.3037225,0.3034147,0.3034906,0.3034871,0.2924642,0.4406189,0.4406136,0.303487,0.3034257,0.3031471,0.303165,0.303216,0.3032366,0.3032899,0.3032929,0.4404913,0.4407073,0.3034939,0.3031722,0.3031741,0.3031885,0.4405206,0.3032961,0.3032321,0.303234,0.3032457,0.4405062,
0.4406141,0.4406125,0.4406787,0.440664,0.4406789,0.4406626,0.3034686,0.4405522,0.3031809,0.4407193,0.3033983,0.44097,0.3035613,0.3035044,0.4407088,0.2924973,0.440583,0.3031681,0.303235,0.3032757,0.4403644,0.4406559,0.3035126,0.4406269,0.3035211,0.4406367,0.3035147,0.4405347,0.4406752,0.2925829,
0.4406025,0.4407806,0.2926119,0.3037539,0.4406947,0.4407263,0.4406928,0.4406914,0.4407603,0.4408111,0.4407502,0.3034873,0.02366554,0.4406497,0.440563,0.4407416,0.4407046,0.4407276,0.3035288,0.4404818,0.4407143,0.440722,0.4406931,0.3035398,0.4404251,0.4406569,0.3032945,0.4405978,0.4405903,0.07755999,
0.4404865,0.4406776,0.4406734,0.2925833,0.440706,0.4407431,0.4409737,0.440956,0.4408458,0.07743429,0.4406857,0.4405916,0.4405879,0.2925697,0.440646,0.4406218,0.440552,0.4405599,0.4406493,0.4407326,0.1413943,0.4404982,0.4406191,0.4406053,0.4406488,0.4406287,0.4406338,0.3033444,0.4406716,0.3034238,
0.4405521,0.4406927,0.4406307,0.4208272,0.4943334,0.4943489,0.4943485,0.4943525,0.4943445,0.4943346,0.4943346,0.4939637,0.4942607,0.4170892,0.4942446,0.494173,0.4941508,0.4941183,0.5373133,0.4935928,0.4939786,0.4939193,0.4937227,0.4937729,0.4938032,0.4938751,0.4938857,0.4938977,0.493939,0.4939937,
0.5373095,0.4936522,0.4937159,0.4938229,0.4938216,0.4937797,0.4937737,0.4937027,0.4937329,0.4937782,0.4207189,0.4942645,0.4942642,0.4942313,0.4942226,0.4942102,0.4941831,0.4941904,0.4941398,0.09728529,0.4405638,0.4405506,0.4407038,0.4407248,0.4407494,0.4407133,0.4407131,0.4407173,0.4406628,0.440707,
0.303439,0.4406025,0.4405791,0.440579,0.4406715,0.4407023,0.4406939,0.4407513,0.4407301,0.4407296,0.4407344,0.4407272,0.4208817,0.4942232,0.01559145,0.4406668,0.3790752,0.4405969,0.4406053,0.4406931,0.4406734,0.4406533,0.03683938,0.3619181,0.4942369,0.4942436,0.4942759,0.4942603,0.4942761,0.4942482,
0.4942297,0.4942589,0.4942678,0.4942975,0.494281,0.5373115,0.4936472,0.4936753,0.5373008,0.4936392,0.4936216,0.4936536,0.4937192,0.4937502,0.5372806,0.4937399,0.4937303,0.4936984,0.493691,0.5373024,0.4936634,0.4210914,0.4941871,0.494128,0.4941121,0.4940888,0.4940786,0.4940549,0.4941287,0.4941537,
0.5373229,0.5372317,0.4937071,0.4935984,0.4936119,0.5372884,0.4936268,0.4938012,0.5373046,0.5372725,0.4936195,0.4936386,0.5372722,0.4937334,0.4937238,0.493729,0.5371718,0.4937585,0.4936617,0.4936652,0.5372791,0.4935996,0.4936079,0.4936359,0.4937686,0.5372277,0.4936492,0.4937849,0.4940017,0.4206841,
0.5373324,0.5372607,0.4936194,0.4938493,0.4938691,0.4939534,0.4939533,0.5372923,0.5372896,0.5372878,0.4937229,0.4937395,0.4937382,0.5372204,0.4936343,0.4939168,0.4857793,0.4942732,0.5372363,0.5370351,0.4937151,0.4937123,0.4936928,0.5372716,0.4935669,0.5384856,0.4936844,0.4936437,0.5372999,0.5372902,
0.5379207,0.5370489,0.4562248,0.5373152,0.4937006,0.4937803,0.4939205,0.5372738,0.4937509,0.5385336,0.493719,0.4937417,0.4937504,0.5372931,0.4937205,0.5384783,0.4936766,0.4936963,0.5372991,0.493624,0.4936316,0.4936671,0.4939196,0.5373207,0.4936813,0.5233464,0.4939385,0.4939458,0.4939364,0.4938135,
0.5385158,0.5385183,0.4592328,0.5141054,0.4936909,0.4936705,0.03433161,0.4410259,0.3035467,0.4405514,0.4566538,0.5373221,0.5379422,0.4937252,0.5384817,0.4235636,0.4936019,0.493577,0.4936167,0.07666953,0.4406288,0.4404872,0.303224,0.3031866,0.303165,0.4406833,0.4407015,0.3213674,0.4406307,0.5810832,
0.5810918,0.3213956,0.3215842,0.440616,0.422276,0.4942169,0.538516,0.5371938,0.4936371,0.4936595,0.5140548,0.4235412,0.493574,0.4935562,0.5372232,0.5137789,0.4937154,0.03432455,0.4406767,0.4406766,0.3213402,0.5814233,0.6202523,0.6001158,0.6202791,0.6202422,0.3214479,0.3037666,0.3037488,0.4406935,
0.4406569,0.4406659,0.4406521,0.4406984,0.01848311,0.4404536,0.3033186,0.4405759,0.4406646,0.3993893,0.3035094,0.4405715,0.4406189,0.5813245,0.6001992,0.4223207,0.4941913,0.5384905,0.5137982,0.5137885,0.5384895,0.5372055,0.4935263,0.423595,0.5358785,0.4935965,0.5384926,0.5371767,0.5379578,0.5381818,
0.5275195,0.4672273,0.5385152,0.5384957,0.5275655,0.4936539,0.5372753,0.4936919,0.5140784,0.5140993,0.4936288,0.5384973,0.4937353,0.4937797,0.5140311,0.5384829,0.4936417,0.493846,0.4938506,0.4672115,0.5372784,0.4936691,0.5278576,0.4936806,0.4936646,0.4218265,0.5140243,0.5373194,0.5250602,0.5384909,
0.5384766,0.5384807,0.4218601,0.5385399,0.5274702,0.4936497,0.5385139,0.4937063,0.53728,0.4936193,0.4219085,0.4942674,0.4672481,0.5384975,0.4922019,0.09572986,0.366078,0.4406068,0.3212268,0.3737782,0.3213091,0.4406287,0.422244,0.5372981,0.5137912,0.5278616,0.4936613,0.5140434,0.527867,0.493782,
0.5384911,0.538463,0.4937074,0.4219569,0.53852,0.538504,0.5384883,0.5372161,0.4936822,0.421953,0.4219343,0.538479,0.5249745,0.4219221,0.4942555,0.4942618,0.4218399,0.5372028,0.4219128,0.51407,0.4937218,0.5385054,0.4219057,0.5372788,0.5275097,0.5275125,0.5275193,0.493708,0.0956821,0.4406318,
0.3212941,0.3212909,0.373884,0.4407647,0.4407786,0.3212807,0.3213199,0.4221894,0.422194,0.5384995,0.4937129,0.5384752,0.5384073,0.537177,0.5379201,0.4936428,0.4936353,0.5279119,0.5384707,0.5370746,0.493672,0.09571947,0.4405535,0.4405976,0.4405965,0.4406124,0.3656027,0.3212578,0.09566143,0.3661656,
0.3212561,0.3212622,0.3658219,0.3658175,0.4405882,0.3655186,0.3212178,0.3212537,0.32126,0.4405973,0.3744266,0.4407587,0.3213827,0.3213718,0.4406442,0.4405176,0.2168017,0.4407131,0.02162625,0.3212949,0.3213065,0.3661242,0.3212777,0.4222146,0.4941781,0.4219224,0.5373279,0.5379386,0.5379317,0.4937356,
0.5385322,0.5385181,0.4936996,0.5385129,0.5274526,0.4936627,0.4219756,0.538515,0.4936902,0.4220678,0.4942513,0.4942522,0.4942726,0.5385239,0.5384848,0.5384042,0.5275075,0.5384694,0.4220196,0.5384915,0.5275028,0.5275124,0.5384897,0.5372022,0.537988,0.5380135,0.4218447,0.4941725,0.4219266,0.5278822,
0.5384607,0.5384518,0.5384578,0.5384608,0.5384458,0.4935723,0.527912,0.5189094,0.5252728,0.5384847,0.421901,0.494175,0.5278725,0.5384623,0.5384712,0.5275327,0.4218413,0.4943132,0.538492,0.5274752,0.5384844,0.5384925,0.5384814,0.2653322,0.4936086,0.4934778,0.5384868,0.4218861,0.4219012,0.4219147,
0.5385039,0.5384271,0.5383928,0.493726,0.5278792,0.4218704,0.5385158,0.4219895,0.4219499,0.538498,0.538497,0.4219175,0.5385444,0.5385159,0.5189618,0.5385134,0.5275079,0.5275125,0.5384935,0.5384715,0.4221523,0.5385029,0.4218474,0.5385101,0.5275222,0.5385013,0.4219294,0.4941082,0.5385001,0.5385078,
0.5384966,0.5385054,0.5385096,0.5275459,0.5384515,0.4673002,0.5385157,0.5274925,0.5384639,0.5384729,0.4218961,0.4036432,0.538498,0.5207508,0.537541,0.527469,0.5384902,0.5384099,0.5383615,0.5275301,0.5275192,0.527536,0.5384653,0.4218742,0.538552,0.5385362,0.5385242,0.03751449,0.3214846,0.3215352,
0.3215379,0.3215353,0.3215354,0.3215405,0.3662198,0.2621897,0.3215449,0.3215674,0.3215504,0.3663188,0.3214181,0.3656689,0.3212632,0.3212728,0.3212844,0.3213003,0.3661596,0.3656383,0.3212608,0.3658071,0.3212648,0.3656872,0.3212533,0.3212566,0.3212882,0.3213623,0.3213972,0.3658816,0.3213028,0.321313,
0.3660913,0.3656648,0.3656806,0.3212285,0.3212473,0.3213283,0.3661379,0.321217,0.3213403,0.3211625,0.321172,0.3214043,0.3212813,0.3212636,0.3662022,0.3212645,0.3212937,0.3661779,0.321294,0.3213197,0.3661509,0.3212579,0.365692,0.3657085,0.3213233,0.3213916,0.3657402,0.3657501,0.3657452,0.321236,
0.3656743,0.3656616,0.3584358,0.3659498,0.3213273,0.366143,0.3212428,0.3661637,0.3212235,0.3657444,0.3212979,0.3662035,0.2207049,0.3216436,0.3214605,0.3214222,0.3214122,0.3214191,0.3662408,0.3656977,0.3212023,0.3213742,0.4786848,0.3212464,0.3212987,0.3656102,0.3656902,0.3213691,0.4000156,0.527908,
0.5278579,0.4713203,0.5373302,0.537908,0.4713393,0.5277877,0.5278034,0.471028,0.5278742,0.5384853,0.5384853,0.5275363,0.5385027,0.5274643,0.47781,0.5275359,0.4710129,0.5278997,0.3862877,0.5384887,0.4782957,0.5273736,0.527373,0.5384568,0.5275005,0.4711187,0.5279016,0.5278363,0.5278334,0.5278153,
0.5384408,0.5383648,0.5275269,0.5275251,0.5275499,0.04254672,0.3660565,0.2206206,0.3659878,0.3659344,0.4782639,0.2205979,0.3214851,0.3659357,0.4773893,0.3212844,0.4783299,0.4784539,0.4784772,0.321302,0.3036417,0.36574,0.3657301,0.3657247,0.3212316,0.366152,0.2924628,0.386361,0.5278809,0.5278761,
0.5384808,0.5384365,0.4710452,0.5384899,0.5274879,0.5275196,0.5275303,0.5384735,0.386279,0.5278794,0.5278329,0.5277993,0.5385289,0.5276831,0.5384547,0.5275229,0.4711489,0.5278895,0.5278855,0.5278726,0.5278639,0.5278808,0.5278764,0.5278719,0.4711371,0.5278792,0.5278739,0.538491,0.5274832,0.5274872,
0.5384796,0.538479,0.5275362,0.5275519,0.5276482,0.5276586,0.5276997,0.4711361,0.5385082,0.4711703,0.5278888,0.5278617,0.4711511,0.5278385,0.5384832,0.5381964,0.527479,0.5384988,0.4711001,0.5278623,0.5278776,0.4710908,0.5279019,0.5278805,0.5278614,0.5278432,0.5384963,0.4780909,0.4711277,0.527908,
0.5385114,0.5385026,0.5384735,0.5276634,0.5276452,0.5276142,0.4710742,0.5279223,0.4711657,0.4714233,0.4714066,0.5278949,0.5278754,0.458041,0.5279103,0.5278751,0.5278667,0.5384898,0.5275039,0.5384731,0.5274816,0.5276305,0.538491,0.5276628,0.538471,0.4711376,0.5277963,0.5278857,0.5278806,0.52788,
0.5384414,0.5384417,0.5275161,0.5275416,0.5384531,0.5275636,0.5000062,0.5278977,0.4142812,0.5279393,0.4712034,0.5278903,0.5278683,0.538472,0.4711466,0.06769228,0.4776149,0.3655796,0.3655986,0.3213225,0.3213298,0.3657353,0.3211845,0.3211918,0.3213287,0.1255874,0.3214712,0.3214826,0.3661565,0.365842,
0.3213258,0.321337,0.365878,0.1255532,0.3214897,0.3216424,0.3657347,0.3657365,0.3212708,0.3657643,0.3213,0.3212741,0.4144703,0.52791,0.5279042,0.538476,0.5275111,0.4712442,0.4711291,0.4711568,0.527916,0.5385024,0.5275339,0.4142102,0.5384995,0.4710791,0.5279099,0.5278748,0.527861,0.5385175,
0.5385255,0.5384973,0.5275143,0.5275164,0.527536,0.5384888,0.5275635,0.5276375,0.5276451,0.4710294,0.5278809,0.4714354,0.5278954,0.5278609,0.4142208,0.5385088,0.4711552,0.5385129,0.5275085,0.334751,0.5272596,0.414182,0.471504,0.5279122,0.5277598,0.5277568,0.5277784,0.414051,0.5385138,0.5385132,
0.5385011,0.5383838,0.5348998,0.01355687,0.4783651,0.3658783,0.4144562,0.4714611,0.4714472,0.5385001,0.4710674,0.5278948,0.4142146,0.5279025,0.4141728,0.4714589,0.5279087,0.5279008,0.5278893,0.5384953,0.5384889,0.5275206,0.5275391,0.3564498,0.3347508,0.527282,0.5384869,0.5274626,0.5384386,0.5274657,
0.5384668,0.5384572,0.5274974,0.5275031,0.4141996,0.5383841,0.5275195,0.538489,0.5275097,0.471089,0.4142315,0.4711725,0.4710521,0.5385201,0.4710304,0.4710259,0.5279237,0.4711117,0.5279197,0.5279117,0.5278853,0.5385041,0.5384971,0.3349311,0.5376219,0.3565247,0.5279192,0.5348905,0.5378042,0.5378612,
0.5378916,0.5379304,0.4710934,0.4710647,0.5278713,0.5384926,0.4711275,0.5278997,0.4140668,0.5384994,0.5385042,0.5275244,0.5275823,0.4140947,0.4715396,0.5279134,0.5279206,0.5384936,0.5384998,0.5275077,0.538483,0.5275043,0.5349213,0.5378571,0.4710891,0.5278946,0.01907177,0.3660324,0.3213656,0.3657303,
0.3212619,0.3212545,0.3661456,0.3212229,0.3212849,0.3657894,0.3657934,0.3657784,0.477545,0.477305,0.321444,0.3661461,0.3211897,0.3212038,0.3213433,0.3213287,0.3211357,0.3211551,0.3214469,0.365656,0.4777039,0.3212976,0.3213056,0.4144895,0.5278816,0.5278794,0.5278892,0.5278873,0.414148,0.5279118,
0.5278529,0.5278424,0.5384624,0.4141387,0.5278922,0.5384802,0.4714796,0.4141961,0.5278451,0.5384944,0.5384604,0.414215,0.527894,0.5279078,0.5385067,0.4545903,0.5278899,0.471107,0.5384931,0.4531178,0.5384979,0.5276721,0.5276502,0.4711502,0.5278887,0.5384824,0.5384683,0.4711155,0.5384845,0.5384787,
0.5384817,0.5384752,0.5274983,0.527516,0.5275286,0.5276414,0.4710881,0.5385193,0.5385167,0.53848,0.471029,0.4532482,0.5279245,0.52785,0.4711003,0.5279048,0.5278381,0.471048,0.4710747,0.4714291,0.1137907,0.4788645,0.3213977,0.0124903,0.3659986,0.4784857,0.4143906,0.5279241,0.5384955,0.5384923,
0.5383962,0.5383781,0.5383707,0.5383843,0.53839,0.5085985,0.5278933,0.471165,0.5279106,0.5384783,0.4711299,0.471153,0.5385138,0.5275009,0.5384943,0.5384924,0.5384905,0.01327152,0.3660553,0.3212657,0.3213248,0.3213212,0.4772401,0.3655096,0.4144804,0.5279196,0.5279112,0.4711715,0.538496,0.5274976,
0.5384328,0.5384586,0.4712136,0.5279171,0.5384974,0.4711995,0.5385021,0.01278185,0.3215709,0.2711472,0.4784993,0.3213562,0.3213434,0.32133,0.3656777,0.3212675,0.3656947,0.4772491,0.3655152,0.3213011,0.3656519,0.3212906,0.3213198,0.3213376,0.3656842,0.3212416,0.3656453,0.4777831,0.3213125,0.366134,
0.3212802,0.3213417,0.3661376,0.365739,0.4776666,0.3655554,0.3912376,0.471467,0.5279011,0.5278779,0.5384764,0.5384828,0.4711985,0.5384829,0.5383997,0.5384151,0.5384145,0.5384465,0.5274752,0.5276738,0.4711412,0.4711368,0.5385002,0.5384786,0.5274855,0.5384572,0.5384433,0.5384372,0.5275429,0.5384766,
0.5384762,0.5383532,0.5384141,0.5276299,0.5384681,0.5384408,0.5274866,0.5384621,0.5385032,0.5275354,0.5384824,0.4713426,0.3911684,0.4711002,0.5279196,0.5384933,0.5384876,0.5275519,0.5384694,0.4713942,0.4486905,0.5384986,0.5274848,0.5274975,0.5384889,0.538478,0.5384785,0.5275037,0.5277018,0.4713781,
0.5384938,0.5384969,0.5275338,0.471107,0.5384678,0.538453,0.5276693,0.448649,0.5384851,0.5384883,0.5384934,0.5384852,0.5275135,0.5384846,0.5274901,0.5275044,0.538455,0.5384563,0.5274451,0.5276004,0.5385403,0.4712086,0.5385103,0.5274991,0.5384848,0.5384611,0.471126,0.538488,0.5384389,0.5275073,
0.5384521,0.5384593,0.5384383,0.5384235,0.527519,0.5384605,0.5384589,0.5275031,0.5276664,0.5276745,0.5384755,0.538473,0.5384592,0.5383453,0.5274621,0.5384732,0.5384807,0.5384574,0.5274947,0.5384537,0.538424,0.5384176,0.5274373,0.03717303,0.321455,0.3217013,0.3662069,0.3212586,0.3656021,0.3296192,
0.3212841,0.3212848,0.3213241,0.3213305,0.3661723,0.3212645,0.3661988,0.3212918,0.3656218,0.3212815,0.3662525,0.3297285,0.3213219,0.3213076,0.3212849,0.3212961,0.3661412,0.3295249,0.3212593,0.3212771,0.365749,0.3657153,0.321293,0.3658065,0.3213998,0.3661878,0.3213775,0.3213628,0.1879894,0.3659509,
0.3657849,0.3656531,0.32128,0.3212601,0.3662148,0.3213293,0.365724,0.3213097,0.3657381,0.3657775,0.3296481,0.3213128,0.01803582,0.3659435,0.3212468,0.3662133,0.3657393,0.3212819,0.3212804,0.365662,0.321234,0.3212526,0.3212691,0.3661615,0.3657275,0.3298555,0.3656503,0.3212584,0.3213528,0.3656919,
0.3656898,0.3657543,0.3657841,0.3657928,0.3212751,0.3657613,0.3657674,0.3657566,0.3656874,0.3212021,0.3212037,0.3212592,0.3661905,0.3213073,0.366183,0.3213107,0.3661214,0.3213176,0.3212859,0.3213013,0.3212108,0.3656598,0.3657834,0.3213252,0.3212906,0.3212908,0.2801416,0.321613,0.09043134,0.365809,
0.36584,0.3658625,0.365857,0.321318,0.2797541,0.3658154,0.3658061,0.3657757,0.3657442,0.3657571,0.3212957,0.32121,0.3211976,0.365768,0.3212814,0.3657425,0.3212632,0.3656907,0.3657687,0.3211915,0.3212053,0.3747769,0.5279076,0.5384902,0.53848,0.5275428,0.5384802,0.5274491,0.3629252,0.5278881,
0.5385321,0.538518,0.5275067,0.5163854,0.5278332,0.5384696,0.5384763,0.5384547,0.5275374,0.5275155,0.5275373,0.5276582,0.5384684,0.5275604,0.5276023,0.5276692,0.5384958,0.5275089,0.538478,0.5275154,0.5384643,0.3745441,0.5278521,0.5385018,0.3628283,0.538527,0.5274836,0.5274899,0.5275071,0.5385109,
0.538496,0.5384946,0.5275431,0.5275527,0.5275596,0.538482,0.5384773,0.538474,0.5274988,0.538479,0.5384704,0.5384424,0.5275498,0.5385037,0.5274926,0.5384696,0.5274336,0.4059392,0.5278996,0.5278652,0.5278576,0.5278867,0.5278659,0.3746899,0.5385036,0.5274917,0.5275211,0.5276704,0.5384766,0.5275377,
0.5384706,0.5384659,0.527517,0.5275753,0.5384731,0.5275101,0.5275199,0.5276312,0.5276328,0.5276549,0.5385031,0.5384988,0.5384906,0.5274938,0.5274904,0.5384894,0.5384325,0.5274628,0.5276928,0.5276397,0.5276709,0.5384623,0.5274996,0.527519,0.4896116,0.538506,0.5275635,0.5276725,0.5384599,0.538453,
0.5384536,0.5384312,0.5275409,0.5384851,0.5275305,0.5275797,0.5277,0.5275583,0.5277279,0.5384803,0.5385131,0.527498,0.5384843,0.5274923,0.5385095,0.5275067,0.5385098,0.5276492,0.5276752,0.5276628,0.4894983,0.03981446,0.3214304,0.3656871,0.3213717,0.3213477,0.3213411,0.3213553,0.4500217,0.3212098,
0.3213568,0.3213549,0.3656292,0.3656939,0.3212033,0.3656181,0.3658063,0.321318,0.3213137,0.3657162,0.3657022,0.3212672,0.3212888,0.3453949,0.01792741,0.3216105,0.3215252,0.32144,0.3214365,0.3214362,0.3657458,0.3657739,0.3212773,0.3214309,0.4304616,0.5383613,0.5275671,0.5276341,0.5276409,0.5384666,
0.5384749,0.5383621,0.3699122,0.5385304,0.5274693,0.5384892,0.5274977,0.4297346,0.5279161,0.5278842,0.5384849,0.5385098,0.5384873,0.5384839,0.5274803,0.5384473,0.5275135,0.5384857,0.5384506,0.5384678,0.527485,0.5275019,0.5384652,0.5275205,0.5384951,0.5384703,0.5274312,0.5274357,0.527693,0.5384612,
0.5384424,0.5384426,0.5383513,0.5383393,0.5274922,0.5274902,0.5276684,0.5276638,0.429726,0.5384519,0.5274679,0.5384774,0.5274751,0.527478,0.5276926,0.3698555,0.5279221,0.5382175,0.4712378,0.5279065,0.5384889,0.5384819,0.5384834,0.538466,0.527544,0.538509,0.5384942,0.527459,0.5276863,0.5276739,
0.5384781,0.5384857,0.5275102,0.5276318,0.5276203,0.5276405,0.5276548,0.5276659,0.5277158,0.538505,0.5384943,0.527469,0.5275558,0.5276835,0.538481,0.5274983,0.5275036,0.5276651,0.538515,0.5384929,0.538507,0.5384767,0.5384539,0.5384368,0.5274758,0.5274754,0.5276906,0.5384647,0.0363965,0.3660659,
0.3213162,0.3213319,0.3661907,0.3661892,0.3212776,0.3213377,0.3661571,0.3657604,0.3657719,0.3213259,0.3661409,0.3656852,0.3213308,0.3657168,0.3657986,0.3657973,0.3213179,0.3213129,0.3657621,0.3212557,0.3657159,0.3656781,0.3213161,0.3661709,0.3656906,0.3212847,0.3657017,0.3657055,0.3657066,0.3211775,
0.3656513,0.3658488,0.3213572,0.3657124,0.3656999,0.3212716,0.3661218,0.3212415,0.3658012,0.3213064,0.3656624,0.365688,0.3656925,0.365711,0.3657201,0.3568121,0.5279001,0.3522227,0.5278916,0.5384849,0.5275843,0.527608,0.5384632,0.5384682,0.5274999,0.5384751,0.5384806,0.5274891,0.527519,0.5276961,
0.5384799,0.5383971,0.5275202,0.5275322,0.527569,0.3524157,0.5385058,0.5385011,0.3522449,0.5385256,0.5385159,0.5274429,0.4365898,0.5279214,0.5384783,0.5274611,0.5384703,0.5274998,0.5274982,0.5276564,0.5276363,0.5276273,0.5276245,0.5276461,0.5384938,0.5274399,0.5276728,0.5276492,0.5276027,0.3567191,
0.5384948,0.5384758,0.5384523,0.5274676,0.5385036,0.5274816,0.5274788,0.5276662,0.5276278,0.5276247,0.5384691,0.5275827,0.538479,0.5274792,0.5384874,0.5384898,0.5275249,0.5384664,0.5275024,0.5276757,0.5276417,0.5276253,0.5384765,0.5276576,0.5276469,0.5276219,0.5384293,0.527487,0.5275192,0.5275432,
0.5384682,0.5384666,0.5383954,0.5275036,0.5275788,0.5275851,0.5276107,0.5276527,0.03374343,0.320567,0.3658081,0.3657333,0.3213651,0.3658487,0.3866916,0.5385158,0.5275605,0.5384594,0.5274848,0.5384956,0.03994676,0.3659906,0.3657532,0.3212135,0.3656455,0.3658141,0.3212333,0.3657627,0.3657461,0.3212397,
0.3212293,0.3212964,0.3657003,0.3212595,0.366086,0.3213428,0.3213656,0.4240025,0.3655042,0.3212481,0.3656539,0.365788,0.3658075,0.365791,0.3212792,0.3657015,0.3212636,0.3212758,0.2453663,0.3659816,0.365748,0.3212504,0.3212474,0.386704,0.5279233,0.5385095,0.5385287,0.5385,0.5275169,0.5276643,
0.5384822,0.5384735,0.5274939,0.3979695,0.5384929,0.5384916,0.538427,0.5384062,0.5274866,0.5384859,0.5275473,0.5275474,0.4414252,0.4578132,0.5278274,0.538453,0.5384731,0.5274971,0.5274971,0.5275975,0.5276088,0.3866561,0.5385233,0.5385178,0.3865964,0.5279254,0.5278071,0.5278704,0.5384509,0.5383996,
0.5383829,0.5383691,0.538382,0.5383868,0.5384096,0.5384516,0.5384587,0.5275005,0.5384901,0.5384773,0.5274935,0.527552,0.53848,0.5275184,0.5384813,0.527621,0.5384712,0.5274529,0.5274665,0.5384609,0.527474,0.5384719,0.5384691,0.5275199,0.5275404,0.5384852,0.5275,0.5384657,0.5384706,0.3979088,
0.5385044,0.5385249,0.538487,0.5384589,0.4647682,0.5385333,0.5385371,0.5385093,0.527442,0.538475,0.5275327,0.5275376,0.5384685,0.5384523,0.5274648,0.5384977,0.5274705,0.5384436,0.5384522,0.5274922,0.5274967,0.5385187,0.5385057,0.5274928,0.5384575,0.5275306,0.5384889,0.5275045,0.5384722,0.538484,
0.5384832,0.5385141,0.5385217,0.5384582,0.5275425,0.5276961,0.5384833,0.5384827,0.5384699,0.5384901,0.5274965,0.538462,0.5384644,0.5275148,0.5384873,0.5276816,0.5384856,0.5384814,0.5385075,0.538461,0.5275019,0.5384569,0.5384562,0.5384457,0.5384498,0.5274881,0.5276701,0.2930959,0.537352,0.527461,
0.5384679,0.5384439,0.5384015,0.5274959,0.5275434,0.5275615,0.5385042,0.5384764,0.5157287,0.5274075,0.5384694,0.5274547,0.5384789,0.5385153,0.4392891,0.537422,0.5374704,0.5374928,0.5375683,0.5375912,0.5165612,0.5384722,0.5384613,0.5384413,0.5384341,0.538371,0.5383667,0.5383713,0.5384149,0.5275043,
0.5384601,0.5384714,0.5384776,0.5384536,0.5274593,0.5385244,0.5385185,0.515698,0.5378292,0.5379087,0.5166618,0.5383338,0.5275206,0.5384659,0.5383512,0.5384011,0.52744,0.527455,0.5091509,0.5384756,0.4395096,0.5374373,0.5376952,0.537735,0.5156673,0.5376119,0.5376949,0.5377955,0.5274626,0.5384963,
0.5384765,0.5384801,0.5384818,0.5384575,0.5274437,0.5383769,0.5383667,0.538357,0.515663,0.405886,0.5385095,0.5385094,0.5274525,0.5384752,0.538461,0.5384451,0.5166799,0.5384561,0.5091065,0.5385232,0.5275413,0.5384688,0.5384702,0.5275208,0.5275512,0.5275437,0.5384867,0.5384398,0.5172859,0.5385001,
0.5384306,0.5383755,0.5275272,0.5384926,0.5384939,0.5384334,0.4058696,0.5385374,0.5275232,0.5384922,0.5384791,0.5383934,0.5172787,0.4774917,0.5278205,0.3637858,0.5168939,0.5168936,0.5385166,0.5091481,0.5169497,0.4058035,0.5167352,0.5278584,0.5385125,0.538489,0.5383955,0.5383805,0.5383855,0.5383887,
0.5384001,0.5383869,0.5383914,0.5274921,0.538485,0.4959862,0.5094391,0.5384838,0.5384705,0.5385191,0.527481,0.5384737,0.4059758,0.5385042,0.5275152,0.4003479,0.5385178,0.5385215,0.5275437,0.5384341,0.5384331,0.3637888,0.5385187,0.538532,0.5385053,0.5385133,0.5384966,0.5384263,0.5274793,0.5384939,
0.5383633,0.5383866,0.5383844,0.5383866,0.5383704,0.5383653,0.5090304,0.5384812,0.4380285,0.5279197,0.5278929,0.5384724,0.3638346,0.3637328,0.5384794,0.363755,0.5385103,0.538525,0.5385154,0.5274779,0.5275021,0.5384759,0.5384598,0.5384624,0.5384573,0.5383991,0.5383973,0.5308207,0.5384729,0.5274909,
0.5384681,0.5384727,0.5384556,0.538453,0.4379709,0.5385282,0.5384951,0.5056263,0.4380015,0.4758762,0.5308363,0.5384655,0.5274785,0.3638252,0.3637577,0.5385289,0.5385175,0.3637749,0.538516,0.5274579,0.5372815,0.5379722,0.5379649,0.537998,0.5380308,0.5380338,0.5275063,0.5384557,0.5273486,0.5312696,
0.5384994,0.5385059,0.5384978,0.5371748,0.3637196,0.5384811,0.5384821,0.5384443,0.04772707,0.3214689,0.3214761,0.3584134,0.218785,0.3214734,0.2187923,0.3214867,0.3214938,0.3582232,0.3212252,0.3213292,0.4389983,0.5056421,0.05115516,0.3205346,0.321479,0.3216558,0.3036164,0.3035466,0.3213425,0.321341,
0.3215043,0.3216095,0.3216245,0.3032196,0.3214404,0.01723167,0.3205652,0.3216127,0.3215824,0.3214313,0.358536,0.3031611,0.3031816,0.3217726,0.2188703,0.3214235,0.3214312,0.3216132,0.3581485,0.321247,0.3212357,0.2636582,0.3214769,0.3585662,0.321223,0.3213062,0.3213101,0.3211968,0.3212085,0.3213149,
0.3582046,0.3581908,0.01723108,0.3035451,0.358245,0.3212155,0.3213003,0.3213151,0.3213195,0.3213111,0.3213111,0.01348469,0.321628,0.3215806,0.3215746,0.3035043,0.3213184,0.3214587,0.3214556,0.321454,0.3215083,0.3215148,0.07749321,0.321687,0.3216691,0.2636366,0.3216017,0.321551,0.3581677,0.3212581,
0.3582209,0.3581982,0.5615866,0.5393763,0.5390284,0.5389787,0.5388782,0.538839,0.538801,0.5386409,0.5386277,0.5386396,0.5307752,0.5384688,0.5385028,0.5384798,0.5383844,0.5307793,0.538479,0.5384509,0.5307913,0.5384569,0.5384548,0.5384207,0.530933,0.5384662,0.5307584,0.5384833,0.5384702,0.4138595,
0.4588098,0.5385203,0.5307499,0.5384642,0.5308177,0.5384663,0.4138634,0.5385208,0.5307527,0.5384788,0.5384475,0.5384479,0.538435,0.03411304,0.3214396,0.3215374,0.3215227,0.321512,0.0814411,0.4139324,0.5312493,0.528832,0.5312994,0.5312843,0.5384638,0.5384553,0.4583428,0.5313097,0.5385046,0.5307503,
0.5384915,0.5384612,0.5307536,0.5384555,0.5384654,0.4584567,0.4139132,0.4139038,0.5384915,0.5309169,0.5384479,0.4136956,0.5312895,0.5287065,0.5384881,0.5384995,0.5384918,0.5307814,0.5307933,0.5384469,0.5287479,0.5312571,0.4138055,0.5384749,0.53846,0.5384694,0.5307397,0.5345561,0.5307248,0.5307195,
0.5384656,0.5384634,0.5307536,0.538457,0.5384232,0.5345402,0.4583948,0.5312772,0.5312721,0.5385188,0.538527,0.02162289,0.4141417,0.4142342,0.5385334,0.5308402,0.5384697,0.4583269,0.4136672,0.5288011,0.5384744,0.5285507,0.5384653,0.538476,0.5307537,0.5308723,0.4138264,0.413803,0.5385146,0.5384713,
0.5384346,0.5384482,0.5384311,0.5307778,0.5345405,0.458287,0.4138585,0.5288554,0.5384812,0.5385104,0.5384931,0.5384691,0.1045986,0.3582343,0.3583159,0.3583259,0.3213116,0.3214027,0.413907,0.4139462,0.5288821,0.5384651,0.5345699,0.5377629,0.5308672,0.5384483,0.538451,0.530774,0.5384583,0.538434,
0.5384248,0.5384126,0.5383985,0.5383975,0.53843,0.538427,0.5344979,0.5308161,0.5345502,0.5306989,0.5384818,0.538468,0.5307734,0.5384778,0.5384558,0.5384567,0.5384637,0.5384405,0.5383959,0.4303079,0.5289595,0.5312942,0.528849,0.5384631,0.5308172,0.5308069,0.3864886,0.4140786,0.5384867,0.538478,
0.5384745,0.5384722,0.5345311,0.5378205,0.5378505,0.530863,0.5385178,0.5274799,0.5385144,0.5307435,0.5384855,0.1137104,0.321593,0.4307652,0.5312904,0.5313026,0.3834235,0.5385198,0.5346179,0.5378004,0.5286028,0.5285864,0.5384615,0.5308767,0.5384542,0.5309001,0.5308938,0.5308854,0.4914412,0.5384891,
0.5384793,0.5384243,0.5344943,0.5378337,0.537865,0.5285879,0.5385069,0.5285908,0.5384904,0.530775,0.5307922,0.5308468,0.5384457,0.5307938,0.5384547,0.538444,0.5345541,0.5378092,0.5286104,0.5385359,0.5385169,0.4948672,0.4914141,0.5346248,0.5308132,0.5385172,0.3183731,0.4424337,0.5312856,0.392206,
0.5385327,0.5384667,0.530788,0.3586108,0.5312696,0.5384752,0.5307823,0.5384694,0.5384623,0.5384778,0.5384476,0.5384478,0.5345913,0.06304649,0.3216027,0.02438181,0.3214313,0.3216571,0.3215709,0.3923279,0.528881,0.5385151,0.5385177,0.5384893,0.392326,0.5384806,0.5383903,0.5384762,0.5345654,0.3865519,
0.5385374,0.5385262,0.5383356,0.3865868,0.5312851,0.5384859,0.5384777,0.5384675,0.3922141,0.5385185,0.5385051,0.5384699,0.5384556,0.5384616,0.392869,0.5346363,0.5346339,0.537818,0.5378199,0.5378404,0.5381216,0.538129,0.5381789,0.5381813,0.5381941,0.5381768,0.5345511,0.5377924,0.5378132,0.5378693,
0.5378675,0.5378952,0.3866053,0.5385112,0.5384961,0.5345336,0.5378056,0.5379169,0.5379603,0.5380055,0.5381373,0.5307786,0.5384716,0.5384624,0.5384617,0.5383621,0.5345229,0.5378078,0.5378548,0.392168,0.5385044,0.377041,0.5385487,0.5385253,0.5385163,0.392194,0.5346754,0.5378277,0.5378388,0.5378969,
0.5381191,0.5381035,0.5381776,0.538174,0.5382229,0.5382451,0.5382847,0.5345458,0.5377288,0.5377591,0.5380193,0.3921639,0.5384992,0.5384781,0.3770209,0.5385227,0.3866767,0.5385235,0.1240639,0.32142,0.3216597,0.3214297,0.3214183,0.3214492,0.3214889,0.1421115,0.3214629,0.3214714,0.2910517,0.3583844,
0.321205,0.3212138,0.3212553,0.3212754,0.3212551,0.3212276,0.3212146,0.3212208,0.3771355,0.5385287,0.5385175,0.5385312,0.5385016,0.5384868,0.5384714,0.5384419,0.3866821,0.5385137,0.5385169,0.3866111,0.5385063,0.5385222,0.4182981,0.5384681,0.5384396,0.5384231,0.534515,0.5377472,0.5377867,0.5378102,
0.5380415,0.5380301,0.5380741,0.5381041,0.5381107,0.5381227,0.3543785,0.5373048,0.5377833,0.5378229,0.5378417,0.537866,0.5379376,0.534508,0.5377713,0.3769893,0.5384546,0.5384469,0.538446,0.5384318,0.5384464,0.538439,0.5384659,0.5384429,0.3865954,0.5385025,0.3865915,0.5385541,0.5385295,0.5385249,
0.5384643,0.5383976,0.5383766,0.377035,0.5384924,0.5384939,0.3627355,0.5385051,0.5385119,0.5385141,0.5384767,0.5345603,0.5378384,0.5378375,0.5379386,0.5379471,0.5380168,0.5380301,0.5380315,0.5381529,0.5381697,0.5382012,0.5381908,0.5382122,0.3840413,0.5385127,0.5345153,0.5377887,0.5378233,0.5378379,
0.5379197,0.5379379,0.5379589,0.3626913,0.5385032,0.5385085,0.5384712,0.5384007,0.3838533,0.5385257,0.5385387,0.5385185,0.538507,0.07584526,0.3215792,0.2915966,0.3217581,0.3215122,0.3214706,0.3214696,0.3215632,0.2910659,0.3215456,0.3213843,0.2915113,0.3214654,0.3214661,0.3215093,0.3215241,0.3215332,
0.3215457,0.3215603,0.3215323,0.3215422,0.3215534,0.3215568,0.2916168,0.3217459,0.4504391,0.3212452,0.3213415,0.3213473,0.3213164,0.3212487,0.3212666,0.3213032,0.3213137,0.3213375,0.3213863,0.3214045,0.3213937,0.3213862,0.2910784,0.3630609,0.5385148,0.5385332,0.5345367,0.5377516,0.5377526,0.537782,
0.5378309,0.5378574,0.5378616,0.5380543,0.5381525,0.5381951,0.5344656,0.5344396,0.5377676,0.538018,0.5380551,0.07726951,0.2915579,0.3216138,0.3214878,0.2911622,0.2911668,0.3216916,0.05280789,0.3214532,0.321474,0.3214663,0.3214595,0.3214964,0.321539,0.3215635,0.321621,0.3214604,0.4506635,0.3212432,
0.3213857,0.3213835,0.4507155,0.1339245,0.3215265,0.2915543,0.321455,0.2911805,0.3217039,0.3214487,0.3214593,0.32145,0.3214442,0.3214435,0.3214429,0.07727487,0.2916187,0.3216206,0.2911008,0.3214807,0.3214957,0.3215174,0.4500219,0.3212894,0.321279,0.3213434,0.3213713,0.3213582,0.2910951,0.2910884,
0.450524,0.450457,0.2914105,0.3215452,0.3215115,0.2914994,0.4506117,0.3213185,0.2911171,0.3213737,0.3213754,0.2913442,0.4501147,0.3213659,0.4502215,0.3211818,0.2914322,0.3217207,0.3214116,0.3214172,0.2913457,0.3216832,0.3214394,0.3214346,0.3214412,0.2912422,0.3214502,0.3214776,0.4502656,0.3212616,
0.4499184,0.4499312,0.3213452,0.3213117,0.3213384,0.321331,0.3213225,0.3213352,0.3213355,0.4502506,0.3212275,0.4505085,0.4504778,0.3213436,0.291365,0.3214683,0.2916566,0.2911088,0.3214116,0.3213552,0.4507778,0.4504514,0.4501034,0.3213383,0.3212606,0.3212412,0.3212528,0.2910904,0.2910869,0.3217585,
0.4501954,0.4501609,0.3213702,0.4499477,0.4499191,0.3213697,0.4504873,0.3212316,0.4503367,0.321273,0.3214058,0.3213905,0.291066,0.3214744,0.3214957,0.3215067,0.3214959,0.3214696,0.4505754,0.3212853,0.3212847,0.07728766,0.3214844,0.3216071,0.4506563,0.321315,0.3213573,0.3213145,0.4505381,0.4502548,
0.4502056,0.4500882,0.3213294,0.3213407,0.3213587,0.3213625,0.3213128,0.45055,0.3213624,0.3213701,0.3212894,0.07728982,0.3206261,0.3215024,0.2911107,0.3215106,0.4503322,0.4500708,0.3213508,0.3213095,0.3213242,0.04313164,0.3216103,0.3214262,0.4504751,0.2914939,0.4510989,0.3212155,0.321238,0.3213286,
0.4505122,0.450304,0.4499771,0.4499495,0.291508,0.3216622,0.3213919,0.4512096,0.3213609,0.2916156,0.3217888,0.3215366,0.2943646,0.45069,0.2916416,0.450757,0.4500254,0.4499619,0.3212949,0.3214004,0.450472,0.4499503,0.07728812,0.4503215,0.3212087,0.3212515,0.3212682,0.3212833,0.3213001,0.3212581,
