0.04159176,0.0233493,0.03501233,0.04981658,0.08650976,0.03616471,0.023114,0.06895578,0.07220644,0.04513688,0.07759978,0.04987184,0.07276602,0.02347223,0.09620471,0.06894945,0.09787107,0.06444307,0.05298409,0.07031856,0.02388928,0.01426365,0.08322229,0.047385,0.09738453,0.04962184,0.05820516,0.008160866,0.01494739,0.05008939,
0.03501233,0.05298409,0.04987184,0.08322229,0.04159176,0.07220644,0.02388928,0.06894945,0.04962184,0.03501233,0.05276424,0.05298409,0.03501233,0.06374476,0.07031856,0.06444307,0.03501233,0.06444307,0.03501233,0.047385,0.0233493,0.03616471,0.05298409,0.08650976,0.06444307,0.05298409,0.08650976,0.07220644,0.04513688,0.05298409,
0.03501233,0.05298409,0.05276424,0.04962184,0.03501233,0.08650976,0.06444307,0.08650976,0.08650976,0.03501233,0.07031856,0.05298409,0.06894945,0.04962184,0.04159176,0.07220644,0.08650976,0.06894945,0.06444307,0.06444307,0.08650976,0.08322229,0.047385,0.06894945,0.07220644,0.05298409,0.08650976,0.06444307,0.05298409,0.03501233,
0.06894945,0.05298409,0.06894945,0.09458106,0.06444307,0.05276424,0.08650976,0.047385,0.07220644,0.06894945,0.03501233,0.05298409,0.05298409,0.047385,0.04962184,0.06243238,0.04962184,0.02276498,0.05298409,0.08322229,0.06444307,0.06444307,0.06444307,0.08650976,0.08322229,0.03501233,0.08650976,0.05298409,0.08650976,0.07220644,
0.06894945,0.06894945,0.08650976,0.06243238,0.05298409,0.06444307,0.08650976,0.08322229,0.06444307,0.06444307,0.06894945,0.09458106,0.06444307,0.04962184,0.08650976,0.06444307,0.047385,0.05298409,0.06894945,0.05298409,0.06444307,0.047385,0.006717015,0.05276424,0.06243238,0.047385,0.03501233,0.09458106,0.04962184,0.04962184,
0.08322229,0.047385,0.06894945,0.04962184,0.04962184,0.09458106,0.06894945,0.04962184,0.06243238,0.06243238,0.06444307,0.05298409,0.08650976,0.047385,0.006717015,0.09890205,0.05298409,0.08650976,0.06894945,0.05298409,0.04962184,0.09458106,0.06894945,0.06444307,0.06444307,0.007590794,0.06444307,0.06444307,0.047385,0.05276424,
0.047385,0.06894945,0.04962184,0.09890205,0.06894945,0.08650976,0.047385,0.06894945,0.09458106,0.05298409,0.06444307,0.06243238,0.06444307,0.04962184,0.007590794,0.06894945,0.05276424,0.09458106,0.04962184,0.06894945,0.06444307,0.04962184,0.09458106,0.047385,0.007590794,0.06444307,0.06444307,0.047385,0.06894945,0.04962184,
0.06894945,0.09458106,0.09458106,0.05276424,0.06444307,0.05276424,0.06444307,0.06894945,0.05298409,0.06894945,0.007590794,0.08650976,0.08650976,0.06444307,0.09458106,0.01826917,0.04962184,0.09458106,0.06894945,0.09458106,0.05298409,0.06894945,0.09458106,0.05276424,0.047385,0.06894945,0.04962184,0.06894945,0.047385,0.06243238,
0.06894945,0.047385,0.06894945,0.04457767,0.09458106,0.047385,0.06444307,0.007590794,0.06894945,0.05276424,0.06894945,0.06894945,0.06894945,0.06894945,0.047385,0.09458106,0.05276424,0.06894945,0.06894945,0.09458106,0.05298409,0.09458106,0.09458106,0.06894945,0.04962184,0.03900511,0.06444307,0.06894945,0.06894945,0.047385,
0.06894945,0.007590794,0.06894945,0.05276424,0.06894945,0.06894945,0.09458106,0.047385,0.05298409,0.06894945,0.06894945,0.09458106,0.09458106,0.06894945,0.047385,0.09458106,0.05196406,0.09458106,0.09458106,0.06894945,0.09458106,0.06894945,0.09458106,0.06894945,0.007590794,0.09458106,0.06894945,0.09458106,0.047385,0.06894945,
0.06894945,0.047385,0.06894945,0.09458106,0.06894945,0.09458106,0.09458106,0.047385,0.06894945,0.05298409,0.06894945,0.06894945,0.09458106,0.06894945,0.09458106,0.09458106,0.047385,0.007590794,0.05196406,0.06894945,0.05276424,0.047385,0.007590794,0.09458106,0.047385,0.06588273,0.06894945,0.09458106,0.06894945,0.09458106,
0.047385,0.06894945,0.047385,0.09458106,0.05276424,0.06894945,0.05298409,0.05196406,0.09458106,0.06894945,0.06894945,0.007590794,0.06894945,0.06588273,0.09458106,0.09458106,0.06894945,0.09458106,0.09458106,0.06588273,0.047385,0.09458106,0.06894945,0.06894945,0.09458106,0.047385,0.09458106,0.09458106,0.047385,0.06894945,
0.06894945,0.06588273,0.09458106,0.06894945,0.06894945,0.06894945,0.09458106,0.047385,0.05298409,0.06894945,0.047385,0.06588273,0.06894945,0.06894945,0.02637033,0.06894945,0.09458106,0.047385,0.09458106,0.09458106,0.09458106,0.07954121,0.06894945,0.06894945,0.06894945,0.09458106,0.06588273,0.06894945,0.09458106,0.09458106,
0.06894945,0.06894945,0.05298409,0.06894945,0.06894945,0.09458106,0.06894945,0.09458106,0.06588273,0.09458106,0.09458106,0.047385,0.047385,0.02637033,0.047385,0.09458106,0.09458106,0.09458106,0.06894945,0.06588273,0.05298409,0.06894945,0.06894945,0.03447246,0.06894945,0.06894945,0.047385,0.06894945,0.06588273,0.02371755,
0.09458106,0.09458106,0.06894945,0.06588273,0.09458106,0.02637033,0.02637033,0.09458106,0.047385,0.06894945,0.06894945,0.047385,0.09458106,0.09458106,0.09458106,0.06894945,0.09458106,0.06894945,0.09458106,0.06894945,0.06894945,0.047385,0.06894945,0.09199236,0.06894945,0.06894945,0.09458106,0.02637033,0.047385,0.09458106,
0.09458106,0.06894945,0.06894945,0.06894945,0.047385,0.06894945,0.09458106,0.09458106,0.09458106,0.09458106,0.05431581,0.02637033,0.09458106,0.09458106,0.06894945,0.047385,0.047385,0.09458106,0.06894945,0.09458106,0.02637033,0.06894945,0.047385,0.09458106,0.06894945,0.06894945,0.02637033,0.02637033,0.07541694,0.09458106,
0.02637033,0.09458106,0.06894945,0.047385,0.02637033,0.02637033,0.06894945,0.09458106,0.09458106,0.06894945,0.02637033,0.02637033,0.047385,0.09236864,0.09458106,0.06894945,0.06894945,0.09458106,0.02637033,0.09458106,0.047385,0.06894945,0.047385,0.047385,0.06894945,0.047385,0.02637033,0.02637033,0.047385,0.09458106,
0.06894945,0.047385,0.09458106,0.047385,0.047385,0.047385,0.02637033,0.02637033,0.07728912,0.06894945,0.09458106,0.06894945,0.06894945,0.09458106,0.02637033,0.09458106,0.02637033,0.06894945,0.09458106,0.06894945,0.09236864,0.06894945,0.02637033,0.047385,0.047385,0.06894945,0.09458106,0.09236864,0.09458106,0.08805908,
0.09458106,0.06894945,0.047385,0.02637033,0.02637033,0.047385,0.06894945,0.047385,0.09458106,0.08805908,0.02637033,0.07728912,0.09458106,0.09458106,0.09458106,0.047385,0.02637033,0.09458106,0.09458106,0.047385,0.09458106,0.06894945,0.06894945,0.06894945,0.047385,0.047385,0.09236864,0.06894945,0.08805908,0.047385,
0.047385,0.09458106,0.047385,0.06894945,0.02637033,0.047385,0.09458106,0.09458106,0.09458106,0.06894945,0.06894945,0.02637033,0.09458106,0.047385,0.06894945,0.09458106,0.047385,0.09236864,0.02637033,0.07728912,0.047385,0.06894945,0.047385,0.06894945,0.047385,0.02637033,0.02637033,0.047385,0.06894945,0.07939438,
0.09458106,0.09458106,0.06894945,0.06894945,0.09458106,0.09458106,0.047385,0.06894945,0.06894945,0.09458106,0.06894945,0.07728912,0.09458106,0.06894945,0.02637033,0.06894945,0.02637033,0.02763839,0.047385,0.02637033,0.0833604,0.02637033,0.06894945,0.09458106,0.047385,0.047385,0.047385,0.047385,0.05091178,0.09458106,
0.02637033,0.09458106,0.09458106,0.06894945,0.047385,0.06894945,0.047385,0.05091178,0.047385,0.05091178,0.0833604,0.09458106,0.09458106,0.05357756,0.06894945,0.09458106,0.07728912,0.02637033,0.06894945,0.047385,0.09458106,0.09458106,0.009846294,0.02637033,0.047385,0.02637033,0.09458106,0.07728912,0.09458106,0.02637033,
0.02637033,0.047385,0.09458106,0.09458106,0.09458106,0.09458106,0.09458106,0.06894945,0.02637033,0.009846294,0.02637033,0.047385,0.06894945,0.047385,0.09458106,0.09458106,0.09458106,0.009846294,0.047385,0.09458106,0.09458106,0.009846294,0.09458106,0.09458106,0.009846294,0.09458106,0.02637033,0.09458106,0.09458106,0.09458106,
0.09458106,0.02637033,0.09458106,0.05177391,0.09458106,0.09458106,0.009846294,0.09458106,0.09458106,0.09458106,0.09458106,0.09458106,0.047385,0.09458106,0.009846294,0.09458106,0.06894945,0.02637033,0.009846294,0.02637033,0.09458106,0.06101119,0.09458106,0.09458106,0.047385,0.02637033,0.009846294,0.009846294,0.06894945,0.009846294,
0.09458106,0.06894945,0.09458106,0.09458106,0.09458106,0.05177391,0.02637033,0.09458106,0.02637033,0.06894945,0.02637033,0.09458106,0.09458106,0.09458106,0.06894945,0.09458106,0.09458106,0.047385,0.09458106,0.09458106,0.09458106,0.047385,0.009846294,0.09458106,0.009846294,0.02637033,0.09458106,0.009846294,0.009846294,0.09458106,
0.09458106,0.09458106,0.06894945,0.06894945,0.09458106,0.009846294,0.09458106,0.02637033,0.09458106,0.06894945,0.009846294,0.06894945,0.09458106,0.009846294,0.09458106,0.09458106,0.02637033,0.09458106,0.09458106,0.09458106,0.09458106,0.02637033,0.05177391,0.02637033,0.01856347,0.09458106,0.009846294,0.09458106,0.09458106,0.02637033,
0.09458106,0.02637033,0.09458106,0.02637033,0.02637033,0.09458106,0.09458106,0.09458106,0.09458106,0.09458106,0.01856347,0.09458106,0.05177391,0.09458106,0.06894945,0.06894945,0.009846294,0.09458106,0.02637033,0.02637033,0.09458106,0.09458106,0.09458106,0.09458106,0.02637033,0.06894945,0.09458106,0.09458106,0.09458106,0.09458106,
0.09458106,0.09458106,0.09458106,0.09458106,0.09458106,0.09458106,0.09458106,0.09458106,0.09873936,0.01856347,0.09458106,0.02637033,0.09458106,0.09458106,0.08784238,0.009846294,0.09458106,0.09458106,0.09458106,0.06894945,0.02637033,0.009846294,0.09458106,0.02637033,0.05283855,0.09458106,0.0359084,0.02637033,0.09458106,0.09458106,
0.09458106,0.0359084,0.09458106,0.06580668,0.09458106,0.01856347,0.09458106,0.09458106,0.02637033,0.09873936,0.02637033,0.09458106,0.009846294,0.09458106,0.06894945,0.09458106,0.009846294,0.02637033,0.09458106,0.09458106,0.009846294,0.09458106,0.09458106,0.09458106,0.09873936,0.09458106,0.0359084,0.09458106,0.09458106,0.09458106,
0.09873936,0.009846294,0.09458106,0.09458106,0.09458106,0.09458106,0.009846294,0.09458106,0.0359084,0.02637033,0.09458106,0.09458106,0.09458106,0.09458106,0.09458106,0.09458106,0.09458106,0.09458106,0.09458106,0.009846294,0.09458106,0.01948905,0.09458106,0.09458106,0.09458106,0.05976452,0.0359084,0.09458106,0.09458106,0.09458106,
0.09458106,0.09458106,0.09458106,0.09873936,0.09458106,0.09458106,0.09458106,0.09458106,0.09458106,0.09458106,0.09458106,0.09458106,0.0359084,0.09873936,0.09458106,0.09458106,0.009846294,0.09458106,0.09458106,0.00743841,0.09458106,0.009846294,0.09458106,0.09458106,0.09458106,0.009846294,0.09458106,0.0359084,0.09458106,0.09458106,
0.00743841,0.09458106,0.09458106,0.09458106,0.09458106,0.09458106,0.00743841,0.09873936,0.09458106,0.09458106,0.06147655,0.09458106,0.09458106,0.09458106,0.09458106,0.09458106,0.09458106,0.09458106,0.09458106,0.09458106,0.05994056,0.09458106,0.09873936,0.09458106,0.09458106,0.0359084,0.09873936,0.0359084,0.09458106,0.00743841,
0.09458106,0.09458106,0.09458106,0.00743841,0.09458106,0.09458106,0.09458106,0.09458106,0.09458106,0.09458106,0.0359084,0.09458106,0.0359084,0.00743841,0.09458106,0.09458106,0.09228069,0.05994056,0.09458106,0.09458106,0.09458106,0.09458106,0.09458106,0.09458106,0.09458106,0.09873936,0.09458106,0.00743841,0.09458106,0.0359084,
0.09458106,0.09458106,0.09458106,0.09458106,0.09458106,0.09458106,0.00743841,0.09458106,0.09458106,0.0359084,0.09458106,0.02528702,0.00743841,0.09458106,0.09458106,0.09458106,0.09458106,0.09458106,0.0359084,0.09458106,0.09458106,0.09458106,0.09458106,0.09458106,0.09458106,0.09458106,0.09458106,0.00743841,0.09458106,0.09458106,
0.00743841,0.09458106,0.09458106,0.09458106,0.09458106,0.09458106,0.09458106,0.00743841,0.09458106,0.09458106,0.09458106,0.09458106,0.09458106,0.09458106,0.09458106,0.09458106,0.09458106,0.09458106,0.00743841,0.09458106,0.07489439,0.09458106,0.09458106,0.09458106,0.09458106,0.00743841,0.09458106,0.00743841,0.09458106,0.00743841,
0.00743841,0.00743841,0.09458106,0.09458106,0.00743841,0.09458106,0.00743841,0.00743841,0.09458106,0.09458106,0.09458106,0.09458106,0.09458106,0.09458106,0.00743841,0.09458106,0.00743841,0.09458106,0.09458106,0.09458106,0.09458106,0.09458106,0.09458106,0.00743841,0.08267754,0.09458106,0.09458106,0.09458106,0.09458106,0.09458106,
0.00743841,0.09458106,0.00743841,0.00743841,0.00743841,0.09458106,0.09458106,0.09458106,0.00743841,0.09458106,0.00743841,0.09458106,0.07843983,0.09458106,0.09458106,0.09458106,0.09458106,0.00743841,0.09458106,0.09458106,0.09458106,0.09458106,0.09458106,0.00743841,0.09458106,0.00743841,0.09458106,0.09458106,0.09458106,0.00743841,
0.09458106,0.09458106,0.09458106,0.00743841,0.09458106,0.00743841,0.00743841,0.09458106,0.09458106,0.09458106,0.002185798,0.09458106,0.09458106,0.09458106,0.00743841,0.07843983,0.09458106,0.09458106,0.09458106,0.00743841,0.09458106,0.09458106,0.00743841,0.09458106,0.00743841,0.09458106,0.09458106,0.07843983,0.09458106,0.09458106,
0.00743841,0.00743841,0.08137629,0.002185798,0.09458106,0.09458106,0.09458106,0.09458106,0.00743841,0.09458106,0.09458106,0.09458106,0.09458106,0.09458106,0.09458106,0.09458106,0.09458106,0.07843983,0.09458106,0.09458106,0.00743841,0.09458106,0.09458106,0.09458106,0.09458106,0.00743841,0.09458106,0.09458106,0.002185798,0.09458106,
0.00743841,0.00743841,0.09458106,0.002185798,0.09458106,0.07843983,0.09458106,0.002185798,0.09458106,0.09458106,0.09458106,0.09458106,0.09458106,0.00743841,0.09458106,0.07843983,0.002185798,0.07843983,0.00743841,0.00743841,0.09458106,0.09458106,0.07843983,0.00743841,0.09458106,0.00743841,0.09458106,0.002185798,0.00743841,0.09458106,
0.00743841,0.00743841,0.09458106,0.09458106,0.07843983,0.03098618,0.09458106,0.002185798,0.09458106,0.00743841,0.09458106,0.09458106,0.002185798,0.02957672,0.09458106,0.00743841,0.002185798,0.09458106,0.03193311,0.09458106,0.002185798,0.002185798,0.09458106,0.00743841,0.09458106,0.09458106,0.002185798,0.002185798,0.09458106,0.09458106,
0.00743841,0.00743841,0.00743841,0.00743841,0.09458106,0.09458106,0.002185798,0.00743841,0.09458106,0.09458106,0.09458106,0.002185798,0.00743841,0.09458106,0.00743841,0.09458106,0.00743841,0.09458106,0.03193311,0.002185798,0.04733403,0.04882252,0.002185798,0.002185798,0.00743841,0.002185798,0.09458106,0.00743841,0.09458106,0.09458106,
0.09458106,0.00743841,0.00743841,0.09458106,0.002185798,0.04882252,0.00743841,0.00743841,0.09458106,0.09458106,0.09458106,0.09458106,0.002185798,0.09458106,0.002185798,0.04733403,0.00743841,0.00743841,0.09458106,0.09458106,0.00743841,0.09458106,0.04733403,0.00743841,0.09458106,0.04882252,0.00743841,0.002185798,0.00743841,0.09458106,
0.09458106,0.04733403,0.00743841,0.00743841,0.09458106,0.09458106,0.002185798,0.04882252,0.09458106,0.09458106,0.00743841,0.09458106,0.09458106,0.09458106,0.00743841,0.09458106,0.00743841,0.002185798,0.04733403,0.09458106,0.00743841,0.09458106,0.09458106,0.09458106,0.00743841,0.09458106,0.04882252,0.00743841,0.00743841,0.00743841,
0.00743841,0.09458106,0.00743841,0.00743841,0.00743841,0.09458106,0.00743841,0.00743841,0.09458106,0.09458106,0.09458106,0.04733403,0.09458106,0.00743841,0.00743841,0.00743841,0.09458106,0.009551204,0.00743841,0.09458106,0.00743841,0.00743841,0.00743841,0.04882252,0.09458106,0.09458106,0.09458106,0.04733403,0.09458106,0.045508,
0.00743841,0.04733403,0.09458106,0.08807918,0.09458106,0.00743841,0.00743841,0.00743841,0.00743841,0.09458106,0.09458106,0.09458106,0.09458106,0.009551204,0.09458106,0.04733403,0.00743841,0.09458106,0.04733403,0.09458106,0.04733403,0.04733403,0.09458106,0.00743841,0.04733403,0.04882252,0.09458106,0.09458106,0.07080877,0.00743841,
0.08807918,0.00743841,0.00743841,0.09458106,0.04733403,0.04733403,0.08807918,0.00743841,0.00743841,0.09458106,0.06896464,0.00743841,0.00743841,0.09458106,0.09458106,0.07080877,0.09458106,0.00743841,0.00743841,0.04733403,0.00743841,0.09458106,0.09458106,0.00743841,0.09458106,0.00743841,0.04733403,0.00743841,0.04733403,0.00743841,
0.04733403,0.09458106,0.00743841,0.00743841,0.00743841,0.00743841,0.00743841,0.09458106,0.04733403,0.09458106,0.00743841,0.00743841,0.00743841,0.00743841,0.06086878,0.00743841,0.09458106,0.00743841,0.09458106,0.00743841,0.00743841,0.09458106,0.00743841,0.07080877,0.09458106,0.00743841,0.00743841,0.08807918,0.00743841,0.08807918,
0.09458106,0.00743841,0.00743841,0.08115792,0.00743841,0.00743841,0.09458106,0.00743841,0.09458106,0.09458106,0.00743841,0.002641285,0.00743841,0.00743841,0.05697301,0.00743841,0.00743841,0.09458106,0.072914,0.00743841,0.00743841,0.00743841,0.00743841,0.00743841,0.04733403,0.00743841,0.00743841,0.06086878,0.09458106,0.00743841,
0.06086878,0.09458106,0.00743841,0.07288951,0.08115792,0.00743841,0.00743841,0.06086878,0.00743841,0.00743841,0.00743841,0.002641285,0.00743841,0.09458106,0.00743841,0.00743841,0.09458106,0.00743841,0.02205756,0.09458106,0.08115792,0.09458106,0.00743841,0.09458106,0.00743841,0.002641285,0.00743841,0.00743841,0.00743841,0.00743841,
0.06086878,0.09458106,0.00743841,0.07288951,0.002641285,0.09458106,0.00743841,0.09458106,0.00743841,0.00743841,0.00743841,0.08115792,0.09458106,0.00743841,0.00743841,0.00743841,0.02205756,0.00743841,0.00743841,0.00743841,0.00743841,0.00743841,0.09458106,0.04218815,0.00743841,0.02774194,0.00743841,0.08258116,0.09292368,0.00743841,
0.00743841,0.00743841,0.00743841,0.00743841,0.00743841,0.00743841,0.00743841,0.09458106,0.00743841,0.00743841,0.09292368,0.02205756,0.09458106,0.00743841,0.00743841,0.07288951,0.00743841,0.06086878,0.00743841,0.09458106,0.04218815,0.07288951,0.00743841,0.06086878,0.00743841,0.00743841,0.00743841,0.02774194,0.09458106,0.09458106,
0.09458106,0.00743841,0.09458106,0.00743841,0.07288951,0.00743841,0.00743841,0.00743841,0.00743841,0.00743841,0.04218815,0.09458106,0.05246958,0.00743841,0.00743841,0.00743841,0.07288951,0.00743841,0.09292368,0.00743841,0.00743841,0.00743841,0.04437472,0.09458106,0.00743841,0.00743841,0.09398126,0.02774194,0.00743841,0.00743841,
0.00743841,0.00743841,0.00743841,0.09458106,0.00743841,0.04437472,0.09398126,0.00743841,0.09458106,0.00743841,0.09292368,0.00743841,0.07288951,0.00743841,0.00743841,0.09458106,0.00743841,0.00743841,0.07288951,0.00743841,0.09458106,0.09458106,0.00743841,0.07288951,0.09398126,0.00743841,0.00743841,0.00743841,0.00743841,0.00743841,
0.00743841,0.00743841,0.09458106,0.00743841,0.00743841,0.00743841,0.00743841,0.00743841,0.00743841,0.09458106,0.00743841,0.00743841,0.09458106,0.09398126,0.09458106,0.00743841,0.09398126,0.09458106,0.00743841,0.00743841,0.09458106,0.00743841,0.08057456,0.09458106,0.00743841,0.09398126,0.00743841,0.09458106,0.00743841,0.00743841,
0.09458106,0.09458106,0.00743841,0.09458106,0.00743841,0.00743841,0.09398126,0.00743841,0.09475465,0.09458106,0.00743841,0.09458106,0.09458106,0.00743841,0.00743841,0.09398126,0.00743841,0.00743841,0.09458106,0.00743841,0.07177426,0.09398126,0.09458106,0.09398126,0.09458106,0.09398126,0.09458106,0.08057456,0.09458106,0.00743841,
0.00743841,0.09458106,0.09458106,0.00743841,0.09458106,0.09458106,0.09458106,0.09458106,0.09458106,0.09458106,0.00743841,0.09458106,0.00743841,0.08057456,0.09458106,0.00743841,0.05992461,0.00743841,0.09458106,0.09475465,0.09458106,0.09398126,0.0325222,0.00743841,0.09458106,0.09398126,0.09458106,0.09458106,0.09458106,0.09398126,
0.00743841,0.09475465,0.09398126,0.00743841,0.09458106,0.09475465,0.0425329,0.09458106,0.008468032,0.00743841,0.00743841,0.00743841,0.00743841,0.00743841,0.02589378,0.09458106,0.00743841,0.09398126,0.09458106,0.00743841,0.00743841,0.00743841,0.09458106,0.00743841,0.00743841,0.00743841,0.09458106,0.09458106,0.0325222,0.09458106,
0.00743841,0.09475465,0.00743841,0.00743841,0.00743841,0.00743841,0.09458106,0.09458106,0.09458106,0.00743841,0.00743841,0.09458106,0.09458106,0.09458106,0.00743841,0.09458106,0.09458106,0.04028478,0.00743841,0.0325222,0.0325222,0.04140679,0.09458106,0.09458106,0.09398126,0.0425329,0.00743841,0.00743841,0.09398126,0.00743841,
0.09458106,0.00743841,0.09458106,0.09458106,0.0425329,0.0325222,0.06545029,0.00743841,0.09458106,0.0425329,0.00743841,0.0325222,0.09458106,0.09458106,0.09458106,0.00743841,0.09398126,0.00743841,0.00743841,0.00743841,0.09398126,0.09458106,0.04140679,0.09458106,0.001649368,0.00743841,0.00743841,0.0325222,0.005884421,0.00743841,
0.09458106,0.00743841,0.09458106,0.0325222,0.00743841,0.04140679,0.09458106,0.09458106,0.09458106,0.005884421,0.09458106,0.09458106,0.0325222,0.09458106,0.00743841,0.0425329,0.06545029,0.04140679,0.06545029,0.00743841,0.0425329,0.09398126,0.09398126,0.00743841,0.09458106,0.0374106,0.0325222,0.09458106,0.00743841,0.09458106,
0.09458106,0.00743841,0.04140679,0.09458106,0.005884421,0.0425329,0.0325222,0.09458106,0.09458106,0.09458106,0.09458106,0.06545029,0.09458106,0.09458106,0.00743841,0.00743841,0.005884421,0.09458106,0.04140679,0.04140679,0.09458106,0.0325222,0.07734672,0.0374106,0.00743841,0.0325222,0.06545029,0.09458106,0.00743841,0.09458106,
0.09458106,0.005884421,0.04831154,0.0325222,0.00743841,0.04140679,0.07734672,0.09458106,0.09458106,0.00743841,0.09458106,0.0374106,0.005884421,0.09458106,0.0425329,0.09458106,0.09458106,0.09458106,0.09458106,0.07734672,0.09458106,0.01699482,0.0425329,0.09458106,0.04140679,0.07734672,0.02145634,0.09458106,0.0425329,0.07734672,
0.07734672,0.01699482,0.07734672,0.0425329,0.09458106,0.09458106,0.09458106,0.0425329,0.0374106,0.07734672,0.09458106,0.00743841,0.0425329,0.04140679,0.09458106,0.005884421,0.07734672,0.04140679,0.02145634,0.09458106,0.0425329,0.005884421,0.07734672,0.02311171,0.08838385,0.0425329,0.0425329,0.02145634,0.09458106,0.09458106,
0.07734672,0.09458106,0.005884421,0.07774227,0.09458106,0.07734672,0.09458106,0.07734672,0.07734672,0.005884421,0.0425329,0.09458106,0.02311171,0.09458106,0.02145634,0.07734672,0.07734672,0.07734672,0.08838385,0.09458106,0.005884421,0.04140679,0.06455519,0.02311171,0.09458106,0.0425329,0.07734672,0.0425329,0.07734672,0.07734672,
0.07734672,0.005884421,0.07734672,0.0425329,0.09458106,0.09458106,0.08519795,0.07734672,0.08838385,0.08838385,0.005884421,0.07734672,0.08838385,0.09458106,0.07734672,0.07734672,0.04140679,0.09458106,0.02145634,0.07734672,0.0425329,0.0425329,0.09458106,0.09458106,0.07734672,0.04634662,0.04140679,0.08838385,0.09458106,0.07734672,
0.09458106,0.0425329,0.04140679,0.09458106,0.09458106,0.07734672,0.08838385,0.08838385,0.005884421,0.09458106,0.09458106,0.09458106,0.07734672,0.09458106,0.07734672,0.07734672,0.0425329,0.09458106,0.04140679,0.07734672,0.0425329,0.0425329,0.08838385,0.04140679,0.08838385,0.04140679,0.08838385,0.08838385,0.07734672,0.04140679,
0.09458106,0.04140679,0.09458106,0.0425329,0.0425329,0.07734672,0.09458106,0.07734672,0.04140679,0.005884421,0.0425329,0.07734672,0.09458106,0.09458106,0.0425329,0.09458106,0.0791456,0.09458106,0.09458106,0.09458106,0.04140679,0.04140679,0.07734672,0.04140679,0.09458106,0.08838385,0.09458106,0.08838385,0.08838385,0.09458106,
0.09458106,0.09458106,0.07734672,0.04140679,0.09458106,0.09458106,0.09458106,0.04140679,0.08838385,0.08838385,0.07734672,0.08838385,0.09458106,0.0425329,0.08838385,0.04140679,0.09458106,0.04140679,0.09458106,0.09458106,0.0425329,0.09458106,0.09458106,0.04140679,0.07734672,0.0425329,0.07734672,0.04140679,0.09458106,0.09458106,
0.08838385,0.0425329,0.08838385,0.07236506,0.07734672,0.09458106,0.07734672,0.07734672,0.07734672,0.0425329,0.04140679,0.09458106,0.09458106,0.09458106,0.04140679,0.09458106,0.08838385,0.09458106,0.04140679,0.04140679,0.09458106,0.09458106,0.09458106,0.04140679,0.0425329,0.04140679,0.07734672,0.09458106,0.09458106,0.07734672,
0.07734672,0.07734672,0.07734672,0.07734672,0.08838385,0.07734672,0.04140679,0.09458106,0.07734672,0.07734672,0.07734672,0.04140679,0.0425329,0.09458106,0.04140679,0.09458106,0.08838385,0.0425329,0.09458106,0.04140679,0.0425329,0.0425329,0.07734672,0.09458106,0.07734672,0.07734672,0.09458106,0.09458106,0.07734672,0.08838385,
0.0425329,0.07734672,0.07734672,0.09458106,0.09458106,0.09458106,0.07734672,0.07734672,0.07734672,0.09458106,0.08838385,0.09458106,0.06591522,0.08838385,0.09458106,0.04140679,0.07734672,0.09458106,0.08838385,0.07734672,0.04140679,0.04818729,0.04140679,0.07734672,0.07734672,0.07734672,0.09458106,0.04140679,0.07734672,0.04140679,
0.07734672,0.09458106,0.04140679,0.07734672,0.07734672,0.09458106,0.0425329,0.09458106,0.07734672,0.09458106,0.08838385,0.08838385,0.07734672,0.04140679,0.07734672,0.06954693,0.09458106,0.09458106,0.04140679,0.09458106,0.09458106,0.09458106,0.09458106,0.09458106,0.09458106,0.09458106,0.09458106,0.09458106,0.09458106,0.07734672,
0.09458106,0.04140679,0.09458106,0.04140679,0.007566941,0.08838385,0.07734672,0.08838385,0.09458106,0.04140679,0.06954693,0.09458106,0.09458106,0.07734672,0.09458106,0.06954693,0.09458106,0.07734672,0.09458106,0.09458106,0.07734672,0.07734672,0.07734672,0.09458106,0.09458106,0.06954693,0.09458106,0.09458106,0.08838385,0.09458106,
0.09458106,0.07734672,0.07734672,0.09458106,0.09458106,0.09458106,0.07734672,0.09458106,0.07734672,0.09458106,0.08838385,0.09458106,0.04140679,0.08838385,0.04140679,0.09458106,0.07734672,0.09458106,0.09458106,0.09458106,0.09458106,0.09458106,0.09458106,0.07734672,0.07734672,0.06954693,0.09458106,0.09458106,0.06954693,0.07734672,
0.09458106,0.09458106,0.06954693,0.09458106,0.06954693,0.09458106,0.09458106,0.09458106,0.07734672,0.09458106,0.07734672,0.09458106,0.09458106,0.09458106,0.07734672,0.04874043,0.09458106,0.08838385,0.07734672,0.09458106,0.07734672,0.09458106,0.08838385,0.09458106,0.06954693,0.06954693,0.07734672,0.09458106,0.05159965,0.07734672,
0.09458106,0.07734672,0.09458106,0.09458106,0.07734672,0.06954693,0.07734672,0.06954693,0.06954693,0.09458106,0.05275924,0.06954693,0.09458106,0.09458106,0.09458106,0.07734672,0.00516808,0.07734672,0.08838385,0.09458106,0.07734672,0.09458106,0.01974961,0.09458106,0.09458106,0.07734672,0.06954693,0.07734672,0.09458106,0.09458106,
0.05275924,0.07734672,0.07734672,0.07734672,0.06954693,0.09458106,0.07734672,0.09458106,0.07734672,0.05275924,0.06954693,0.03878641,0.06954693,0.07734672,0.06954693,0.06954693,0.07734672,0.06954693,0.09458106,0.07734672,0.09458106,0.01974961,0.08838385,0.05275924,0.07734672,0.09458106,0.06954693,0.05275924,0.09458106,0.09458106,
0.06954693,0.06954693,0.07734672,0.09458106,0.05275924,0.07734672,0.05275924,0.09458106,0.07734672,0.06954693,0.07734672,0.09458106,0.06954693,0.09458106,0.07734672,0.09458106,0.09458106,0.06954693,0.06954693,0.09458106,0.07734672,0.06954693,0.07734672,0.09458106,0.06954693,0.01974961,0.07734672,0.07734672,0.03878641,0.06954693,
0.06954693,0.07734672,0.07734672,0.09458106,0.07734672,0.09458106,0.07734672,0.09458106,0.07734672,0.08143228,0.07734672,0.07734672,0.09458106,0.06954693,0.06954693,0.07734672,0.09458106,0.06954693,0.09458106,0.07734672,0.07734672,0.06954693,0.07734672,0.01295053,0.09458106,0.06954693,0.06954693,0.09458106,0.06954693,0.09458106,
0.01295053,0.06954693,0.06954693,0.06954693,0.06954693,0.07734672,0.09458106,0.09458106,0.06954693,0.06954693,0.06954693,0.07734672,0.07734672,0.07734672,0.06954693,0.09458106,0.01295053,0.09458106,0.06954693,0.06954693,0.06954693,0.09458106,0.07734672,0.09458106,0.06954693,0.04965141,0.07734672,0.09458106,0.06954693,0.09458106,
0.01295053,0.04965141,0.02344108,0.07734672,0.06954693,0.06954693,0.09458106,0.09458106,0.07734672,0.01295053,0.01295053,0.04965141,0.07734672,0.09677594,0.09458106,0.07734672,0.09458106,0.01295053,0.06954693,0.04965141,0.09458106,0.09458106,0.06954693,0.06954693,0.07734672,0.07734672,0.09458106,0.09458106,0.09458106,0.09458106,
0.09677594,0.07734672,0.02344108,0.04965141,0.01295053,0.02344108,0.09458106,0.06954693,0.06954693,0.09458106,0.06954693,0.09458106,0.06954693,0.09458106,0.09458106,0.01295053,0.09458106,0.09458106,0.06954693,0.07734672,0.07734672,0.07734672,0.09458106,0.07734672,0.07734672,0.09458106,0.09458106,0.07734672,0.04965141,0.01295053,
0.09458106,0.06954693,0.02344108,0.06954693,0.09458106,0.09458106,0.06954693,0.06954693,0.06954693,0.01295053,0.01295053,0.09458106,0.07734672,0.06954693,0.06954693,0.01295053,0.09458106,0.09458106,0.06954693,0.07734672,0.07734672,0.06203293,0.01295053,0.07734672,0.07734672,0.09458106,0.001099181,0.09458106,0.07734672,0.05364079,
0.01295053,0.09458106,0.01295053,0.06954693,0.001099181,0.09458106,0.07734672,0.09458106,0.06954693,0.06954693,0.06954693,0.09458106,0.09458106,0.07734672,0.06954693,0.09458106,0.06954693,0.06954693,0.06954693,0.06954693,0.09458106,0.02344108,0.01295053,0.09458106,0.07734672,0.06954693,0.09458106,0.06954693,0.02344108,0.07734672,
0.07734672,0.06954693,0.09458106,0.06954693,0.01295053,0.06954693,0.07734672,0.008007037,0.09458106,0.07734672,0.09458106,0.09458106,0.09458106,0.07734672,0.09458106,0.01295053,0.09458106,0.01295053,0.06954693,0.09458106,0.09458106,0.06954693,0.09458106,0.06954693,0.06954693,0.09458106,0.01295053,0.09458106,0.02344108,0.02344108,
0.06954693,0.09458106,0.09458106,0.09458106,0.02344108,0.01295053,0.06954693,0.06954693,0.09458106,0.06954693,0.09458106,0.01295053,0.07734672,0.04542696,0.06954693,0.09458106,0.01295053,0.06954693,0.06954693,0.01295053,0.06954693,0.09458106,0.01295053,0.01295053,0.06954693,0.09458106,0.06954693,0.07734672,0.01295053,0.008007037,
0.09458106,0.06954693,0.02344108,0.09458106,0.06954693,0.09458106,0.06954693,0.02344108,0.04542696,0.09458106,0.06954693,0.008007037,0.06954693,0.01295053,0.09458106,0.06954693,0.06954693,0.09458106,0.06954693,0.09458106,0.01295053,0.07734672,0.06954693,0.01295053,0.01295053,0.06954693,0.01295053,0.06954693,0.09458106,0.06954693,
0.06954693,0.01295053,0.01295053,0.01295053,0.01295053,0.06954693,0.07741505,0.04542696,0.06954693,0.06954693,0.06954693,0.06954693,0.06954693,0.06954693,0.008007037,0.01295053,0.06954693,0.09458106,0.09458106,0.06954693,0.01295053,0.06954693,0.07734672,0.06954693,0.01295053,0.06954693,0.08605056,0.04542696,0.06954693,0.06954693,
0.01295053,0.01295053,0.06954693,0.06954693,0.06954693,0.06954693,0.06954693,0.008007037,0.06954693,0.06954693,0.01295053,0.06954693,0.06954693,0.01295053,0.06954693,0.06954693,0.06954693,0.06954693,0.06954693,0.01295053,0.01295053,0.09458106,0.04542696,0.06954693,0.06954693,0.07734672,0.06954693,0.03811801,0.06954693,0.01295053,
0.01295053,0.06954693,0.06954693,0.01295053,0.06954693,0.06954693,0.06954693,0.06954693,0.06954693,0.008007037,0.07734672,0.01561838,0.06954693,0.06954693,0.06954693,0.06954693,0.03811801,0.008007037,0.01295053,0.07734672,0.06954693,0.06954693,0.06954693,0.01295053,0.06954693,0.06954693,0.03811801,0.01295053,0.01295053,0.06954693,
0.008007037,0.07734672,0.06954693,0.06954693,0.06954693,0.03811801,0.07734672,0.01295053,0.01295053,0.008007037,0.06954693,0.06954693,0.06954693,0.01006976,0.06954693,0.06954693,0.01561838,0.06954693,0.07734672,0.01561838,0.01295053,0.06954693,0.06954693,0.06954693,0.06197271,0.06954693,0.01561838,0.008007037,0.08276856,0.03811801,
0.06954693,0.008007037,0.06954693,0.06954693,0.03811801,0.01561838,0.06954693,0.07734672,0.06954693,0.06954693,0.07734672,0.06954693,0.06954693,0.06051541,0.06954693,0.01561838,0.08276856,0.06954693,0.07734672,0.008007037,0.01295053,0.06954693,0.01561838,0.06954693,0.01295053,0.06197271,0.07734672,0.06954693,0.06954693,0.07734672,
0.01561838,0.008007037,0.07734672,0.07734672,0.01561838,0.01561838,0.06954693,0.06954693,0.06954693,0.07734672,0.07734672,0.06954693,0.008007037,0.07734672,0.03811801,0.03811801,0.07734672,0.03510401,0.07734672,0.03811801,0.07734672,0.06051541,0.008007037,0.06954693,0.01561838,0.07734672,0.03811801,0.06954693,0.01295053,0.06954693,
0.03811801,0.07734672,0.01561838,0.008007037,0.05980299,0.07734672,0.008007037,0.06051541,0.02790498,0.06954693,0.06954693,0.06954693,0.07734672,0.07734672,0.01561838,0.07734672,0.07734672,0.07932308,0.02974575,0.03811801,0.07734672,0.01295053,0.07734672,0.008007037,0.06954693,0.06954693,0.05205837,0.07734672,0.06051541,0.07734672,
0.07734672,0.008007037,0.06051541,0.06954693,0.05205837,0.008007037,0.05980299,0.07932308,0.008007037,0.06954693,0.05346703,0.01561838,0.01295053,0.06954693,0.06123611,0.07734672,0.07734672,0.05205837,0.06954693,0.008007037,0.05205837,0.02974575,0.07734672,0.07734672,0.01912043,0.03811801,0.07734672,0.07734672,0.07734672,0.008007037,
0.008007037,0.03811801,0.06123611,0.06954693,0.05205837,0.06954693,0.07734672,0.05980299,0.07932308,0.03811801,0.008007037,0.008007037,0.09752388,0.07734672,0.06954693,0.008007037,0.07734672,0.06051541,0.07734672,0.05205837,0.07734672,0.01561838,0.06123611,0.05205837,0.07734672,0.05205837,0.07734672,0.05205837,0.01912043,0.06954693,
0.07734672,0.06954693,0.008007037,0.06051541,0.07734672,0.05205837,0.09752388,0.03811801,0.07734672,0.07734672,0.07734672,0.07734672,0.07734672,0.008007037,0.07734672,0.008007037,0.07734672,0.01912043,0.008007037,0.05205837,0.07734672,0.06954693,0.06954693,0.07734672,0.07734672,0.008007037,0.06954693,0.03811801,0.06123611,0.07734672,
0.008007037,0.06954693,0.07734672,0.07734672,0.07734672,0.06954693,0.008007037,0.06123611,0.008007037,0.008007037,0.06123611,0.008007037,0.06123611,0.01912043,0.07505653,0.06954693,0.008007037,0.07734672,0.07734672,0.07734672,0.008007037,0.008007037,0.05205837,0.06954693,0.07734672,0.07734672,0.06954693,0.06954693,0.07734672,0.03811801,
0.01912043,0.008007037,0.008007037,0.06954693,0.06954693,0.01912043,0.06123611,0.07734672,0.008007037,0.07734672,0.07734672,0.07734672,0.06123611,0.03811801,0.07734672,0.008007037,0.06954693,0.07734672,0.06954693,0.07734672,0.07734672,0.05205837,0.07505653,0.06954693,0.008007037,0.07734672,0.07734672,0.07734672,0.07734672,0.07734672,
0.01912043,0.06123611,0.06954693,0.06954693,0.06954693,0.07734672,0.01912043,0.07734672,0.008007037,0.07734672,0.01912043,0.07734672,0.008007037,0.06954693,0.07734672,0.06954693,0.07734672,0.06123611,0.05205837,0.008007037,0.06954693,0.07734672,0.06123611,0.06954693,0.008007037,0.06123611,0.06123611,0.07734672,0.06954693,0.07734672,
0.008007037,0.01912043,0.07734672,0.08879216,0.07734672,0.07734672,0.07734672,0.01912043,0.01912043,0.04822492,0.06954693,0.01912043,0.06954693,0.07734672,0.06954693,0.06954693,0.07734672,0.06954693,0.06954693,0.05205837,0.06954693,0.008007037,0.07734672,0.06123611,0.01912043,0.06123611,0.01912043,0.01912043,0.09400729,0.06123611,
0.01912043,0.06954693,0.07734672,0.06954693,0.06954693,0.06954693,0.01912043,0.01912043,0.07734672,0.07734672,0.01912043,0.01912043,0.07734672,0.01912043,0.01912043,0.06954693,0.08879216,0.06954693,0.01835961,0.06123611,0.07734672,0.06954693,0.06954693,0.01912043,0.07734672,0.07734672,0.05109629,0.06954693,0.06954693,0.04822492,
0.01912043,0.06954693,0.07734672,0.06123611,0.06954693,0.01912043,0.01912043,0.08879216,0.01912043,0.08950406,0.06954693,0.06537326,0.06954693,0.06954693,0.07734672,0.06954693,0.07734672,0.03044066,0.01912043,0.07734672,0.06954693,0.07734672,0.01912043,0.06954693,0.01912043,0.06954693,0.07734672,0.07734672,0.01912043,0.01912043,
0.03044066,0.01912043,0.07734672,0.06954693,0.01912043,0.06954693,0.01912043,0.06123611,0.01912043,0.06954693,0.06537326,0.08879216,0.01912043,0.06954693,0.06954693,0.06537326,0.01912043,0.06954693,0.07734672,0.06954693,0.01912043,0.08879216,0.07734672,0.06537326,0.07734672,0.01912043,0.08879216,0.06954693,0.08879216,0.0410119,
0.06537326,0.06954693,0.06497091,0.06537326,0.0410119,0.06954693,0.017339,0.07734672,0.06537326,0.01912043,0.08879216,0.06537326,0.01912043,0.01912043,0.06954693,0.07734672,0.06537326,0.01912043,0.06537326,0.07734672,0.01912043,0.06123611,0.01912043,0.08879216,0.06537326,0.06954693,0.06537326,0.01912043,0.07734672,0.06123611,
0.06954693,0.06537326,0.07734672,0.01912043,0.07734672,0.07734672,0.017339,0.06954693,0.08879216,0.04330031,0.01912043,0.06537326,0.01454287,0.07734672,0.01912043,0.07734672,0.08879216,0.06954693,0.01912043,0.06537326,0.08879216,0.01912043,0.07734672,0.01912043,0.06537326,0.06954693,0.06954693,0.06123611,0.07734672,0.06537326,
0.01912043,0.01912043,0.07734672,0.01912043,0.08879216,0.07734672,0.08879216,0.07734672,0.06123611,0.017339,0.03304435,0.06537326,0.07734672,0.06123611,0.06123611,0.01912043,0.06954693,0.07734672,0.08879216,0.06537326,0.08879216,0.08879216,0.01912043,0.06123611,0.06954693,0.017339,0.01912043,0.017339,0.01912043,0.06537326,
0.08879216,0.01912043,0.07734672,0.06123611,0.017339,0.06123611,0.07734672,0.06123611,0.06123611,0.07734672,0.06123611,0.06954693,0.01912043,0.07734672,0.06123611,0.06123611,0.017339,0.01912043,0.06954693,0.06954693,0.08879216,0.08879216,0.04491635,0.06954693,0.01912043,0.03304435,0.06123611,0.01912043,0.08879216,0.07734672,
0.07734672,0.06123611,0.08879216,0.08879216,0.06954693,0.07734672,0.01912043,0.017339,0.08879216,0.06123611,0.05395778,0.07734672,0.01912043,0.06954693,0.005354417,0.06123611,0.07734672,0.08879216,0.07734672,0.07734672,0.01912043,0.08879216,0.005273485,0.06923229,0.06954693,0.06123611,0.07734672,0.005817497,0.04491635,0.08879216,
0.017339,0.06123611,0.06954693,0.06123611,0.07734672,0.06923229,0.01912043,0.08879216,0.06123611,0.005273485,0.005273485,0.02411089,0.08879216,0.02400961,0.01912043,0.01912043,0.017339,0.01912043,0.08879216,0.06123611,0.07734672,0.06123611,0.07734672,0.06123611,0.07734672,0.08879216,0.06156095,0.01912043,0.06123611,0.08879216,
0.01912043,0.017339,0.06123611,0.08879216,0.06954693,0.01912043,0.0941181,0.08879216,0.06123611,0.017339,0.07734672,0.01912043,0.01912043,0.017339,0.01912043,0.06123611,0.017339,0.02400961,0.08315764,0.06123611,0.017339,0.06923229,0.07734672,0.06954693,0.06123611,0.01249963,0.07734672,0.005273485,0.08879216,0.06123611,
0.01912043,0.07734672,0.08879216,0.07734672,0.07734672,0.017339,0.08315764,0.07734672,0.01912043,0.01912043,0.06954693,0.06954693,0.005273485,0.07734672,0.06123611,0.08181605,0.017339,0.017339,0.07734672,0.06123611,0.06123611,0.07734672,0.01912043,0.07734672,0.06923229,0.06123611,0.017339,0.08879216,0.08879216,0.017339,
0.01912043,0.06954693,0.01912043,0.08879216,0.06017551,0.07734672,0.017339,0.07734672,0.01912043,0.08181605,0.08315764,0.06954693,0.06123611,0.017339,0.01912043,0.01912043,0.017339,0.07734672,0.06954693,0.07734672,0.06123611,0.08879216,0.08879216,0.017339,0.08879216,0.07734672,0.01912043,0.06123611,0.08881354,0.01912043,
0.08881354,0.08315764,0.01912043,0.08315764,0.08315764,0.08879216,0.08879216,0.06954693,0.08881354,0.01912043,0.06954693,0.08879216,0.07734672,0.06123611,0.07734672,0.06954693,0.01912043,0.01912043,0.017339,0.06954693,0.08879216,0.01912043,0.01912043,0.08879216,0.06017551,0.06017551,0.07734672,0.07734672,0.06954693,0.08181605,
0.01912043,0.08879216,0.017339,0.08181605,0.06123611,0.08879216,0.08315764,0.08879216,0.01912043,0.017339,0.06954693,0.08315764,0.08315764,0.08881354,0.01912043,0.08315764,0.07734672,0.06954693,0.08879216,0.01912043,0.06954693,0.07734672,0.06954693,0.01912043,0.01912043,0.06954693,0.08879216,0.008932185,0.06954693,0.07734672,
0.01912043,0.06954693,0.08881354,0.07725117,0.06954693,0.07734672,0.017339,0.06954693,0.08879216,0.08315764,0.06123611,0.01912043,0.07734672,0.01912043,0.01912043,0.08315764,0.06954693,0.06954693,0.07734672,0.07734672,0.07734672,0.06123611,0.08315764,0.06954693,0.08881354,0.01912043,0.08315764,0.01371176,0.017339,0.07734672,
0.01912043,0.08315764,0.08879216,0.06954693,0.01371176,0.06954693,0.06954693,0.06954693,0.07734672,0.06123611,0.08315764,0.01912043,0.0004575253,0.08881354,0.01371176,0.07734672,0.08315764,0.06954693,0.06123611,0.08315764,0.06123611,0.06123611,0.08315764,0.07734672,0.01252422,0.01912043,0.01912043,0.07734672,0.08315764,0.06954693,
0.01912043,0.08315764,0.01912043,0.01371176,0.06954693,0.01912043,0.06123611,0.01252422,0.06123611,0.01371176,0.06123611,0.07734672,0.07734672,0.06123611,0.0004575253,0.06123611,0.0004575253,0.08315764,0.06123611,0.0004575253,0.01912043,0.08315764,0.08315764,0.08881354,0.08315764,0.01912043,0.08315764,0.06123611,0.06123611,0.07734672,
0.08315764,0.08881354,0.06123611,0.01371176,0.06123611,0.06123611,0.0004575253,0.01912043,0.06123611,0.07734672,0.06123611,0.07734672,0.08315764,0.06123611,0.09870311,0.07734672,0.08315764,0.06123611,0.07734672,0.06123611,0.01371176,0.07734672,0.01252422,0.01912043,0.0004575253,0.06123611,0.07734672,0.08315764,0.01912043,0.07734672,
0.06123611,0.07734672,0.06123611,0.06123611,0.06123611,0.07734672,0.06123611,0.08315764,0.06123611,0.07034661,0.08881354,0.06123611,0.06123611,0.09870311,0.06123611,0.08315764,0.08881354,0.01912043,0.06123611,0.08315764,0.07734672,0.07734672,0.08315764,0.08881354,0.06123611,0.0004575253,0.07734672,0.06123611,0.03816695,0.06123611,
0.06123611,0.07034661,0.07734672,0.08881354,0.07734672,0.08881354,0.09870311,0.07734672,0.07734672,0.0004575253,0.06123611,0.07734672,0.06123611,0.08881354,0.08315764,0.03816695,0.06123611,0.0004575253,0.06123611,0.0004575253,0.06123611,0.08881354,0.08881354,0.08881354,0.01866108,0.07734672,0.06123611,0.09870311,0.09870311,0.04087773,
0.09870311,0.09870311,0.06123611,0.01816015,0.08315764,0.08881354,0.03816695,0.07034661,0.07734672,0.06123611,0.06123611,0.08881354,0.09870311,0.08881354,0.06123611,0.08881354,0.06123611,0.08881354,0.06123611,0.08881354,0.08576559,0.06123611,0.09902042,0.08881354,0.06123611,0.0004575253,0.08881354,0.06123611,0.04087773,0.08881354,
0.06123611,0.0004575253,0.06123611,0.07937926,0.06123611,0.08881354,0.06123611,0.08315764,0.08881354,0.06123611,0.0004575253,0.07364875,0.08881354,0.06123611,0.08315764,0.08881354,0.08881354,0.06123611,0.06123611,0.04087773,0.06123611,0.06123611,0.06123611,0.08881354,0.08881354,0.08881354,0.08881354,0.07734672,0.09870311,0.06123611,
0.0004575253,0.06123611,0.06123611,0.06123611,0.08881354,0.06123611,0.06123611,0.04087773,0.06123611,0.08881354,0.08881354,0.06123611,0.08881354,0.06123611,0.0004575253,0.06123611,0.07734672,0.08881354,0.06123611,0.06123611,0.04087773,0.0004575253,0.0589648,0.0004575253,0.08881354,0.06123611,0.06123611,0.08315764,0.02703064,0.06123611,
0.06123611,0.08881354,0.07734672,0.01404072,0.08881354,0.08881354,0.08881354,0.06123611,0.08881354,0.06123611,0.08881354,0.06123611,0.04087773,0.06123611,0.08881354,0.0589648,0.06123611,0.06123611,0.0004575253,0.06123611,0.06123611,0.0004575253,0.08315764,0.06123611,0.04087773,0.06123611,0.06123611,0.06123611,0.06123611,0.02703064,
0.08881354,0.08881354,0.01404072,0.07734672,0.0004575253,0.06123611,0.08881354,0.06123611,0.08881354,0.08315764,0.08881354,0.08881354,0.06123611,0.07734672,0.08881354,0.06123611,0.08881354,0.08881354,0.0589648,0.08881354,0.06123611,0.06123611,0.06123611,0.08881354,0.02703064,0.06123611,0.02703064,0.07734672,0.08315764,0.06123611,
0.01404072,0.06123611,0.0589648,0.08881354,0.08881354,0.0004575253,0.06123611,0.08881354,0.06123611,0.08881354,0.08881354,0.06526784,0.08881354,0.08881354,0.01404072,0.08881354,0.06123611,0.08315764,0.01404072,0.06123611,0.0589648,0.0589648,0.08881354,0.06123611,0.06123611,0.06123611,0.0004575253,0.08881354,0.06123611,0.06123611,
0.06123611,0.01404072,0.08881354,0.0004575253,0.06123611,0.01404072,0.08315764,0.07367279,0.08881354,0.08881354,0.08881354,0.06123611,0.06123611,0.0004575253,0.06123611,0.06123611,0.0004575253,0.01404072,0.08881354,0.08881354,0.06123611,0.01404072,0.08881354,0.08881354,0.06123611,0.0589648,0.06123611,0.06123611,0.0004575253,0.06123611,
0.06123611,0.06123611,0.06123611,0.08881354,0.07367279,0.01476041,0.08315764,0.04094633,0.08881354,0.01404072,0.06123611,0.08881354,0.08881354,0.08881354,0.08881354,0.01404072,0.06123611,0.08881354,0.06123611,0.08881354,0.08881354,0.01404072,0.08881354,0.06123611,0.06123611,0.08881354,0.06123611,0.06123611,0.06123611,0.08881354,
0.06123611,0.06123611,0.06123611,0.08881354,0.08881354,0.08881354,0.06123611,0.09722079,0.01476041,0.01404072,0.06123611,0.08881354,0.08881354,0.08881354,0.08881354,0.01404072,0.06123611,0.08881354,0.08881354,0.01404072,0.07367279,0.06123611,0.06123611,0.06123611,0.04094633,0.08881354,0.08881354,0.06123611,0.08881354,0.08881354,
0.08881354,0.09722079,0.08881354,0.08881354,0.08881354,0.06123611,0.08881354,0.04094633,0.08881354,0.08881354,0.01404072,0.04094633,0.08881354,0.08881354,0.08881354,0.04094633,0.09722079,0.06123611,0.06123611,0.01404072,0.08881354,0.06123611,0.08881354,0.04094633,0.08881354,0.01404072,0.06123611,0.09722079,0.08881354,0.01404072,
