0
0.5114199
0.5114175
0.5114222
0.5102322
0.5113975
0.5114036
0.5114044
0.5102457
0.5114014
0.5103042
0.7412256
0.741249
0.741293
0.7412653
0.7413007
0.7432177
0.7432173
0.743134
0.7431908
0.7431503
0.7431402
0.7431397
0.7431542
0.7534146
0.7534164
0.7970198
0.7959387
0.7959159
0.796949
0.7970141
0.7959781
0.7970165
0.7969543
0.7976345
0.7976755
0.7976638
0.7973978
0.7976647
0.7976328
0.7973165
0.7976599
0.797641
0.7976657
0.7976651
0.7976605
0.7976615
0.7976671
0.7972926
0.7973004
0.7974384
0.7976849
0.7973566
0.7976707
0.7976491
0.7977472
0.7977613
0.7974581
0.79774
0.7974505
0.797412
0.7974197
0.7977399
0.79774
0.7977537
0.7973272
0.7977411
0.7972986
0.7976393
0.7972921
0.7976209
0.7977434
0.7976382
0.7976376
0.7976309
0.7976516
0.797721
0.7974084
0.7977287
0.7976219
0.7975975
0.7976311
0.7973377
0.7976449
0.7974318
0.7976342
0.797345
0.7973511
0.7976207
0.7974347
0.7974221
0.7973573
0.7976344
0.7973514
0.7972492
0.7973136
0.7976432
0.7973207
0.7976115
0.7976104
0.7976198
0.7976055
0.7973799
0.7976453
0.7973736
0.797612
0.7976099
0.7976333
0.797633
0.7976078
0.7976254
0.7976084
0.7977378
0.7976252
0.7976256
0.7972361
0.7972478
0.7976353
0.7972301
0.7977239
0.7976132
0.7976132
0.7976309
0.7976418
0.7976214
0.7976197
0.7976276
0.7976289
0.7976341
0.7976244
0.7976375
0.7973893
0.797322
0.7973852
0.7976207
0.7976307
0.79769
0.7977226
0.7976859
0.7973896
0.7975648
0.7975593
0.7976931
0.7977206
0.7977315
0.7977309
0.797776
0.7977343
0.797731
0.7977414
0.7977641
0.7977792
0.7973976
0.7977662
0.7974028
0.7973908
0.7977571
0.7977725
0.7973948
0.7977831
0.7974007
0.796896
0.7970651
0.7977617
0.7977765
0.7977432
0.7977279
0.7977223
0.797716
0.7970878
0.7976204
0.7970952
0.7968358
0.7968183
0.7974089
0.7977198
0.7968384
0.797733
0.7968607
0.7972891
0.7977247
0.7977067
0.7974312
0.797427
0.79743
0.7977239
0.7977242
0.7977389
0.7977089
0.7977365
0.7977175
0.7977193
0.7977108
0.797718
0.7977421
0.7977152
0.7977073
0.7977175
0.7977192
0.7977064
0.7974785
0.7974706
0.7977227
0.7977638
0.7977161
0.7977156
0.7976835
0.7973036
0.7977124
0.797723
0.7972213
0.7977118
0.7977175
0.7977244
0.7977242
0.7977345
0.7977168
0.7974039
0.7974028
0.7977127
0.7973872
0.7971771
0.7973778
0.7977199
0.7971696
0.7969769
0.7977191
0.7974866
0.7969503
0.7977285
0.7970592
0.7970107
0.7977199
0.7977209
0.7977282
0.7977186
0.7977178
0.7977309
0.7977359
0.7977261
0.7977352
0.7976657
0.7975293
0.7977247
0.7977009
0.7977306
0.797296
0.7974176
0.7977269
0.7977233
0.7977267
0.797735
0.7977395
0.7973025
0.7977239
0.797428
0.7977344
0.7977219
0.7977434
0.7977437
0.7977399
0.7977311
0.797716
0.7977327
0.7977186
0.7977189
0.7977363
0.7977229
0.7977176
0.7973369
0.7977232
0.7974139
0.797722
0.7977325
0.797656
0.7977183
0.7977257
0.7977321
0.797719
0.7977234
0.7977327
0.7977089
0.7975271
0.7977235
0.797469
0.7977077
0.7976422
0.7974222
0.7977148
0.7977204
0.7977198
0.7975367
0.7974301
0.7977291
0.7977247
0.7977216
0.7974299
0.7977449
0.7977165
0.7974672
0.7974675
0.7974485
0.7977304
0.797724
0.7977154
0.7974168
0.7975214
0.7977136
0.7974114
0.7974183
0.7974742
0.7976223
0.7976321
0.7976186
0.7976013
0.7974401
0.7976099
0.7976339
