0.1593022,0.1442283,0.09061816,0.153767,0.1770176,0.09594332,0.4935295,0.1173751,0.3499065,0.08176634,0.5005535,0.105994,0.08498336,0.2495941,0.0786311,0.1223654,0.08208484,0.1019855,0.3007105,0.1047895,0.1144327,0.09704791,0.1546287,0.5114199,0.1231155,0.1193794,0.09388503,0.08543967,0.09116746,0.08372989,
0.5114,0.5005773,0.1146782,0.1048055,0.1709427,0.4973782,0.5101957,0.2257441,0.2314247,0.5114175,0.1226393,0.09804113,0.5114175,0.102133,0.498206,0.1737489,0.5005639,0.4976861,0.1559112,0.09594087,0.4935296,0.5065718,0.5005091,0.2978815,0.1545889,0.1059974,0.1170318,0.08889414,0.09782404,0.08544353,
0.5114222,0.5113977,0.4935577,0.4965843,0.4966005,0.1121005,0.501236,0.5102411,0.5005482,0.4973604,0.4994494,0.4973482,0.493529,0.08770763,0.09594332,0.1770114,0.5005618,0.5102245,0.4935356,0.4970632,0.1515844,0.5080525,0.5005694,0.5101876,0.1708879,0.2250672,0.500551,0.5066255,0.4935417,0.4970627,
0.5101985,0.5102265,0.4935361,0.499408,0.4935242,0.4994019,0.4935235,0.4935015,0.5101734,0.5075621,0.5005423,0.151585,0.5005476,0.5005243,0.4935423,0.4965787,0.4970532,0.4970806,0.4935172,0.4934881,0.5102029,0.5102322,0.05021654,0.08739641,0.08810757,0.0881128,0.3235965,0.4000126,0.0883266,0.09616635,
0.5113971,0.5113735,0.5076494,0.5005519,0.5005214,0.1716765,0.4982163,0.5064493,0.5005301,0.5005017,0.4981433,0.4935475,0.4965791,0.496605,0.4994106,0.1515845,0.5113975,0.4935578,0.08886325,0.5089638,0.5103612,0.510382,0.5103982,0.4935424,0.4935198,0.4994061,0.4994326,0.4938625,0.4962478,0.2016597,
0.5114036,0.5113793,0.5005776,0.4973676,0.5064092,0.4938885,0.49706,0.5064401,0.510205,0.5005445,0.4938797,0.499412,0.4994377,0.5064013,0.4935644,0.5101746,0.4938963,0.5101869,0.4938965,0.4938681,0.4938407,0.4994072,0.4973369,0.4994171,0.5101669,0.5101992,0.5075666,0.4938852,0.497058,0.5064101,
0.5102012,0.5102331,0.09255211,0.5114044,0.5076557,0.5076221,0.4973623,0.4994525,0.4973491,0.49388,0.4926035,0.5063876,0.4981724,0.4994645,0.4994895,0.4938686,0.4962513,0.5101916,0.5005422,0.5064293,0.4938897,0.4938611,0.4938337,0.5101885,0.5102179,0.4938985,0.4938699,0.5101851,0.5075633,0.4939148,
0.5101904,0.5102196,0.5102457,0.4938979,0.4994128,0.4981147,0.5101925,0.5075658,0.493885,0.5101863,0.5102172,0.5075703,0.4938852,0.09658452,0.4938603,0.4963249,0.4938753,0.5064173,0.5064445,0.510205,0.5075409,0.4938833,0.09033579,0.4938515,0.5101919,0.5102203,0.500546,0.4938824,0.09902653,0.08362086,
0.5114014,0.5113764,0.5076502,0.4981863,0.4938771,0.4970576,0.510197,0.5102254,0.5102503,0.5102741,0.4982029,0.5064373,0.5102078,0.5102378,0.5075758,0.5102552,0.5102819,0.4939049,0.4938761,0.4938489,0.4970512,0.5064077,0.09658475,0.4938639,0.510192,0.5102208,0.08445601,0.4938635,0.5064257,0.5064541,
0.5102094,0.5102397,0.4939,0.4938718,0.5101898,0.4938975,0.5101897,0.5075665,0.5102524,0.5102801,0.5103042,0.08445679,0.507624,0.4981974,0.4938768,0.5101873,0.5102171,0.4938979,0.5101907,0.5075641,0.5075356,0.4981726,0.498145,0.510197,0.4981684,0.5064346,0.5102064,0.4982025,0.5064383,0.4981793,
0.5101982,0.5102286,0.5075723,0.4982058,0.5101993,0.5075676,0.4938858,0.5064183,0.4981743,0.5064363,0.4981795,0.4981495,0.1084757,0.5114239,0.5113985,0.5113723,0.5113476,0.5076451,0.5076131,0.5102665,0.09961073,0.5076154,0.5075942,0.5075737,0.5075521,0.4981894,0.7412256,0.4982192,0.5102102,0.5102389,
0.7412283,0.5114347,0.5076596,0.5076254,0.5075945,0.5075669,0.5075423,0.5102538,0.5102819,0.5075625,0.4982088,0.4981766,0.08154196,0.5114039,0.4982266,0.5101702,0.5075612,0.5075327,0.4935545,0.741249,0.4938766,0.5101917,0.5075657,0.5102522,0.5102802,0.5103056,0.08837886,0.5076382,0.4981982,0.5064369,
0.7412544,0.741293,0.511433,0.5076594,0.5076259,0.7363466,0.5076446,0.5103022,0.5076022,0.1021846,0.5114067,0.5076566,0.5102775,0.5103046,0.5076016,0.4981799,0.5101975,0.5075662,0.5075366,0.5075105,0.7412624,0.5076583,0.5076329,0.5076101,0.5102983,0.5076019,0.51026,0.510288,0.5075645,0.5075369,
0.7412213,0.7412606,0.5076595,0.5076346,0.7251565,0.4967003,0.7412222,0.7412612,0.5076575,0.5076336,0.1049625,0.5076316,0.5076091,0.5075873,0.5075656,0.7391589,0.4982142,0.7412246,0.7412653,0.5076589,0.5102779,0.507598,0.7412615,0.5076613,0.510277,0.5075974,0.5075671,0.5075396,0.7412234,0.5076589,
0.7412249,0.7412639,0.1806123,0.08137115,0.5114028,0.5076567,0.741263,0.5076596,0.4981984,0.7363911,0.4967293,0.7363874,0.7411721,0.741208,0.5076592,0.7412238,0.7412632,0.7413007,0.3527647,0.5114168,0.7412367,0.5076594,0.507634,0.7391208,0.7379726,0.4967343,0.5085584,0.5075328,0.7363871,0.5097632,
0.7412294,0.7412697,0.726491,0.08138382,0.7410862,0.7416789,0.07910059,0.7432177,0.7431362,0.7187353,0.7411373,0.729649,0.5114277,0.7412367,0.5076597,0.741218,0.4981939,0.7412258,0.7412648,0.1399448,0.5114175,0.5113944,0.7411968,0.7412365,0.5076587,0.507634,0.5076124,0.7363888,0.08971585,0.7410928,
0.741683,0.7416992,0.741716,0.7417312,0.729659,0.7411689,0.7412452,0.5012581,0.7412353,0.7412745,0.7381315,0.5076508,0.5076263,0.5102669,0.7412305,0.7412694,0.07910036,0.7432173,0.7187338,0.5076528,0.7412213,0.7412611,0.7412995,0.7406613,0.7406445,0.5076562,0.7412612,0.741299,0.7413348,0.7413699,
0.7414044,0.7414376,0.7414703,0.7415026,0.7415342,0.7415662,0.7407219,0.7413661,0.7187112,0.741173,0.7412101,0.7381635,0.7413067,0.7413387,0.7413706,0.7296283,0.7411659,0.5076587,0.7412622,0.740646,0.5114322,0.7391735,0.7295673,0.7411572,0.741194,0.7412702,0.7413049,0.5076579,0.07910021,0.743134,
0.7430952,0.7430567,0.7430204,0.7429888,0.7429577,0.5114391,0.7412347,0.5076591,0.7167355,0.741174,0.7412102,0.7412475,0.7412825,0.7407192,0.741394,0.5012585,0.7276362,0.7411276,0.729609,0.7411573,0.5076596,0.7412227,0.7412625,0.729616,0.5076534,0.7412223,0.7412611,0.7412988,0.3187695,0.7431908,
0.7431503,0.7431113,0.7430733,0.7187348,0.7411352,0.741173,0.7412101,0.7412468,0.5012569,0.510209,0.7391468,0.7296018,0.7411627,0.5012287,0.7412381,0.7296122,0.5114536,0.7276376,0.7411278,0.7411663,0.7187024,0.7186661,0.741136,0.741212,0.7412477,0.7412829,0.7413176,0.7295851,0.7411586,0.7411945,
0.7412319,0.7412698,0.107828,0.7431402,0.7431017,0.7296708,0.5012242,0.7412393,0.7412807,0.09246261,0.7411003,0.7416775,0.7416962,0.7274939,0.7411882,0.7296143,0.7412006,0.7412372,0.7296174,0.7411634,0.7411973,0.7412348,0.7412719,0.741307,0.5114344,0.7276381,0.727676,0.741132,0.7411708,0.7173409,
0.7411323,0.7411692,0.7412049,0.7296153,0.7412408,0.7296175,0.7411628,0.2905502,0.737791,0.7364269,0.7412885,0.741322,0.7413542,0.09707811,0.7431397,0.7431009,0.7430645,0.7213253,0.741201,0.7412367,0.7296132,0.7390614,0.7412165,0.7274657,0.7411834,0.7412205,0.7173036,0.7411661,0.7412017,0.7412384,
0.7412738,0.7413091,0.7212784,0.7358083,0.74122,0.737746,0.7413363,0.729625,0.08404081,0.7431542,0.743113,0.7430743,0.7430381,0.7430035,0.7429715,0.742939,0.7429097,0.7428797,0.7296574,0.7412055,0.7412435,0.7412814,0.7413158,0.7212795,0.7276391,0.7411796,0.7412171,0.7412534,0.7412881,0.7413226,
0.7413558,0.7413886,0.1016612,0.7412997,0.7413394,0.7296217,0.7212639,0.7276366,0.7211702,0.7411479,0.09721182,0.7431021,0.743066,0.7430285,0.7429953,0.7429637,0.7296629,0.7412053,0.741244,0.7412804,0.7413156,0.741349,0.7413811,0.7534146,0.7432274,0.7431475,0.07950302,0.7378267,0.7413911,0.7414196,
0.7534164,0.7432281,0.7431892,0.7213272,0.7212867,0.7411568,0.7411946,0.7412304,0.7412659,0.7413014,0.741337,0.7259974,0.7411829,0.741221,0.7304075,0.7411782,0.1754102,0.7431337,0.743095,0.7430591,0.1716772,0.7431398,0.743101,0.7430637,0.7430266,0.7296641,0.7412031,0.7412409,0.721322,0.1016629,
0.7532344,0.7432321,0.7431918,0.743153,0.7431152,0.7430797,0.1716785,0.743145,0.7431049,0.7430673,0.7457494,0.7432206,0.7213315,0.7411609,0.7411976,0.7412332,0.7534028,0.7461398,0.7432246,0.7431855,0.0874142,0.7431427,0.7259784,0.7411849,0.7296145,0.09527604,0.7431493,0.17541,0.7970198,0.7432396,
0.7959387,0.7535087,0.7432325,0.7347058,0.741299,0.7413332,0.7413656,0.741396,0.7260023,0.7411497,0.7411869,0.741224,0.7212778,0.1763942,0.7431718,0.7431315,0.7430922,0.737861,0.7413599,0.745751,0.7432225,0.743182,0.7457431,0.743223,0.7213283,0.7411928,0.7412292,0.7412653,0.1065883,0.7431439,
0.7959159,0.7534922,0.7431915,0.7431526,0.7431139,0.7347302,0.7412319,0.7413046,0.106588,0.7529991,0.7432043,0.7431636,0.7431261,0.7457466,0.7432241,0.7431837,0.737873,0.741329,0.7413602,0.7260009,0.7411876,0.7212775,0.7229558,0.7211506,0.741146,0.7411848,0.7412206,0.7412571,0.7259535,0.7457397,
0.796949,0.7535192,0.7259457,0.7411873,0.7412244,0.7412602,0.7457445,0.7432275,0.7249068,0.7248705,0.7248262,0.7212436,0.741151,0.7411876,0.7412229,0.7412581,0.7412924,0.08404125,0.737842,0.7413635,0.7413928,0.7414212,0.7414491,0.7414756,0.7457512,0.7431812,0.7249088,0.7534093,0.7534027,0.743234,
0.7959162,0.7534925,0.743189,0.7457446,0.745737,0.7457282,0.743184,0.7534025,0.7432319,0.7278356,0.7739487,0.770353,0.7248384,0.09819674,0.7970141,0.7458321,0.7969316,0.7432429,0.7248757,0.7959167,0.7432576,0.7686483,0.7379546,0.7248985,0.7534174,0.7431877,0.7249069,0.7457422,0.7432244,0.7431732,
0.7959381,0.7959781,0.7458285,0.7432231,0.7457498,0.743225,0.7959172,0.7432549,0.7457505,0.7248605,0.795847,0.7959025,0.7432647,0.7686471,0.7432311,0.7431918,0.724905,0.7959167,0.7432147,0.7249048,0.7248695,0.7699617,0.7460923,0.7248237,0.7534236,0.7248285,0.1027581,0.7452632,0.7524707,0.7432024,
0.7959372,0.7959579,0.7248186,0.7686459,0.7432346,0.1027594,0.7697453,0.7461208,0.08741253,0.7970165,0.7248271,0.7247899,0.7247523,0.7457495,0.7522978,0.08795838,0.7968688,0.7700478,0.7248335,0.7959184,0.7248119,0.7412063,0.7412427,0.79592,0.7534936,0.7534829,0.7969353,0.7248297,0.7358752,0.7457447,
0.7969309,0.7969149,0.1007973,0.7431653,0.7699587,0.7248351,0.7207935,0.7457395,0.7432238,0.7534135,0.7247889,0.7686475,0.737915,0.7534171,0.7461345,0.09623452,0.7697496,0.7967023,0.7379488,0.7457502,0.7522997,0.1377885,0.7247312,0.7699606,0.7967076,0.7700502,0.7969543,0.7700467,0.7700415,0.7537784,
0.7969183,0.7969022,0.0954168,0.7529995,0.7692965,0.7379189,0.7686492,0.7461154,0.7692481,0.7976345,0.7458368,0.7692408,0.7538332,0.7248297,0.7699591,0.7969366,0.7432442,0.7534056,0.09541584,0.7452633,0.7693337,0.7461173,0.1064089,0.7378376,0.7699614,0.7432281,0.7699547,0.7432232,0.097212,0.7549425,
0.7976755,0.7964389,0.7458349,0.7969319,0.7535125,0.796935,0.7535083,0.7534972,0.7461691,0.1900765,0.7970151,0.7432781,0.7534047,0.7204111,0.7959218,0.7959427,0.7700332,0.7700277,0.7700232,0.7460893,0.7432238,0.7699583,0.7460886,0.7432231,0.7959164,0.7959373,0.7534969,0.7692282,0.7969402,0.09782086,
0.7976638,0.7964263,0.7379677,0.09782135,0.7452645,0.743197,0.7534122,0.7692221,0.08276819,0.7970055,0.7969857,0.7974069,0.796399,0.7535095,0.7969337,0.1900807,0.7452617,0.7969314,0.7700522,0.797455,0.7535158,0.7969348,0.7969182,0.7458419,0.7692616,0.7431967,0.7431579,0.7941124,0.7458133,0.7969319,
0.7973978,0.7972625,0.7962455,0.7972531,0.7962364,0.7458275,0.796949,0.7969318,0.7969157,0.7968999,0.796884,0.7432784,0.7959378,0.7458268,0.7458162,0.7692388,0.7969416,0.7458335,0.7458227,0.7523058,0.7523395,0.7969323,0.7458306,0.7969491,0.7535129,0.7692062,0.7969584,0.7955298,0.7964773,0.7967899,
0.7968004,0.7971715,0.797165,0.7954489,0.7967616,0.7458355,0.7969315,0.7969152,0.7458412,0.745831,0.7969513,0.7969341,0.7973186,0.7962499,0.1287941,0.7976647,0.7298625,0.7952709,0.7961472,0.7961569,0.7961674,0.7961791,0.7961892,0.7972539,0.7962428,0.7962486,0.7972547,0.7954587,0.7700488,0.7976532,
0.7976328,0.7976128,0.7975931,0.7458307,0.7974709,0.7963026,0.7967878,0.7458251,0.7955978,0.7955728,0.7957924,0.7961676,0.7961765,0.7972365,0.7972364,0.7963699,0.7955068,0.796169,0.7972482,0.7962361,0.7962435,0.7962492,0.7972553,0.7964633,0.7700465,0.1068659,0.7950664,0.7961578,0.7961672,0.7972482,
0.7968717,0.7968753,0.7963098,0.1708664,0.795025,0.7964538,0.7961875,0.7972479,0.7968754,0.7954708,0.7961776,0.7961855,0.7955025,0.7961686,0.7972326,0.7535107,0.7969348,0.7969179,0.7973165,0.7968804,0.7971741,0.7954485,0.7961661,0.7972323,0.7972324,0.7954926,0.796177,0.7700376,0.7955946,0.7967606,
0.7971582,0.79715,0.7968602,0.7954683,0.1317191,0.7976599,0.7964259,0.7972741,0.7954963,0.7954755,0.7967525,0.7967638,0.7967735,0.7962607,0.7972465,0.7700468,0.7975803,0.7700525,0.7976331,0.1375623,0.7766085,0.134349,0.7974427,0.7458339,0.79695,0.7974005,0.7749738,0.7976409,0.7976208,0.7535189,
0.7976235,0.7976032,0.7975843,0.7975666,0.7749757,0.7976208,0.7689573,0.795059,0.7948999,0.7967411,0.7954619,0.1078962,0.797641,0.137563,0.7452646,0.7976354,0.7976146,0.7700494,0.7950783,0.7961556,0.7954984,0.796178,0.7972355,0.7972352,0.7749707,0.7969394,0.7974008,0.7955009,0.7967651,0.796775,
0.7967845,0.7967952,0.7968043,0.7968147,0.7689488,0.7969413,0.7974005,0.7963965,0.797268,0.7972659,0.7972639,0.1287943,0.7976657,0.7955085,0.7967653,0.7535015,0.7969349,0.7973893,0.7749693,0.7976405,0.399782,0.7747756,0.7747766,0.7956111,0.7955844,0.7961604,0.7972296,0.7972301,0.7749721,0.7976615,
0.7976401,0.7976198,0.7976001,0.7975821,0.7975639,0.797547,0.7975315,0.7975163,0.7749721,0.7976183,0.7975988,0.7955078,0.7967547,0.7967656,0.7749627,0.7976394,0.7749699,0.797641,0.7969208,0.7968238,0.7954665,0.795448,0.7961652,0.797233,0.7954947,0.7535031,0.7976651,0.7976443,0.7742548,0.797645,
0.7976248,0.7976058,0.7508336,0.7970577,0.7968372,0.796843,0.7954506,0.7749776,0.7976605,0.7976395,0.7957073,0.7967702,0.7968372,0.796824,0.7968402,0.7968175,0.7968246,0.7954674,0.7967522,0.7967626,0.7967725,0.7749673,0.7976396,0.7976189,0.7975996,0.797379,0.7969059,0.7969099,0.7969133,0.7969181,
0.7969223,0.7969267,0.7954785,0.7967647,0.7967738,0.796827,0.7968155,0.7968228,0.7968299,0.7968369,0.7967691,0.7970294,0.7968157,0.7971305,0.7971354,0.2733658,0.795613,0.7967721,0.7967815,0.7967898,0.7749659,0.7976615,0.7976407,0.7969054,0.7968235,0.7968305,0.7972548,0.7968872,0.7956613,0.7967678,
0.7967784,0.7967874,0.796797,0.7970906,0.7969864,0.7969865,0.7969862,0.7969857,0.7969857,0.7954794,0.7965778,0.7535048,0.7956106,0.7967723,0.7967818,0.7967903,0.7967991,0.1116962,0.7976553,0.7976322,0.7976114,0.7975906,0.2733606,0.7956133,0.7967698,0.7967805,0.7959675,0.08705856,0.7976671,0.7967614,
0.7968143,0.7968217,0.795978,0.7972926,0.7967275,0.7968114,0.7968178,0.7968251,0.7967101,0.7970829,0.7970905,0.7970961,0.7970999,0.7971038,0.7971084,0.7971123,0.7954825,0.796764,0.7959717,0.7959765,0.08153225,0.7956175,0.7967701,0.7966784,0.795177,0.7966363,0.7968039,0.3004936,0.7964859,0.7954558,
0.7967628,0.7967721,0.7966949,0.7968079,0.7959699,0.7958098,0.7958938,0.7963753,0.7953908,0.7967491,0.7967596,0.7967697,0.7954669,0.7955748,0.7967522,0.7966779,0.7967535,0.7966359,0.7970626,0.7970695,0.7970751,0.7970785,0.7954836,0.7967647,0.795971,0.797292,0.7972885,0.797285,0.7960567,0.7973004,
0.7972984,0.797295,0.796056,0.08878745,0.7974384,0.7967903,0.7968161,0.7968231,0.7959779,0.795522,0.796661,0.7968066,0.796815,0.7968226,0.7968311,0.795764,0.7958913,0.7972809,0.7972789,0.7972765,0.7972625,0.04535171,0.1195881,0.1195948,0.1196015,0.1172224,0.1195871,0.1195938,0.1196005,0.1199704,
0.1199779,0.1198635,0.1198562,0.1182534,0.1195734,0.1207414,0.1207476,0.1180331,0.1195733,0.1195779,0.119583,0.1199797,0.1180294,0.1199767,0.1199838,0.120724,0.1189288,0.1180299,0.1195809,0.1195881,0.1097614,0.7976849,0.7976607,0.7974077,0.0840602,0.08941545,0.7976605,0.7976187,0.7958056,0.7967785,
0.7967879,0.796797,0.7968066,0.7968157,0.7968252,0.7968339,0.7968422,0.7957675,0.7967807,0.7959644,0.7972876,0.7972851,0.7972832,0.7972797,0.7958152,0.7967832,0.7968251,0.7972752,0.7957541,0.7966657,0.7966258,0.7970508,0.7970589,0.7973566,0.7957591,0.7966639,0.7968398,0.7968639,0.7968694,0.7967186,
0.7973525,0.7969149,0.7969192,0.7972896,0.7969023,0.7969055,0.795766,0.796765,0.7967753,0.7967848,0.7967942,0.7957792,0.7966665,0.7968085,0.7972662,0.7968971,0.796728,0.7967319,0.797343,0.7957597,0.7957423,0.7618154,0.7976402,0.1052267,0.7976707,0.7970357,0.797363,0.7969123,0.7969161,0.7969201,
0.7969236,0.7969428,0.7957693,0.7966667,0.796625,0.7972094,0.2953582,0.7963969,0.7737753,0.7976491,0.7958155,0.7967681,0.7966936,0.7970827,0.7973395,0.7966954,0.1524593,0.7959226,0.7966871,0.7966281,0.7970591,0.7957636,0.7957462,0.7967845,0.7957144,0.7967746,0.7966965,0.7961845,0.7973875,0.7968687,
0.7969077,0.797304,0.7966897,0.09400783,0.09083949,0.7974558,0.795822,0.7967696,0.7966933,0.7972029,0.79611,0.797267,0.7972649,0.08159409,0.7977472,0.7970629,0.7973456,0.7972862,0.2533425,0.7974628,0.7966894,0.7940906,0.7948437,0.7948534,0.7967293,0.7966816,0.7966891,0.7970832,0.797088,0.08532252,
0.7977613,0.797253,0.7972399,0.7966714,0.7972152,0.795745,0.7965758,0.797039,0.7966228,0.7972034,0.797206,0.7973366,0.7966942,0.7957827,0.7940095,0.7948245,0.7967261,0.7957363,0.7967868,0.7957272,0.7967626,0.7972667,0.7957672,0.7966765,0.7966256,0.7970582,0.7970648,0.797232,0.7970348,0.7970296,
0.7969543,0.7971089,0.7970055,0.7971354,0.7970784,0.7968547,0.7972726,0.7971258,0.7969553,0.7957276,0.09014025,0.7974581,0.7973053,0.7970021,0.7971294,0.7945117,0.7967232,0.7972541,0.7969528,0.7957694,0.7967924,0.7968402,0.7972867,0.7971694,0.7969992,0.7966495,0.7966571,0.7940902,0.796416,0.7966017,
0.7966104,0.7972103,0.7971997,0.7971901,0.7970046,0.7966578,0.7940912,0.796736,0.7968312,0.7972843,0.7972711,0.797264,0.7972581,0.7971142,0.7968585,0.7967166,0.797387,0.7969826,0.7973245,0.1288476,0.7959201,0.7958914,0.7965838,0.0936455,0.79774,0.7967831,0.7965807,0.7972182,0.7957942,0.7966689,
0.7968659,0.7968738,0.796653,0.7957827,0.7957412,0.7966644,0.7968343,0.7968071,0.7956948,0.7967606,0.7972645,0.7972577,0.7972515,0.7970755,0.7966795,0.7973842,0.7971838,0.796862,0.08542163,0.7939386,0.7938855,0.7967294,0.796683,0.7966905,0.7973295,0.796908,0.09363284,0.7974505,0.7970971,0.7970886,
0.7970825,0.796943,0.7969438,0.7969466,0.7971126,0.7968722,0.7972823,0.7970927,0.7966824,0.08654008,0.7958927,0.7940411,0.7965479,0.797037,0.7973331,0.7966935,0.7970819,0.7968431,0.797412,0.7973042,0.7958684,0.796674,0.7966272,0.7954687,0.7967526,0.7972629,0.7968785,0.7968273,0.797275,0.7972675,
0.7970833,0.7971732,0.7966743,0.7973813,0.797287,0.7966879,0.7970793,0.7950339,0.7967587,0.7968366,0.797271,0.7954249,0.7965762,0.7940872,0.7965971,0.7968388,0.7970595,0.7969849,0.7940626,0.796595,0.7966071,0.796841,0.7970588,0.7968665,0.7957814,0.7966666,0.7968553,0.7968531,0.7965477,0.7974197,
0.7974122,0.7974059,0.7968714,0.7949601,0.7967647,0.7970316,0.7957135,0.7966691,0.7968556,0.7940571,0.796746,0.7966377,0.797062,0.797393,0.7967381,0.7970963,0.7971016,0.7973423,0.7971184,0.7971142,0.7971873,0.7971858,0.08445287,0.7977399,0.7969762,0.7968322,0.7968744,0.7957723,0.7967761,0.7967857,
0.7972751,0.7972755,0.7972744,0.7968991,0.7969035,0.7940728,0.7967228,0.7940646,0.7967238,0.7972546,0.797256,0.7969529,0.7968696,0.7967954,0.7968261,0.7967066,0.09328904,0.79774,0.7977178,0.7976955,0.7976735,0.79738,0.7957491,0.7967839,0.7967947,0.7970416,0.7968629,0.7972928,0.7967229,0.7973874,
0.7973827,0.7973775,0.7972906,0.7972828,0.7970905,0.7966878,0.7968984,0.7968822,0.7968894,0.7967969,0.7968762,0.7968826,0.7957289,0.7967852,0.7967953,0.7967729,0.1075428,0.7977537,0.7970629,0.7971671,0.796957,0.7969583,0.7971157,0.794063,0.7965947,0.7966063,0.7967994,0.7972733,0.7972751,0.7972757,
0.7972756,0.7972752,0.7972606,0.7970801,0.7970785,0.7970756,0.7966807,0.7973272,0.7971126,0.7971076,0.7971039,0.7971006,0.7971819,0.7971806,0.7970418,0.7970394,0.7967436,0.7971768,0.7968189,0.7968789,0.7968842,0.7940549,0.7967335,0.7967455,0.7967579,0.7967706,0.7967842,0.7970428,0.7940613,0.796724,
0.7972517,0.797075,0.09264872,0.7977411,0.7977186,0.7976964,0.797389,0.797146,0.7971405,0.7971343,0.7971292,0.08340356,0.7941529,0.7967528,0.7967649,0.796778,0.796791,0.7968014,0.7970513,0.7969816,0.7969815,0.7969829,0.7969857,0.7968177,0.7968249,0.7972823,0.7972709,0.797087,0.7970843,0.7971762,
0.7970425,0.7970403,0.7970379,0.7968828,0.7972986,0.7972974,0.7972661,0.7970826,0.7968202,0.7967876,0.7968898,0.7968946,0.7968994,0.7968016,0.7968692,0.7968761,0.7940575,0.7967343,0.7968331,0.797284,0.7972836,0.7972839,0.7972839,0.7972668,0.7970828,0.79708,0.7970771,0.7971725,0.7970429,0.7970397,
0.7970372,0.7970367,0.797036,0.7970353,0.797036,0.7970371,0.7970378,0.08989078,0.7976393,0.7972224,0.7972355,0.7940715,0.796734,0.7967454,0.7968272,0.7972825,0.7969164,0.7968179,0.7968199,0.7968896,0.7968963,0.7969007,0.796905,0.7969105,0.796916,0.7969229,0.7969298,0.7968664,0.7972943,0.7972934,
0.7972718,0.7970883,0.7970844,0.7971734,0.7970415,0.7970393,0.7970374,0.7971519,0.7940667,0.7940894,0.7967286,0.7967408,0.7970209,0.7970259,0.7968607,0.7972921,0.797292,0.7972918,0.7966069,0.796846,0.7943537,0.7967417,0.7967536,0.7967663,0.7967802,0.7968343,0.796883,0.7968887,0.7968938,0.7968994,
0.7969062,0.796914,0.7969208,0.09683853,0.7976209,0.08686427,0.7941402,0.7967508,0.7967621,0.7940738,0.7940924,0.7967286,0.7970098,0.7967047,0.7973184,0.7940748,0.796736,0.7967484,0.7970237,0.7940571,0.7967339,0.7970169,0.7965437,0.7966332,0.7940317,0.794013,0.7965911,0.7959871,0.796802,0.7970408,
0.7970444,0.7970479,0.7969782,0.7940617,0.7940419,0.7967331,0.7967452,0.7970231,0.7969641,0.797117,0.794064,0.795776,0.7967688,0.7970285,0.7969658,0.1718136,0.7977434,0.7971846,0.796957,0.7971125,0.7970097,0.7971364,0.7971355,0.7970217,0.7971421,0.1374339,0.7977377,0.7976843,0.7976555,0.7960962,
0.7968112,0.7968213,0.7968315,0.7970794,0.7966055,0.7968498,0.7965935,0.7967395,0.7968754,0.7970771,0.1317548,0.7976382,0.7976132,0.7975888,0.7971953,0.7971881,0.7971809,0.7940778,0.7967351,0.7967572,0.7965911,0.7968431,0.0961368,0.7973955,0.7973688,0.7970086,0.7969494,0.7969518,0.7971122,0.7970107,
0.7971371,0.7971371,0.1317551,0.7976376,0.7976123,0.7972037,0.7971964,0.7972264,0.797197,0.7971607,0.7970562,0.7969067,0.7969701,0.4109303,0.7973705,0.7975257,0.7966956,0.7968563,0.797016,0.7969011,0.7969159,0.7966087,0.796739,0.7965513,0.7968445,0.7968736,0.797025,0.7968938,0.7965771,0.7968512,
0.7970674,0.7970701,0.7966076,0.1210792,0.7975661,0.1587576,0.7976309,0.7976065,0.7975818,0.7966989,0.7966855,0.796863,0.4109249,0.7976285,0.7971883,0.7965909,0.7967045,0.7966893,0.796674,0.7967516,0.7967585,0.7967655,0.7965558,0.79655,0.7965407,0.7973914,0.7959803,0.7974002,0.3055161,0.7965831,
0.7967426,0.7967482,0.7965613,0.7973347,0.7971129,0.3054973,0.7976516,0.797626,0.796679,0.7965529,0.7964027,0.7962821,0.7967063,0.7967156,0.7967217,0.7967288,0.7968947,0.1587571,0.1136828,0.7973781,0.7973562,0.7973906,0.7973455,0.7973344,0.7970765,0.7966221,0.7967441,0.7965497,0.7965419,0.7965413,
0.7973342,0.7973256,0.7966465,0.7967486,0.08423693,0.7973793,0.7967464,0.7967648,0.7965559,0.7967334,0.7968955,0.796559,0.7965502,0.7967319,0.1061521,0.7976201,0.7975954,0.7975717,0.7966299,0.1136816,0.7969099,0.7970664,0.796738,0.7965566,0.7971803,0.796582,0.2696015,0.797721,0.7973877,0.7966139,
0.7974084,0.7972951,0.7972897,0.7972828,0.7970644,0.7965972,0.7965876,0.7965454,0.7965529,0.797324,0.7973155,0.7973072,0.7972999,0.7972919,0.7966075,0.7967204,0.7967064,0.7966912,0.7965422,0.79655,0.7973332,0.1210792,0.7968631,0.7968376,0.7965633,0.0830224,0.7968595,0.7965632,0.7965711,0.2809811,
0.7977287,0.7973905,0.7966146,0.796248,0.796782,0.7973894,0.7973787,0.7966186,0.2880204,0.7968582,0.7965633,0.7974003,0.7966504,0.7967069,0.7967584,0.7965637,0.7973355,0.7966475,0.796748,0.796754,0.08905976,0.7968404,0.7965617,0.7973346,0.7966608,0.7967511,0.796168,0.797376,0.7966545,0.7966423,
0.796849,0.7968565,0.7965798,0.7973976,0.7966725,0.7966599,0.7968506,0.7966028,0.7967417,0.7965616,0.7967011,0.2486282,0.7973691,0.7974339,0.7974213,0.09692731,0.7976169,0.7966396,0.7967067,0.79676,0.7967661,0.7965484,0.7961432,0.7967299,0.7973968,0.7966577,0.7966459,0.7967466,0.2319514,0.7976219,
0.7975975,0.7975739,0.7968779,0.7967997,0.7968035,0.7965545,0.7965468,0.7967374,0.7965616,0.7967154,0.7965561,0.7974009,0.1141129,0.7968534,0.7967836,0.7968894,0.7965971,0.4014142,0.7963326,0.7964829,0.7965367,0.7973336,0.7966082,0.7967049,0.7966892,0.7968632,0.6606603,0.7973225,0.7973034,0.7974146,
0.7974036,0.7973923,0.7971331,0.7966397,0.6606811,0.7976311,0.7968642,0.7965615,0.7974017,0.7966732,0.7966607,0.7965409,0.7973323,0.6771958,0.2268243,0.7976304,0.7968726,0.7967961,0.7954824,0.7965051,0.7973302,0.7966481,0.7967487,0.7965612,0.7965688,0.7973986,0.7972999,0.796643,0.7967485,0.7967628,
0.7967755,0.7967814,0.7967862,0.7967907,0.7968841,0.7965953,0.7965459,0.08944728,0.7971687,0.7968725,0.7965711,0.7973331,0.6771711,0.7968903,0.7965662,0.7973345,0.7966465,0.7965825,0.7967463,0.7967532,0.7967582,0.7968821,0.7965823,0.7965891,0.796595,0.7973377,0.08668213,0.7970856,0.7967221,0.796585,
0.7967458,0.7967521,0.7967561,0.107007,0.7976449,0.7976199,0.7975949,0.7966328,0.796706,0.7967588,0.7968435,0.7966217,0.7973503,0.7948884,0.796756,0.7965693,0.7969282,0.7968158,0.1646989,0.7971743,0.09148584,0.7973615,0.7967623,0.7965584,0.7973341,0.796648,0.7966368,0.796625,0.7965493,0.7951837,
0.7966329,0.796644,0.7967391,0.7965488,0.7965565,0.7969414,0.7968214,0.7965659,0.7973343,0.7973258,0.7966056,0.7951866,0.7948219,0.7964876,0.7969359,0.08503139,0.7973781,0.7967472,0.7967294,0.796713,0.7967573,0.7967659,0.7950873,0.7966352,0.7968268,0.7966157,0.7973397,0.09013973,0.7973651,0.7974318,
0.7974208,0.7966145,0.7966194,0.796946,0.7965639,0.7949256,0.796105,0.7966681,0.7950955,0.08055547,0.7976142,0.7966354,0.7951667,0.7964962,0.7973362,0.796607,0.08248091,0.7976342,0.7951514,0.7951314,0.7951149,0.7964925,0.7965037,0.797328,0.7968898,0.7951003,0.7964787,0.7964898,0.7966984,0.7967594,
0.7967638,0.7967697,0.795105,0.08709491,0.7972598,0.7971836,0.7967449,0.7965595,0.7973318,0.797323,0.796889,0.7968787,0.7946752,0.7937531,0.7960451,0.7965106,0.7973208,0.7966045,0.797345,0.7966107,0.7969169,0.7965618,0.7965683,0.7973336,0.7968802,0.7965287,0.7965472,0.797305,0.7973306,0.7966064,
0.7973359,0.7973272,0.7951182,0.7958481,0.796504,0.7965143,0.7973424,0.7965786,0.7973107,0.7973102,0.7966173,0.7973511,0.7973419,0.7973326,0.796644,0.7967394,0.7967601,0.7967566,0.7964686,0.7965066,0.09328915,0.7948101,0.7964889,0.7964988,0.7965257,0.797341,0.7973318,0.7973226,0.1400016,0.7952763,
0.7966527,0.7966624,0.7965544,0.1400019,0.7976207,0.7975965,0.7975726,0.7969342,0.7969066,0.7951232,0.7966281,0.7964609,0.7973422,0.796579,0.7973472,0.7966093,0.7966139,0.7966193,0.7973424,0.7973324,0.7973235,0.7973142,0.7965288,0.7969341,0.7965701,0.7965617,0.7967094,0.7967583,0.7967641,0.7967694,
0.7967749,0.7967808,0.7967871,0.7965648,0.7964585,0.7967865,0.7969577,0.7964837,0.7973559,0.7973462,0.7973369,0.7965323,0.7965369,0.7973544,0.7973446,0.797335,0.7968795,0.7964771,0.7951802,0.7964641,0.7973371,0.797327,0.7973184,0.7973088,0.7973014,0.7965796,0.7966539,0.08488134,0.7972431,0.7974347,
0.7974221,0.7974096,0.796584,0.7965816,0.7973672,0.7973582,0.796883,0.7964775,0.7964848,0.7973489,0.7967514,0.7969292,0.796822,0.7967852,0.7950907,0.7966245,0.7950756,0.7966094,0.7973114,0.7973037,0.7965242,0.7951809,0.7966334,0.7966434,0.7966545,0.796665,0.7966767,0.7966856,0.7966948,0.7967043,
0.7967134,0.7967229,0.7967317,0.7964724,0.7969296,0.7968185,0.7951077,0.7937423,0.7939912,0.7965795,0.7956709,0.7966631,0.7964705,0.7967932,0.7951766,0.7966331,0.7967348,0.79677,0.7967743,0.7965266,0.7973331,0.7973233,0.797314,0.7967461,0.7973289,0.7973195,0.7967522,0.7965927,0.7973573,0.7973473,
0.7973382,0.7973291,0.7973199,0.7957561,0.3161418,0.7976344,0.7951531,0.7966142,0.7973046,0.7967523,0.7969314,0.7951059,0.7966132,0.1043895,0.7952869,0.7966532,0.796737,0.7965098,0.797339,0.7937872,0.7965921,0.7965423,0.7957856,0.7957456,0.7966606,0.7966744,0.09519952,0.7952541,0.7951174,0.7966233,
0.7966341,0.7966454,0.7956793,0.7966629,0.796673,0.7967443,0.7950855,0.7964579,0.7973469,0.7973276,0.7968779,0.7937803,0.7965872,0.7966676,0.7973105,0.7969469,0.7967756,0.7966592,0.7973514,0.4610849,0.7952672,0.7966409,0.7967364,0.79677,0.7967756,0.7966769,0.7966846,0.7951714,0.795086,0.7949485,
0.7966115,0.7966228,0.7950915,0.7961125,0.7964793,0.7951677,0.7967821,0.7972492,0.7968675,0.7950969,0.7966256,0.7937885,0.7965852,0.7966682,0.7957853,0.7966657,0.7966748,0.7966841,0.7966767,0.1027626,0.7939206,0.7965959,0.7956735,0.7937331,0.7965832,0.7966687,0.7966111,0.7961983,0.7937726,0.7965834,
0.7965967,0.7967247,0.7960632,0.7966893,0.796697,0.7967049,0.7966789,0.7951708,0.7966298,0.7965103,0.7969311,0.7968156,0.79682,0.7966883,0.7951725,0.7937174,0.7952166,0.7936888,0.7965864,0.7973087,0.7973011,0.7951742,0.7951181,0.7966269,0.7966374,0.7966481,0.7967397,0.7967691,0.7966853,0.7973136,
0.7973056,0.7972984,0.7968724,0.7968619,0.1299006,0.7976432,0.7976178,0.7967854,0.7973239,0.316185,0.7976106,0.7975863,0.7938138,0.7937905,0.7965902,0.7966022,0.7969176,0.7968166,0.7966889,0.08001741,0.795274,0.79665,0.7966601,0.7950789,0.7960986,0.7961115,0.796671,0.7950782,0.7966223,0.7966323,
0.7966437,0.7966551,0.7937686,0.7965869,0.7966663,0.7973177,0.7973095,0.7973017,0.7972944,0.7968817,0.7968708,0.79378,0.7942276,0.7965876,0.7966177,0.7967253,0.7967662,0.7967721,0.7966849,0.7969261,0.7968204,0.7966884,0.7973207,0.7968791,0.7966834,0.7973199,0.7973121,0.7938043,0.7965932,0.7973009,
0.7972938,0.7972871,0.7951312,0.7966282,0.7966382,0.7966733,0.7973176,0.7973095,0.7973034,0.7972544,0.7972293,0.1086145,0.7976115,0.7967744,0.7967789,0.7967833,0.7973249,0.7951378,0.7966276,0.7966381,0.7966499,0.7966623,0.796742,0.7953373,0.796366,0.7966965,0.7967232,0.7967199,0.7966726,0.7966797,
0.7973067,0.7972794,0.797266,0.7972544,0.7951379,0.7966243,0.7945114,0.7944433,0.7965704,0.7966617,0.7966734,0.796683,0.7973209,0.7953714,0.7961271,0.7966825,0.7967466,0.7966737,0.7973174,0.7968673,0.796788,0.7968081,0.109623,0.7976104,0.7975849,0.7975437,0.08740199,0.7975016,0.7974258,0.7974134,
0.7973379,0.7973291,0.7973015,0.7968776,0.7966838,0.08749623,0.7976198,0.7969301,0.796821,0.796841,0.7947628,0.7965805,0.7966785,0.7967052,0.7962501,0.7966638,0.7950975,0.7950636,0.7950478,0.1096234,0.79761,0.796774,0.7973261,0.7967439,0.7951747,0.7966321,0.7966728,0.7973072,0.7972801,0.7972668,
0.7972555,0.7972624,0.797238,0.7972447,0.79674,0.7973235,0.7972962,0.7951412,0.7965983,0.1935431,0.0912749,0.7976055,0.7969354,0.7968073,0.7968079,0.7967697,0.0896016,0.7948818,0.7966245,0.7966362,0.7950917,0.7966233,0.7950925,0.796592,0.2130131,0.7953307,0.7966338,0.7973166,0.7972572,0.7972509,
0.7972453,0.7972409,0.7968633,0.7967882,0.7967898,0.7960738,0.7973799,0.797368,0.7968994,0.7951026,0.7966264,0.7966554,0.7950937,0.7966238,0.7966351,0.0881626,0.1004702,0.7963197,0.7963467,0.7963914,0.1270764,0.7971507,0.7968692,0.7968874,0.7951123,0.7950947,0.7965928,0.7966689,0.7973043,0.7972947,
0.7972865,0.7972788,0.7972706,0.7969935,0.796868,0.7968034,0.796825,0.7968352,0.07988564,0.7976131,0.7967744,0.7951965,0.796603,0.08709124,0.7976453,0.7969346,0.7951058,0.7966244,0.1245752,0.7975996,0.08895601,0.7975844,0.7975611,0.7975206,0.7966312,0.7973346,0.7967483,0.7969319,0.7968057,0.7968065,
0.7968208,0.7968415,0.7951093,0.7966108,0.7951688,0.79602,0.7973736,0.7951495,0.7967955,0.7968057,0.7965994,0.7973418,0.7972764,0.7972696,0.7972433,0.7972497,0.7972245,0.7969902,0.7967542,0.7951761,0.7967975,0.7971808,0.7958603,0.7966716,0.7967396,0.7967526,0.7967854,0.79679,0.7968413,0.7968237,
0.7968302,0.7968158,0.7950925,0.7965912,0.7966031,0.7966921,0.7967191,0.7561934,0.797612,0.7975898,0.7974772,0.7974609,0.7970337,0.7972361,0.7972111,0.7971889,0.7971796,0.7971725,0.7953723,0.7966447,0.7966738,0.7950941,0.7966238,0.7950737,0.796098,0.7966355,0.7965512,0.7973376,0.7972811,0.7967447,
0.7973281,0.7973189,0.79726,0.7969919,0.7968779,0.7968078,0.7968284,0.7969084,0.7972041,0.1007911,0.7976099,0.7975035,0.7974856,0.7969053,0.7967994,0.7968005,0.7968029,0.04523209,0.1185933,0.1192587,0.1188163,0.1188088,0.1170534,0.1185814,0.1185852,0.1185897,0.1185929,0.1307368,0.08448932,0.7952593,
0.7966403,0.7966693,0.796687,0.7967009,0.7967425,0.7967536,0.7967573,0.7967907,0.7967943,0.08562575,0.7975959,0.7975716,0.5417894,0.7975733,0.7968306,0.1403694,0.7976196,0.797492,0.7974579,0.7974548,0.797033,0.09193783,0.7976333,0.7975209,0.7975014,0.797484,0.7974489,0.7974455,0.7974312,0.1373016,
0.7976262,0.7976006,0.5217944,0.797633,0.7974874,0.7974698,0.7974523,0.7974348,0.7974183,0.7974035,0.797388,0.7951583,0.7965988,0.7966099,0.5211035,0.7976068,0.797565,0.7975435,0.7975339,0.7951496,0.7965977,0.7966081,0.1544528,0.7976118,0.7975863,0.7975626,0.7975399,0.7970434,0.7972299,0.7972063,
0.7971969,0.7971883,0.7971979,0.7971967,0.7971931,0.5217724,0.7976068,0.7975631,0.521772,0.7976078,0.5217903,0.7976065,0.797564,0.7951955,0.7965473,0.7973224,0.7973147,0.7973043,0.7972946,0.7972871,0.7972792,0.7972699,0.7972611,0.7972521,0.7972238,0.7972308,0.7972251,0.7971992,0.7972086,0.7972037,
0.7971797,0.7971884,0.7971653,0.7971766,0.7969537,0.7972447,0.7972389,0.7972161,0.7972127,0.7971347,0.08488126,0.7975977,0.7975719,0.7975492,0.797526,0.797505,0.7966927,0.7973302,0.52177,0.7976081,0.7975069,0.7974709,0.7974657,0.7974327,0.7974301,0.08562583,0.7976254,0.797536,0.7975159,0.7974968,
0.7974624,0.7974436,0.7974239,0.7974224,0.79741,0.7973779,0.7973769,0.7973651,0.6229137,0.796272,0.5125394,0.7974181,0.7974083,0.7969939,0.7972572,0.7972262,0.7972026,0.7971931,0.7971311,0.5211027,0.7976084,0.7970241,0.7972782,0.7972333,0.7969682,0.7972463,0.7972179,0.7972144,0.79721,0.7972062,
0.7972006,0.7971757,0.796442,0.7966933,0.7967454,0.2426514,0.7952411,0.7941665,0.7966821,0.7970131,0.7972929,0.7972863,0.796981,0.5211203,0.7977378,0.7973882,0.7973775,0.7973149,0.7973059,0.7972963,0.6228763,0.7962711,0.7964188,0.7968314,0.5063151,0.7965288,0.797174,0.7952604,0.7966027,0.7966139,
0.796867,0.7972337,0.7972299,0.7969723,0.7969777,0.7972442,0.7972381,0.7972139,0.08506522,0.7976252,0.7970396,0.7952773,0.7966337,0.7966449,0.7968675,0.7972329,0.7941838,0.7967756,0.7972066,0.7971857,0.7969607,0.7972526,0.7972471,0.7964422,0.7952061,0.7967951,0.5210974,0.79761,0.7942221,0.7941989,
0.796604,0.7966154,0.796628,0.09234571,0.7976021,0.7975602,0.7970172,0.7941977,0.7955989,0.7941197,0.7967744,0.7972101,0.7969675,0.7956626,0.7968128,0.7972182,0.794225,0.7967683,0.7952983,0.08633544,0.140411,0.7976201,0.7792236,0.7943668,0.1624695,0.7976256,0.7976005,0.797034,0.7972596,0.7942056,
0.7966053,0.7966173,0.7942097,0.7941689,0.7966025,0.7966142,0.794211,0.7966062,0.7968505,0.7942113,0.7941894,0.7967605,0.7956539,0.7957646,0.7968069,0.7972223,0.795263,0.794135,0.7943857,0.7965914,0.7941672,0.7966025,0.7966136,0.7941682,0.7966014,0.7968684,0.7968767,0.7972361,0.7972318,0.7969725,
0.7972478,0.797242,0.795655,0.7966623,0.7941719,0.7941532,0.7966012,0.7966132,0.7968702,0.7942331,0.7966061,0.7968597,0.7968698,0.7972289,0.7972238,0.7942252,0.7966077,0.7942092,0.7967781,0.7972102,0.7972067,0.7941987,0.796604,0.7968604,0.796869,0.7972348,0.7969425,0.794189,0.7966052,0.1455325,
0.7976353,0.7976096,0.7975853,0.7970292,0.7972651,0.797259,0.7972525,0.794207,0.7966057,0.7968693,0.7969298,0.7972448,0.1268197,0.7976243,0.7976,0.7975762,0.7941946,0.794174,0.7947754,0.7966061,0.7968284,0.7942205,0.7941757,0.794156,0.7965889,0.7941868,0.7967647,0.7942243,0.7966077,0.79662,
0.7966322,0.7966446,0.7966557,0.7968393,0.7969112,0.7942346,0.7967413,0.796766,0.7942011,0.7965922,0.7966037,0.7966156,0.796871,0.7972003,0.7971979,0.7969837,0.7972301,0.7969735,0.7969768,0.794217,0.7941949,0.7966049,0.7966164,0.7966297,0.7942104,0.7941899,0.796593,0.7966039,0.7966169,0.7967948,
0.7972841,0.7972772,0.7972704,0.1006121,0.7977239,0.797402,0.7942352,0.7967542,0.7941797,0.7966045,0.7966167,0.7942093,0.7966053,0.796617,0.7966293,0.7966424,0.7942134,0.1124203,0.7976326,0.7976075,0.7975832,0.215897,0.7976274,0.7976029,0.7975788,0.794216,0.7941947,0.7941744,0.7966034,0.7966139,
0.796846,0.7972468,0.7969459,0.7942129,0.7966063,0.7941874,0.7959417,0.7941362,0.794118,0.7966,0.7966121,0.1046228,0.7962416,0.7967108,0.7967178,0.369642,0.7975969,0.797573,0.7975505,0.7975296,0.7975092,0.7974893,0.7942339,0.677197,0.7976132,0.7975897,0.7975679,0.7975464,0.7975253,0.7962479,
0.7973776,0.7973675,0.7969652,0.7972654,0.7972591,0.7942039,0.7941833,0.7966044,0.7966163,0.7966279,0.7966405,0.7941933,0.7965928,0.7941663,0.7966013,0.7968343,0.7962313,0.7973762,0.7973663,0.7973559,0.7973453,0.7973354,0.7973268,0.7973178,0.6771984,0.7976132,0.7970073,0.7972658,0.7967762,0.7967789,
0.7967833,0.7967876,0.7023572,0.7943643,0.7943339,0.7966148,0.7968382,0.7972481,0.1025893,0.7976309,0.7976057,0.7942206,0.7966067,0.7966509,0.7967538,0.7967604,0.7967651,0.7966846,0.7961807,0.7973717,0.7973621,0.7942132,0.7966069,0.7966177,0.7941682,0.796602,0.7966141,0.7966264,0.7966577,0.7968414,
0.7972498,0.7972437,0.10259,0.7943052,0.7961271,0.7973025,0.7973614,0.1544617,0.7976156,0.7975908,0.7975678,0.09383252,0.7976287,0.7976041,0.797579,0.7975565,0.7975353,0.7975143,0.7023579,0.7976418,0.7976168,0.7947604,0.795974,0.7961344,0.7023539,0.794366,0.7943347,0.7967734,0.7967843,0.7967732,
0.7967796,0.7967845,0.7023755,0.7976177,0.7970071,0.7968056,0.7967935,0.7967821,0.7966846,0.7967544,0.7966788,0.7967548,0.7961313,0.7966926,0.7967002,0.7967364,0.7968514,0.7942053,0.7959408,0.7959514,0.7966563,0.7966651,0.1313182,0.7943149,0.7966121,0.7966225,0.6771765,0.7976126,0.09647599,0.7976214,
0.7975967,0.7975734,0.7975509,0.7968239,0.7967576,0.7966684,0.08799834,0.794321,0.7967743,0.7023609,0.7976151,0.7975908,0.7968335,0.6772138,0.7976129,0.7968381,0.7967909,0.1061886,0.7976197,0.7975948,0.7969981,0.7972713,0.7972649,0.7967744,0.7961243,0.7968135,0.7967929,0.6772183,0.7976129,0.7971611,
0.7972219,0.7972183,0.7972143,0.7967671,0.7967688,0.7966906,0.7966831,0.7966755,0.7968442,0.7942254,0.7965387,0.7962298,0.7967786,0.7967071,0.7968723,0.7969019,0.7972545,0.08503125,0.7976276,0.7976023,0.7975787,0.7975564,0.7942624,0.7966105,0.7966524,0.6828811,0.7943329,0.7966146,0.7966524,0.7968415,
0.7972453,0.797241,0.7972358,0.7972305,0.7972264,0.7972221,0.7972178,0.7969321,0.7942095,0.7959404,0.7960418,0.7967465,0.7967559,0.7968186,0.7968304,0.7968413,0.7967926,0.7968536,0.7968926,0.7966892,0.7968444,0.7942033,0.7967538,0.1480255,0.7976289,0.7976036,0.7975795,0.7941954,0.7959402,0.7967277,
0.7967899,0.7968022,0.796869,0.7972495,0.1219163,0.7976341,0.7968705,0.7967721,0.7967775,0.7967821,0.7942213,0.7966819,0.7967462,0.7941675,0.7965888,0.7966015,0.7968566,0.7967454,0.7967661,0.7967737,0.7969043,0.7968661,0.7968727,0.7940776,0.1330666,0.797609,0.7975845,0.7975614,0.7941941,0.09047648,
0.7976119,0.7975873,0.09857816,0.7970483,0.7968782,0.7972549,0.7970967,0.7969313,0.7969303,0.7968852,0.7972097,0.7972841,0.7972472,0.7972417,0.7972369,0.7968458,0.7972978,0.796954,0.7942096,0.7966068,0.7968585,0.7971137,0.794196,0.7966043,0.7941661,0.7966028,0.7966154,0.08579062,0.7976244,0.09974923,
0.7976375,0.7976125,0.7973947,0.7974327,0.7974036,0.7973887,0.1137905,0.7970337,0.7970076,0.7955325,0.7967979,0.7972369,0.7957447,0.7968077,0.7972372,0.7972324,0.797174,0.7969389,0.7942107,0.7941892,0.7618167,0.7976055,0.7942025,0.7965903,0.7966031,0.0997503,0.7976117,0.7975869,0.7973775,0.7974163,
0.7973893,0.797376,0.7942062,0.7941845,0.7966677,0.7941855,0.7966681,0.7967317,0.7954993,0.7941459,0.7950924,0.7966856,0.7968554,0.7941825,0.7966027,0.7958357,0.7967428,0.7968042,0.7965611,0.7973397,0.7973314,0.7972686,0.7972577,0.7969561,0.7955804,0.7966495,0.7941702,0.7966014,0.09561756,0.7959175,
0.7966895,0.7966986,0.7968602,0.797254,0.7942314,0.7941092,0.7967476,0.7972289,0.7942249,0.7966055,0.7966179,0.7966303,0.08405767,0.7942483,0.7964818,0.7942197,0.7943444,0.7964762,0.797322,0.7959763,0.7941759,0.7946461,0.7965904,0.7967797,0.796841,0.7942151,0.7966702,0.7941564,0.7966656,0.7941546,
0.7966014,0.7966104,0.7939222,0.7964683,0.7973775,0.7966329,0.7973852,0.7967424,0.1373547,0.7961392,0.7967036,0.7968147,0.7965676,0.7960138,0.7968106,0.7942475,0.7966076,0.7967867,0.794165,0.7941443,0.7941229,0.7967615,0.7972484,0.7941745,0.7966021,0.794116,0.7964769,0.7951994,0.7951236,0.7941434,
0.7966661,0.7966771,0.7967417,0.7960429,0.7966842,0.7966924,0.7968498,0.7972673,0.7941763,0.7966792,0.7965534,0.7973341,0.7969593,0.7941883,0.7941605,0.7964792,0.1395282,0.7976207,0.7974016,0.7967322,0.7973845,0.7973793,0.7972839,0.7951934,0.7938765,0.7967627,0.7959768,0.795961,0.7968199,0.08385221,
0.7976307,0.7973903,0.7966223,0.793973,0.7966007,0.7939201,0.795182,0.7967572,0.7942232,0.7967524,0.7972305,0.7941796,0.7966793,0.7959242,0.7967447,0.7967538,0.7968153,0.796865,0.7966203,0.7973891,0.7961005,0.7968098,0.796819,0.7972648,0.7966183,0.7966235,0.08842595,0.7973989,0.7940126,0.7966692,
0.7967341,0.7965536,0.7973304,0.08408267,0.7976289,0.7974058,0.7966219,0.7973957,0.7961019,0.7960863,0.7962619,0.7942463,0.7952186,0.7952485,0.7964826,0.7939678,0.7965994,0.7967826,0.1047567,0.79769,0.7976645,0.7970528,0.7973112,0.7966227,0.7972305,0.7973886,0.7970013,0.7961171,0.7965273,0.7972058,
0.7973852,0.7973798,0.7960991,0.7959059,0.7966813,0.7965484,0.7973384,0.7972753,0.0927008,0.7977226,0.7968305,0.7974164,0.7974088,0.7966437,0.7965498,0.7972161,0.7939919,0.08528126,0.7962877,0.7967166,0.7968278,0.7965673,0.7973847,0.7966362,0.7964243,0.7964267,0.7967268,0.7974428,0.7974342,0.6575055,
0.7976859,0.7974702,0.79746,0.7963644,0.7974268,0.7973039,0.7963384,0.7961126,0.7967005,0.09553118,0.7972818,0.7974337,0.7966238,0.7961334,0.7960979,0.7967003,0.7968226,0.7965667,0.7965758,0.7973335,0.7972705,0.7960831,0.7965249,0.797379,0.7960988,0.6575104,0.7970771,0.7975084,0.7960033,0.7965182,
0.7972075,0.7973835,0.7965629,0.7961151,0.7967023,0.7965588,0.7973896,0.7963559,0.7961133,0.7967701,0.7968303,0.7960517,0.7966757,0.7968109,0.796818,0.7968779,0.7965692,0.08772616,0.7963075,0.6575105,0.6903265,0.7962497,0.7960727,0.6575084,0.7962796,0.1513629,0.7973653,0.7969869,0.7960764,0.7965255,
0.7973816,0.7973762,0.7961145,0.6916481,0.7962954,0.7965352,0.7971374,0.7965104,0.7973971,0.7972916,0.7960803,0.7962971,0.7959535,0.6816958,0.7962681,0.796716,0.7968279,0.7968328,0.796045,0.7967557,0.7960493,0.7960364,0.7964485,0.7964857,0.6795987,0.7975648,0.7953029,0.7953605,0.7964921,0.7961071,
0.7967335,0.7973129,0.797195,0.7971153,0.7965875,0.7973352,0.7966133,0.7973897,0.7972724,0.7971563,0.7960933,0.7960797,0.7960638,0.7960481,0.7960176,0.7962869,0.7965192,0.7973775,0.7972123,0.6916275,0.6821507,0.7975593,0.7974658,0.7961059,0.7964302,0.7964566,0.797392,0.7965645,0.7961133,0.7960954,
0.7967322,0.7973183,0.6816875,0.7962977,0.7968427,0.7966069,0.7973952,0.7968562,0.659893,0.7975664,0.7974185,0.7970822,0.1004713,0.6914481,0.7973846,0.7961849,0.7967677,0.7965618,0.7973842,0.7972126,0.7969267,0.79605,0.7964491,0.1243208,0.7976931,0.08878618,0.7962486,0.08572809,0.7962555,0.6916505,
0.7976847,0.7969301,0.7973567,0.7973515,0.7972026,0.7960842,0.7959698,0.7959729,0.6916482,0.6601819,0.79707,0.090095,0.6761456,0.7977206,0.6816795,0.7973512,0.79713,0.7968198,0.6916242,0.797709,0.7966719,0.7961376,0.796773,0.1300253,0.7972752,0.7972277,0.7960783,0.7960614,0.7967567,0.7960492,
0.796829,0.7972234,0.796804,0.79666,0.6916405,0.7962949,0.7967874,0.6598839,0.7963011,0.7960553,0.7965291,0.796962,0.7969712,0.7973998,0.7973927,0.7971205,0.7968615,0.7967705,0.7970946,0.7960729,0.7960591,0.7968062,0.7963843,0.6916479,0.7977315,0.7961382,0.7961195,0.796439,0.7968373,0.7970333,
0.7969831,0.7971279,0.7960937,0.7964369,0.7959746,0.7959627,0.7958802,0.3219197,0.7976885,0.6648827,0.7977309,0.7969249,0.7967677,0.7967737,0.6916475,0.7976846,0.6816875,0.690263,0.7970537,0.7961044,0.6598828,0.09887581,0.7976794,0.7971455,0.7965766,0.7973852,0.7973793,0.7970859,0.7969406,0.7968265,
0.7973093,0.7973172,0.7971689,0.7964111,0.7967488,0.7968244,0.796892,0.6599005,0.7962996,0.7946365,0.6720579,0.7976894,0.6598988,0.7973561,0.09168533,0.797776,0.7974902,0.7961099,0.7967625,0.7960367,0.7967271,0.7972877,0.08670737,0.7977123,0.7971534,0.7969388,0.7965784,0.7971293,0.7967579,0.6816632,
0.7977343,0.797457,0.7003223,0.7976848,0.6599039,0.7973557,0.7975278,0.7973897,0.7968133,0.08398894,0.7947106,0.7952683,0.796778,0.7967897,0.7968016,0.7968128,0.796752,0.69164,0.7962661,0.796836,0.7970535,0.6916428,0.7973513,0.6752568,0.7966417,0.7963745,0.7964598,0.7971433,0.7969337,0.7969463,
0.7969501,0.7971048,0.7970295,0.7970278,0.6916385,0.797731,0.7966362,0.7971457,0.7960811,0.7961553,0.7961581,0.796761,0.691624,0.7976848,0.7961195,0.7961029,0.7967691,0.796707,0.7968207,0.796827,0.6752481,0.7970636,0.7967633,0.7967562,0.6752622,0.7962853,0.7968378,0.7971159,0.7970811,0.7970018,
0.797003,0.7971352,0.7947676,0.7963874,0.7964111,0.7973987,0.6816849,0.7970462,0.7969185,0.7969243,0.7970286,0.796927,0.7970963,0.7960896,0.7960747,0.09184728,0.09454149,0.7962872,0.7968367,0.6598982,0.7977414,0.7977188,0.7974053,0.7973577,0.796801,0.7968798,0.7970741,0.7965267,0.7968522,0.7966823,
0.7968724,0.7968804,0.2487876,0.7948682,0.7964165,0.797379,0.7968269,0.7968148,0.7968022,0.08776265,0.7972991,0.7972147,0.7965223,0.7965286,0.796841,0.7968863,0.6766312,0.7963121,0.7962841,0.796836,0.1278975,0.7977641,0.7977398,0.797717,0.7966339,0.7974184,0.7965966,0.7961155,0.7964283,0.797393,
0.797388,0.7973824,0.7968251,0.7964814,0.7973894,0.796841,0.7968873,0.7965174,0.7973943,0.7973893,0.794033,0.7967564,0.796503,0.796837,0.7964905,0.7973931,0.09062681,0.7977792,0.796859,0.7968957,0.7969022,0.7969081,0.7965227,0.7974025,0.7968312,0.7968931,0.796899,0.7969065,0.7969118,0.796918,
0.7969235,0.7969302,0.7969365,0.7965215,0.7973976,0.7973928,0.7973871,0.7965915,0.7940584,0.7967566,0.7967416,0.7968813,0.7968889,0.796896,0.7967631,0.7967527,0.7967435,0.7964746,0.7973878,0.7968278,0.7968927,0.7968997,0.7969053,0.7969117,0.796918,0.7967588,0.7968754,0.7968831,0.7940354,0.7964104,
0.7973865,0.7973812,0.7973754,0.7973706,0.7968234,0.7968848,0.7968913,0.7968981,0.7969046,0.79691,0.7965234,0.797397,0.08609889,0.7977662,0.797742,0.7968545,0.7968408,0.7968938,0.7968997,0.7969055,0.7969114,0.7969177,0.7965245,0.7973952,0.7968276,0.08574843,0.7970484,0.7969194,0.7967672,0.7968848,
0.7968923,0.7968998,0.7965223,0.7974028,0.7973927,0.7968261,0.794266,0.796756,0.7967693,0.7967348,0.7968732,0.7967606,0.7968831,0.7963087,0.7963899,0.7964135,0.5881688,0.7946752,0.7964286,0.7973836,0.7973786,0.7973741,0.7973689,0.7973634,0.7973581,0.7973515,0.7969627,0.7961758,0.7964509,0.7968337,
0.7968851,0.7968912,0.796898,0.7969047,0.7969108,0.7969162,0.7961869,0.7964517,0.7973866,0.7973812,0.7942891,0.7942684,0.7967691,0.7965068,0.7968525,0.7961662,0.7964488,0.7973908,0.7969624,0.7946044,0.7967664,0.7967787,0.7967903,0.7967482,0.7968823,0.7968906,0.7967602,0.7968845,0.7967495,0.7968829,
0.7968905,0.7968969,0.7942936,0.7967715,0.796783,0.7967961,0.7968079,0.7967516,0.7964766,0.79739,0.7973841,0.08983814,0.7977571,0.7977331,0.7977102,0.7976893,0.7968596,0.7968891,0.7968969,0.7969035,0.7969095,0.7969152,0.7969207,0.7968965,0.7964872,0.7969866,0.7946076,0.796768,0.7967795,0.7967909,
0.7968035,0.7968159,0.09324561,0.7977725,0.7977479,0.7968696,0.7945863,0.7959834,0.7967979,0.796871,0.7968788,0.7968866,0.7968901,0.7951055,0.7967961,0.7968069,0.7968185,0.7968296,0.7968384,0.7968481,0.7968583,0.7965196,0.7973983,0.797393,0.7946118,0.7967807,0.7967921,0.7968039,0.7968158,0.7968261,
0.7968361,0.7968455,0.7968564,0.7951257,0.7967829,0.7967455,0.796874,0.7968817,0.7968892,0.7968956,0.7967665,0.7968837,0.7968922,0.7965157,0.7973948,0.79739,0.7973843,0.7973784,0.7973731,0.7973674,0.797361,0.7973554,0.7946265,0.7964135,0.7968331,0.7968938,0.7968992,0.7969056,0.794609,0.7967671,
0.79678,0.7967924,0.7968047,0.3942674,0.7964839,0.7965111,0.1136896,0.79777,0.7977459,0.7977226,0.7977003,0.2658006,0.7977831,0.7968769,0.7968998,0.7967762,0.7967658,0.7950962,0.7950797,0.7967818,0.7967939,0.7946192,0.7967677,0.7965062,0.7951558,0.7967858,0.7964994,0.7973928,0.7973881,0.7968255,
0.7968936,0.7968993,0.7946057,0.796779,0.7967907,0.7968034,0.7968142,0.7968245,0.7965133,0.7974007,0.7968296,0.7945833,0.09814764,0.7952441,0.7960471,0.7968107,0.7967474,0.7968827,0.795119,0.09272757,0.7946815,0.7962235,0.7968127,0.7951164,0.7967964,0.796748,0.7968735,0.7967563,0.7950954,0.7960114,
0.7968073,0.7968186,0.796828,0.7968379,0.7968482,0.796858,0.7967596,0.7967617,0.7966896,0.7968737,0.7968816,0.7968889,0.796896,0.7967559,0.7968823,0.7951019,0.796795,0.09646191,0.7952768,0.796034,0.7967972,0.796809,0.7965788,0.7968526,0.7961997,0.7945157,0.7944996,0.7967721,0.7967839,0.7946197,
0.7967811,0.7967928,0.7967477,0.1521606,0.7970437,0.7969175,0.796923,0.7969277,0.7969328,0.7969376,0.7967707,0.796876,0.7968834,0.7968905,0.7951207,0.7967838,0.796746,0.7968816,0.794606,0.7945866,0.7967771,0.7956235,0.7967981,0.7968108,0.7968203,0.7970651,0.7969422,0.7969463,0.7969509,0.7967747,
0.7966621,0.7966349,0.7968569,0.7969006,0.7967594,0.3653803,0.7974086,0.7970012,0.7175249,0.7965059,0.7945634,0.7945454,0.7967763,0.7967876,0.7967472,0.7968744,0.7967597,0.796883,0.7967585,0.7968759,0.7968825,0.7968898,0.7965575,0.1521528,0.7977617,0.7977378,0.7977151,0.7976939,0.7968777,0.7945523,
0.796764,0.7967761,0.7967883,0.7968019,0.796566,0.796859,0.796867,0.7968758,0.389837,0.7977571,0.7968865,0.794592,0.7967666,0.6720733,0.7345806,0.7965527,0.797008,0.7969421,0.7969545,0.7967785,0.7966628,0.7966624,0.7967665,0.7972882,0.7966147,0.3766307,0.7977765,0.7968579,0.7968883,0.7969289,
0.7971606,0.7971656,0.7971712,0.7971755,0.7971797,0.7954617,0.7967123,0.7968168,0.7968008,0.7967079,0.7968937,0.7969078,0.7346095,0.7961289,0.7963361,0.6875401,0.7977432,0.7968565,0.7345846,0.7965189,0.7945868,0.6720561,0.7977349,0.7968554,0.7968912,0.7968968,0.7968184,0.7973024,0.7949135,0.6852261,
0.7977262,0.7977042,0.7966446,0.7966277,0.09635781,0.7967842,0.7968884,0.7948861,0.6852043,0.7970626,0.7970375,0.7970086,0.7969154,0.7969206,0.7965729,0.7968596,0.7966979,0.1712042,0.7970314,0.6720776,0.7955769,0.7968123,0.7968248,0.7946144,0.6651027,0.7977279,0.7977057,0.7345887,0.7965184,0.7965427,
0.7965658,0.7965878,0.09281562,0.6710261,0.7977223,0.7954716,0.7383386,0.795693,0.7959427,0.795954,0.7967942,0.7965536,0.7964823,0.7968448,0.7946026,0.7967098,0.7972521,0.7967522,0.794579,0.7954423,0.7263197,0.7954004,0.7967516,0.7967639,0.7965927,0.7973745,0.7973564,0.7969709,0.7968405,0.7965354,
0.7968451,0.7968538,0.796834,0.7954502,0.7960668,0.7968199,0.7965639,0.796777,0.7967861,0.7346408,0.796519,0.7946038,0.7957526,0.7960539,0.7968146,0.7954315,0.7958331,0.7958387,0.7960727,0.7346027,0.7955731,0.7955989,0.7958283,0.7959089,0.6888457,0.797716,0.7976947,0.7968949,0.7945921,0.7959837,
0.7968169,0.796827,0.7967761,0.7965104,0.7968502,0.7965549,0.796778,0.7954475,0.7345929,0.7956671,0.7957158,0.7944601,0.7345984,0.7957491,0.7968376,0.7967967,0.7968239,0.7965286,0.7945458,0.7945284,0.7946373,0.7958973,0.7960427,0.7944928,0.08473238,0.6763971,0.7970878,0.7968737,0.119332,0.7970378,
0.7970088,0.7969869,0.7969767,0.7263642,0.7955742,0.7965903,0.7953816,0.795368,0.1029478,0.7976204,0.795484,0.7967904,0.7946184,0.795934,0.795985,0.1529918,0.7970912,0.796663,0.7965818,0.7945808,0.7957489,0.7967823,0.7967681,0.796761,0.7967952,0.7966127,0.7965334,0.7967801,0.08931765,0.7969697,
0.7968115,0.7968403,0.7965311,0.7967739,0.7967838,0.7968121,0.7967988,0.7968057,0.7964271,0.7383478,0.7954276,0.2946505,0.7970952,0.7970698,0.7970437,0.7966578,0.7953855,0.7960566,0.7953286,0.7263393,0.7954282,0.7958874,0.7952958,0.7958065,0.7960705,0.7960771,0.7967415,0.7967527,0.7967633,0.7968094,
0.7967939,0.7967809,0.7967944,0.7966127,0.796597,0.7965816,0.7965002,0.796553,0.7965094,0.7964742,0.7967767,0.7968236,0.7965379,0.7953823,0.7958193,0.7967382,0.7967489,0.79676,0.7968358,0.2867129,0.7955706,0.2884597,0.7967967,0.7967697,0.7967435,0.7967992,0.795468,0.7960511,0.7960778,0.7967404,
0.7968183,0.7968056,0.7961134,0.7966484,0.7953839,0.7960578,0.7967739,0.7965423,0.7953835,0.7967284,0.7966055,0.7967822,0.7966078,0.7965301,0.7965171,0.7965769,0.7965578,0.7961887,0.7960888,0.7960842,0.7960805,0.7953325,0.7958156,0.7967291,0.7967389,0.7965919,0.7967883,0.7966097,0.7965591,0.7965213,
0.7965122,0.7965052,0.7965398,0.7953951,0.7960528,0.7967485,0.7966082,0.7968387,0.7968257,0.7954696,0.7967604,0.7965399,0.7965304,0.7965206,0.7960927,0.7969799,0.7967967,0.796528,0.7964519,0.7965082,0.7963938,0.2323613,0.7970958,0.7970698,0.08640758,0.7968141,0.7967492,0.7964608,0.7974089,0.7966026,
0.7968318,0.796754,0.7965016,0.7964262,0.7964163,0.7964159,0.7964655,0.7964563,0.7953677,0.7958123,0.7953005,0.7967449,0.7965376,0.09282704,0.7977198,0.7968896,0.7968085,0.7968154,0.7973197,0.08972567,0.7971138,0.7966556,0.7966382,0.7965558,0.7965399,0.1861567,0.79688,0.7969613,0.7969436,0.7965701,
0.7968287,0.7968348,0.7965403,0.7964625,0.7965169,0.1042293,0.1409927,0.7955787,0.7960919,0.7961601,0.7960991,0.08849266,0.7968073,0.7965658,0.7965885,0.7967886,0.7968384,0.7968246,0.7968124,0.7965351,0.7967754,0.7954479,0.7960657,0.7961333,0.7960721,0.796087,0.7967793,0.7961263,0.7954607,0.7967579,
0.7967437,0.7968531,0.7968584,0.7967595,0.7967514,0.7967281,0.7965049,0.7967739,0.7954484,0.7958376,0.7967408,0.7965915,0.7965767,0.795387,0.7958225,0.7952918,0.7958049,0.7960588,0.09731865,0.797733,0.7966465,0.7966297,0.7967919,0.795468,0.7954497,0.7954316,0.7954136,0.795829,0.7960764,0.7961448,
0.7967774,0.796788,0.7965336,0.7965237,0.7968212,0.7968277,0.7968345,0.7967472,0.7964995,0.7964908,0.7964828,0.7953716,0.7953586,0.7953466,0.7953324,0.7958138,0.7965725,0.7966427,0.7964732,0.7964664,0.7963912,0.7963812,0.796445,0.7964367,0.115256,0.7967882,0.7968607,0.7965419,0.7953861,0.7958153,
0.7967561,0.7967669,0.7965415,0.7965318,0.7965212,0.7965111,0.7965012,0.7968249,0.7968314,0.7965493,0.7968067,0.7972891,0.7972876,0.7966049,0.7965905,0.7965105,0.7968304,0.7965481,0.7964721,0.7965266,0.7953814,0.7958231,0.7958292,0.795293,0.7967445,0.796537,0.7959002,0.7961202,0.7961248,0.7953397,
0.7967496,0.7967607,0.7967696,0.7967457,0.7967287,0.796501,0.7964928,0.7964164,0.197014,0.7977247,0.7966446,0.796562,0.7966121,0.7965232,0.7965602,0.796807,0.05010574,0.1172285,0.08678821,0.7967848,0.7959631,0.7959469,0.7967827,0.7967913,0.09374776,0.7968179,0.796865,0.7954261,0.7958331,0.08834866,
0.7977067,0.7976837,0.7963645,0.7974317,0.7969794,0.7959478,0.7959453,0.7959475,0.7967756,0.7972822,0.7972807,0.7965869,0.7967133,0.7968345,0.7965421,0.7968072,0.7968169,0.7968284,0.7953985,0.7960594,0.7967748,0.7965409,0.7965308,0.795381,0.7958247,0.796756,0.7965401,0.7965302,0.7968222,0.7968279,
0.7968355,0.796843,0.7963656,0.797421,0.79657,0.7968311,0.7954076,0.7962177,0.7954777,0.7962375,0.7967887,0.7962724,0.7974312,0.796823,0.7968592,0.7969756,0.7969089,0.7969083,0.7969111,0.7965598,0.7968314,0.7968373,0.7965509,0.7953855,0.7953722,0.795359,0.7953056,0.7967446,0.7965361,0.7965271,
0.7968297,0.7968358,0.7965503,0.1292578,0.7955778,0.7955494,0.7962241,0.797427,0.79656,0.7965342,0.7968259,0.7968314,0.7965371,0.7953814,0.7958224,0.7953034,0.7967464,0.7965384,0.7968219,0.7968284,0.7954208,0.7967974,0.1589808,0.7967969,0.7968608,0.7964915,0.7964818,0.7968192,0.796365,0.7964309,
0.79743,0.7974222,0.7974148,0.797408,0.1207876,0.7968291,0.7954364,0.7954191,0.796756,0.7954168,0.7958307,0.7958363,0.795293,0.7957497,0.7958173,0.7958243,0.7967578,0.7953997,0.7953834,0.7958239,0.7967687,0.7964848,0.7964627,0.7964597,0.7964403,0.7964277,0.796813,0.7968195,0.0452904,0.1176658,
0.1188596,0.118867,0.1172141,0.1172066,0.117608,0.11886,0.1179549,0.1179471,0.1176721,0.1177016,0.117209,0.1176615,0.1172093,0.1176612,0.117666,0.1188595,0.1190637,0.1179448,0.118863,0.1172134,0.118863,0.1172061,0.1176533,0.09295964,0.0910836,0.7977239,0.7976994,0.797677,0.7966522,0.7968376,
0.7968441,0.79685,0.08492588,0.7977152,0.7976913,0.7976692,0.797648,0.7976283,0.7954818,0.7954628,0.7968112,0.7964994,0.09108625,0.7977242,0.7977005,0.796283,0.7961356,0.7961398,0.7961252,0.7961302,0.7967906,0.7954198,0.7967569,0.796767,0.7964849,0.7968199,0.7954043,0.7958282,0.7967558,0.7965402,
0.7968306,0.796837,0.7968439,0.100243,0.7977267,0.7954496,0.7949787,0.7967924,0.7968702,0.7964976,0.7966252,0.7964818,0.7968165,0.7968213,0.7967384,0.7954667,0.7954478,0.7964703,0.7973967,0.105184,0.7977389,0.7977134,0.7974113,0.797398,0.7974138,0.7974047,0.7965644,0.7968304,0.796836,0.7968425,
0.7968492,0.7968568,0.796864,0.7969338,0.7939948,0.7967618,0.7954333,0.7960902,0.7974336,0.7954599,0.7954414,0.7967581,0.7967276,0.1070498,0.7977089,0.796589,0.7968351,0.7970424,0.7954122,0.7967548,0.7967648,0.7964856,0.7968194,0.7954209,0.795405,0.7967641,0.7954181,0.7958297,0.7952914,0.796746,
0.7967569,0.7967668,0.7954023,0.1085172,0.7977365,0.7975234,0.7974421,0.7962152,0.7974556,0.7974467,0.7968344,0.797372,0.7973668,0.7973621,0.7954731,0.7967607,0.7967696,0.7954014,0.795386,0.7967517,0.7970154,0.796489,0.7939522,0.7967029,0.796717,0.7967291,0.7954159,0.08788984,0.7955766,0.7966692,
0.7973194,0.7973366,0.797333,0.7973295,0.7972552,0.7973148,0.797315,0.7972393,0.7972976,0.7954476,0.7967586,0.7967694,0.7939622,0.7945313,0.7967172,0.7953981,0.7953818,0.7960872,0.7973069,0.795455,0.6879863,0.7977175,0.7965925,0.7968338,0.795424,0.7938977,0.796702,0.7967196,0.7967275,0.7973549,
0.797351,0.7973474,0.7973446,0.7973415,0.1124512,0.7976974,0.7976745,0.7976528,0.7972861,0.797035,0.08413726,0.7977193,0.6741195,0.7971218,0.7975324,0.7975205,0.7975089,0.7974977,0.7954637,0.7938884,0.7938708,0.7967633,0.7968424,0.7968616,0.7954354,0.7967573,0.796768,0.796873,0.7968987,0.7954273,
0.7967657,0.7967743,0.7939628,0.6741257,0.7977062,0.7976843,0.7976624,0.7976424,0.7976223,0.7954823,0.7967592,0.7967691,0.7954004,0.7034957,0.6744878,0.797706,0.7976844,0.797663,0.7954876,0.7937849,0.7967073,0.7967203,0.7953988,0.796246,0.09618052,0.7977108,0.7976876,0.7976661,0.7940255,0.7958658,
0.7974563,0.7974476,0.7974387,0.7974305,0.7940187,0.7967107,0.6538787,0.7940773,0.1875159,0.797718,0.7954696,0.7938885,0.7967002,0.674123,0.6741025,0.797706,0.7970281,0.7969069,0.7969101,0.7939922,0.6741055,0.1006034,0.7955966,0.7939511,0.09710506,0.7977086,0.7976851,0.09712441,0.7971852,0.09389845,
0.7977421,0.7977169,0.7940295,0.7034703,0.7940826,0.7961907,0.6741153,0.7940826,0.7963186,0.7974127,0.7974059,0.7952728,0.7967504,0.7967612,0.6959174,0.7955651,0.7948568,0.793862,0.7967004,0.6539284,0.6727003,0.7972085,0.796945,0.7969455,0.7969463,0.7939731,0.1939119,0.7925316,0.7943248,0.7967011,
0.7967153,0.7967275,0.793961,0.7961764,0.1256501,0.7977152,0.7971336,0.7973198,0.7949163,0.6741454,0.7949895,0.7962285,0.7967902,0.796799,0.7968805,0.7939669,0.7967059,0.6539268,0.7940769,0.7967148,0.7939783,0.794371,0.7945364,0.7961676,0.6539182,0.7972,0.7969439,0.7969445,0.7969456,0.796407,
0.7974218,0.7974148,0.7965742,0.7974138,0.7970698,0.7973004,0.7952834,0.6741134,0.7955721,0.7953253,0.7967555,0.6539013,0.7971505,0.7971098,0.7939874,0.7939662,0.7939458,0.6539183,0.7977071,0.7034983,0.797698,0.7976771,0.7971312,0.7973191,0.7973166,0.6538994,0.7977073,0.7940312,0.7967107,0.7967232,
0.7967343,0.7967463,0.7970192,0.7939845,0.6539273,0.7977061,0.7940317,0.7967245,0.759498,0.7977175,0.7971427,0.7954738,0.7963963,0.7960069,0.7973953,0.7940525,0.7967122,0.7952189,0.7938765,0.6539173,0.0875302,0.7941014,0.796729,0.7952352,0.796791,0.7972108,0.6538981,0.6538755,0.7977076,0.7954716,
0.7967712,0.7967805,0.7959243,0.7974713,0.659231,0.7940921,0.7958679,0.7953168,0.7938779,0.796701,0.7968727,0.7972375,0.7972375,0.7972384,0.7952769,0.7968041,0.7971748,0.6539326,0.7022087,0.654183,0.7953917,0.7939337,0.7958619,0.08374622,0.7977192,0.7976953,0.7940274,0.6539199,0.7977178,0.7974831,
0.7974728,0.7970858,0.7959793,0.797478,0.7959814,0.7974765,0.7952816,0.7958724,0.7952946,0.7967537,0.7967634,0.6741224,0.7977064,0.7976841,0.7959934,0.7953218,0.7967557,0.7967651,0.7967737,0.7968909,0.7940094,0.7958432,0.7974619,0.7959799,0.7974776,0.7974673,0.7974567,0.7959783,0.7974766,0.7974661,
0.7974563,0.7974478,0.795976,0.7953182,0.7967659,0.7967746,0.7967827,0.7968938,0.7952687,0.7967521,0.7959229,0.7974699,0.7974611,0.7974518,0.7959779,0.7959818,0.7974785,0.7974683,0.797085,0.7973063,0.7959669,0.7955407,0.7958755,0.7974662,0.796009,0.7974622,0.7974536,0.7974457,0.7959763,0.7953184,
0.7967553,0.7967658,0.7967754,0.7959248,0.7974706,0.795353,0.7967491,0.7967603,0.796769,0.796889,0.7968962,0.7972466,0.7972472,0.7972471,0.7970136,0.7972833,0.7972823,0.7952632,0.7967519,0.796762,0.7967719,0.7967817,0.7967916,0.7968021,0.7968123,0.7959282,0.7953174,0.7952974,0.7967535,0.7967637,
0.7967741,0.7967821,0.7959192,0.7969273,0.7974664,0.7970833,0.7973047,0.7973033,0.7973018,0.7952617,0.7967915,0.3622883,0.7977227,0.7971399,0.795287,0.7967526,0.7967627,0.7967722,0.7967817,0.7967915,0.796804,0.7970458,0.7969572,0.7969565,0.7969311,0.7972571,0.7972572,0.7972568,0.7972567,0.7972568,
0.7972549,0.7972536,0.7952741,0.7967519,0.7966194,0.7973812,0.202338,0.7977159,0.7953081,0.7967541,0.1256496,0.7977638,0.7975013,0.7974902,0.7952982,0.7952805,0.7967921,0.7968024,0.7959487,0.797473,0.7974637,0.7970827,0.7952802,0.08662007,0.4077077,0.797725,0.7977011,0.7976787,0.7976575,0.795303,
0.7968057,0.7972172,0.7959606,0.08663841,0.7953795,0.7953491,0.7967568,0.7967675,0.796889,0.7972417,0.7972417,0.7972418,0.7970122,0.08500818,0.7977161,0.7976925,0.7976706,0.7976498,0.7976297,0.7976096,0.7952977,0.7952794,0.7967516,0.7968843,0.1072045,0.7977083,0.7952868,0.7967513,0.7952377,0.7967492,
0.7967597,0.7967691,0.7952409,0.7952253,0.7967468,0.796758,0.7967676,0.7952377,0.7967486,0.7968835,0.7968901,0.795268,0.7967514,0.7952359,0.7967495,0.7967602,0.7952553,0.7967909,0.7968013,0.7968122,0.795265,0.7967513,0.7952355,0.7967489,0.7952368,0.7967482,0.7967597,0.3670663,0.7977156,0.7952875,
0.7967526,0.7968859,0.7952663,0.7967526,0.7967622,0.3670683,0.7976835,0.7974926,0.797471,0.7952791,0.7952616,0.7968003,0.7952816,0.7967513,0.7967615,0.7952381,0.7952232,0.7967471,0.795235,0.7952193,0.7967892,0.7952639,0.7967498,0.7967605,0.7952381,0.7967616,0.7968864,0.7972417,0.7972424,0.7972422,
0.7969726,0.7973036,0.7952889,0.7967929,0.7972099,0.7952777,0.796753,0.7967626,0.7952384,0.7967491,0.7967586,0.7967689,0.2990409,0.7964662,0.7964946,0.7965211,0.7952309,0.7967488,0.7952369,0.7967488,0.7952363,0.7967477,0.7967594,0.7952377,0.7952224,0.7952082,0.7967453,0.7967564,0.7968856,0.7968929,
0.7972447,0.7972462,0.7972464,0.5039556,0.7964625,0.7964897,0.7952253,0.7952098,0.7967591,0.7967699,0.7952398,0.7967489,0.7967598,0.7968868,0.7972415,0.299024,0.7964683,0.7952269,0.7967591,0.7967683,0.7967775,0.7960895,0.7951802,0.796745,0.7967558,0.7968865,0.7972409,0.1271853,0.7977124,0.4081559,
0.7977229,0.7976995,0.7976776,0.7976562,0.7976349,0.7961586,0.7967964,0.7952384,0.795224,0.7967474,0.7960833,0.7967886,0.7960867,0.4081482,0.797723,0.7976994,0.7953054,0.796746,0.7967533,0.7952359,0.7967912,0.7972115,0.7972142,0.7972428,0.7971712,0.7971618,0.7971601,0.5039274,0.796462,0.7964897,
0.7965157,0.7965405,0.7960602,0.796049,0.7967833,0.7967948,0.7968026,0.7952422,0.7967491,0.7967591,0.7967686,0.796074,0.7967865,0.7967952,0.7960764,0.7967874,0.7960858,0.7951946,0.7967846,0.7972033,0.7972044,0.7972054,0.7972082,0.5039275,0.7964639,0.7968174,0.7972194,0.7972213,0.7952763,0.7967515,
0.7967614,0.7967728,0.7967811,0.7967905,0.7952411,0.796748,0.7967594,0.7967688,0.7952406,0.7967482,0.7967601,0.7960873,0.7967883,0.7967973,0.4582472,0.7977118,0.7961504,0.7967946,0.7968051,0.7968967,0.7972431,0.7972442,0.7970134,0.7952756,0.7967923,0.7952639,0.7953782,0.7963427,0.7974064,0.7974,
0.7973933,0.7973871,0.7971992,0.7969939,0.7961237,0.7967907,0.7967995,0.5039248,0.7964888,0.08455925,0.7977175,0.7976929,0.7959412,0.7968111,0.7972157,0.7970064,0.7972782,0.09785849,0.7977067,0.7971311,0.797321,0.7964732,0.7953153,0.7963505,0.7974091,0.7974025,0.7964792,0.795316,0.7963519,0.7756891,
0.7977243,0.7977023,0.7976818,0.7976614,0.7965052,0.7953156,0.795296,0.7967523,0.7967634,0.7961006,0.7967901,0.7952539,0.7967519,0.7967613,0.7968879,0.08768545,0.797708,0.7976843,0.7757048,0.7977244,0.7595041,0.7976683,0.7974756,0.7961545,0.796824,0.7968341,0.7972239,0.7964634,0.7973184,0.796953,
0.7973952,0.7973897,0.7961476,0.7951921,0.7951783,0.7951648,0.7967535,0.7967625,0.7967712,0.7964194,0.7969359,0.7953129,0.7967551,0.7967652,0.7968875,0.796458,0.7973158,0.7974021,0.7973959,0.7973899,0.2547316,0.7977242,0.7977005,0.7976785,0.1979764,0.7974349,0.7975315,0.7975194,0.6082188,0.7977175,
0.7976954,0.7976741,0.7976536,0.7971207,0.7971171,0.7961545,0.7967976,0.7952551,0.6082291,0.7971669,0.7975345,0.7953039,0.08613757,0.7977345,0.7967314,0.7965494,0.7974298,0.7974216,0.7974147,0.7974085,0.7974017,0.7966906,0.7952964,0.7967532,0.796764,0.7967257,0.797358,0.7973532,0.7973485,0.7973451,
0.7973418,0.7973356,0.7966852,0.7973973,0.7973908,0.7966951,0.7966987,0.7974002,0.7966908,0.7973945,0.7973889,0.608243,0.7977168,0.7976956,0.7976741,0.7953035,0.7952847,0.7967539,0.7968398,0.7964066,0.7953089,0.7967545,0.7967657,0.7966054,0.797393,0.7334398,0.796497,0.7965202,0.7965425,0.7968342,
0.797224,0.7972268,0.7952785,0.7967526,0.7957725,0.7967756,0.7968369,0.7968649,0.7952422,0.7965388,0.7952693,0.7967505,0.7966026,0.7966114,0.7973889,0.7973821,0.7973766,0.7973714,0.7966864,0.7966902,0.7973983,0.7966923,0.7974039,0.7973982,0.79527,0.7967494,0.7967591,0.796768,0.7967776,0.7966056,
0.7973873,0.7973813,0.7966893,0.7974028,0.7952913,0.7967521,0.7967628,0.7957721,0.7951694,0.7967434,0.7966126,0.7973895,0.7973832,0.7958368,0.7967796,0.7967877,0.7966086,0.797392,0.7973875,0.796689,0.7966924,0.7969732,0.7966029,0.7966114,0.7969528,0.796887,0.7952432,0.7967495,0.7969354,0.7968967,
0.7968976,0.7969003,0.7968658,0.7966036,0.7952917,0.7951937,0.1051528,0.7977127,0.7967271,0.7974012,0.7973957,0.7973902,0.7966934,0.795863,0.7952072,0.7965356,0.7965456,0.7973782,0.7973737,0.7973686,0.7973645,0.7973588,0.797352,0.7973461,0.1062316,0.7953759,0.7967596,0.7957714,0.7951658,0.7961428,
0.7967778,0.7967876,0.7952399,0.7952246,0.7961494,0.7951688,0.7951253,0.7965382,0.7953058,0.7967546,0.7967649,0.7952375,0.7952222,0.7951577,0.796738,0.7967482,0.7957717,0.7957578,0.7967744,0.7967838,0.796792,0.7957767,0.7967667,0.7966018,0.7973872,0.7958559,0.7967705,0.7967813,0.7967914,0.7968422,
0.7968699,0.7968596,0.7952399,0.7952249,0.7967491,0.7967597,0.7957869,0.7951751,0.7951288,0.1530916,0.7971771,0.7969307,0.6197413,0.7945282,0.7966805,0.7957644,0.7967753,0.7957731,0.7951689,0.7967421,0.7967519,0.7967618,0.7966045,0.7958364,0.7967703,0.7967812,0.7957717,0.7951702,0.7965338,0.7958345,
0.7962093,0.7967845,0.7967938,0.7968026,0.79524,0.79676,0.7952366,0.7967486,0.79676,0.79677,0.7967794,0.7957756,0.7951709,0.7951587,0.7967429,0.7952356,0.7951664,0.796144,0.6197149,0.7964725,0.7964987,0.7952226,0.7951572,0.7965409,0.7973778,0.7952713,0.7952539,0.7967477,0.7952365,0.7963481,
0.7967967,0.7968074,0.7952393,0.7967592,0.796769,0.7967775,0.7967867,0.7968357,0.7966011,0.7971085,0.7969372,0.7963646,0.7968089,0.7968177,0.1591799,0.7977199,0.7969714,0.7952368,0.7951652,0.7967387,0.7969462,0.796894,0.7968959,0.1722375,0.7971886,0.7952688,0.7952529,0.795237,0.7952213,0.7967469,
0.7967556,0.7968253,0.7952386,0.7961524,0.7961616,0.7967691,0.7967902,0.7967999,0.7957759,0.7957618,0.7951674,0.7963269,0.7963389,0.79518,0.7967429,0.7952361,0.796747,0.7967563,0.796949,0.7968935,0.7968953,0.168928,0.7971696,0.7969292,0.7952665,0.7967511,0.7967618,0.796836,0.7968653,0.7968692,
0.7968507,0.7967871,0.79524,0.7967481,0.7967592,0.7957692,0.795883,0.7963774,0.7964404,0.7963872,0.7968032,0.7952406,0.7967477,0.7967585,0.7967677,0.7967781,0.7969563,0.796899,0.7969006,0.796904,0.7968601,0.7968765,0.7952459,0.7961515,0.7961616,0.7961692,0.7967818,0.7969592,0.7968965,0.7969769,
0.7969702,0.7969642,0.5280772,0.7953704,0.7941682,0.7961048,0.7950109,0.7967371,0.7969413,0.7969379,0.7952393,0.7961512,0.7967768,0.7967856,0.7967943,0.7969601,0.7952433,0.7961538,0.1237393,0.7977191,0.7969711,0.7969005,0.7957829,0.7962,0.7964051,0.7968065,0.7968166,0.7969617,0.7969572,0.7957814,
0.7967762,0.796838,0.7967734,0.7967657,0.7968625,0.7957757,0.7961982,0.7962052,0.5280577,0.7971876,0.1028056,0.7971888,0.7969414,0.7969265,0.7952521,0.7967505,0.7967629,0.1761446,0.795381,0.110531,0.7953938,0.7952319,0.7967448,0.7968307,0.4997207,0.7974866,0.7970715,0.7970152,0.7950804,0.7963353,
0.7965334,0.7966603,0.7968397,0.7950903,0.7967349,0.7967479,0.7967572,0.7952527,0.79635,0.7963607,0.7967908,0.7957706,0.7965029,0.7965675,0.7965197,0.5280313,0.7953436,0.7964974,0.7957221,0.7967578,0.7967696,0.7969503,0.7952412,0.102806,0.7953879,0.7961708,0.1047417,0.7953799,0.7964642,0.7957198,
0.7963829,0.7968014,0.7968113,0.09894238,0.7977285,0.7969863,0.796795,0.7952392,0.7967345,0.7952355,0.7967486,0.7968799,0.7971729,0.7952682,0.7967501,0.7958778,0.7957273,0.7967716,0.7952382,0.08753065,0.7977071,0.7972566,0.7970055,0.796873,0.796873,0.7969705,0.7969654,0.796899,0.7968574,0.7967917,
0.7968703,0.7968736,0.7969726,0.796905,0.7969078,0.795264,0.796153,0.1011213,0.09079289,0.7953626,0.7964982,0.7965075,0.7951947,0.795181,0.7967894,0.7970592,0.7969222,0.7969806,0.7969002,0.7952741,0.7952608,0.796751,0.7952366,0.7967486,0.7967588,0.7969537,0.7968967,0.7958937,0.7951927,0.7951791,
0.7963408,0.796351,0.795196,0.7951819,0.3737394,0.7953512,0.7953206,0.7952949,0.7952513,0.7963275,0.7967935,0.7968029,0.7968834,0.7963572,0.7953094,0.7967536,0.7970107,0.7958819,0.7958682,0.7965172,0.796819,0.7952412,0.7952251,0.7967841,0.7968229,0.7968373,0.7952422,0.7952277,0.7967479,0.7952792,
0.796482,0.7968483,0.1722366,0.7977199,0.7976962,0.7976737,0.795303,0.7952845,0.7967849,0.7953156,0.7967561,0.7952366,0.7967473,0.7967576,0.1142442,0.7954065,0.7966523,0.7968328,0.7959027,0.7967803,0.7967908,0.7952399,0.7967405,0.7970755,0.7963179,0.7972649,0.795258,0.1093677,0.7970917,0.7975319,
0.7975204,0.7975088,0.7959658,0.7967866,0.7967954,0.7952821,0.796739,0.7959732,0.7953331,0.7952772,0.4800056,0.7977101,0.797484,0.797474,0.7974644,0.7974554,0.7974463,0.7972109,0.7952973,0.1015945,0.7977209,0.7972724,0.7963374,0.7973111,0.7969386,0.7972332,0.7972512,0.7969254,0.7972711,0.7972702,
0.7972685,0.7970025,0.7959581,0.7967852,0.7967952,0.79689,0.796769,0.7971727,0.7972325,0.7969306,0.7953032,0.7952846,0.7962518,0.7953267,0.1253893,0.7977282,0.7977044,0.7974923,0.7972266,0.1070499,0.7977092,0.7976858,0.7959709,0.7967877,0.796706,0.7959701,0.7967889,0.7968876,0.7972605,0.7972615,
0.7970037,0.7972935,0.7972918,0.79729,0.797183,0.7969907,0.7952984,0.7964849,0.7968385,0.7972434,0.7970009,0.7972956,0.7972946,0.7965235,0.7974175,0.7974101,0.797403,0.1722373,0.7977186,0.7976944,0.797672,0.7971019,0.795296,0.7967556,0.7952629,0.7964813,0.7958363,0.7937286,0.7967498,0.7967368,
0.7973678,0.7973626,0.7970306,0.7938311,0.796438,0.7952266,0.7967486,0.7967591,0.7967685,0.3952551,0.7977178,0.7976941,0.7972656,0.797012,0.7937886,0.7967082,0.7959517,0.7973562,0.7974175,0.7970496,0.7970478,0.7952926,0.7967536,0.7968827,0.7971718,0.795296,0.7952794,0.7964836,0.7958353,0.7967759,
0.7967852,0.7967941,0.7965834,0.7966115,0.1901025,0.7964898,0.7959608,0.7953349,0.7967471,0.7967564,0.7952807,0.7964832,0.1302,0.7977309,0.4582455,0.7977127,0.7952886,0.7967536,0.7960166,0.7973545,0.7941942,0.7967241,0.7968788,0.7968793,0.7970487,0.7969463,0.7970698,0.7969547,0.7969123,0.795323,
0.7967556,0.7967653,0.7970155,0.45825,0.7974907,0.7960467,0.7974684,0.7960721,0.7967155,0.7959957,0.7953501,0.796488,0.7964984,0.7965088,0.796819,0.7938234,0.7967111,0.7965696,0.1910625,0.7964657,0.7969443,0.7969062,0.7970564,0.4582527,0.7977359,0.7977124,0.1098323,0.7977265,0.7965382,0.7972594,
0.7970108,0.7970091,0.7937874,0.796708,0.7969968,0.7969264,0.7969297,0.7969335,0.4582475,0.7968491,0.7966797,0.7968467,0.7968529,0.4582451,0.1966901,0.7977261,0.797275,0.7970145,0.7970929,0.7969595,0.7969593,0.7969593,0.7970739,0.7965986,0.7959879,0.7953275,0.7967557,0.7964414,0.7974196,0.7974126,
0.7974055,0.7973991,0.7969593,0.7938119,0.7967104,0.796724,0.7965608,0.7964104,0.7938367,0.7967113,0.7964381,0.7974199,0.7974128,0.4874928,0.797227,0.7973327,0.7970334,0.7970325,0.7970326,0.3075666,0.7968418,0.7968166,0.7968647,0.7952874,0.7967535,0.7967631,0.09617967,0.7977352,0.7977107,0.7976874,
0.7976657,0.7976441,0.796527,0.7938388,0.796712,0.7964284,0.08621275,0.7972151,0.7967256,0.7968037,0.7964911,0.7974171,0.7965018,0.7965072,0.7953121,0.7958691,0.7958764,0.7967665,0.7965776,0.7968324,0.7968383,0.7937792,0.7957596,0.7967522,0.7967615,0.7967711,0.7965806,0.7952442,0.794606,0.796729,
0.7967411,0.796751,0.08440303,0.7972188,0.7975293,0.797517,0.7975052,0.7952995,0.7963726,0.7974101,0.7965025,0.7966973,0.7964189,0.7974153,0.7969638,0.7973344,0.7969461,0.7966582,0.7967979,0.2298294,0.7948397,0.7946867,0.7967272,0.7964295,0.7974107,0.7952949,0.7963721,0.7953038,0.7952856,0.7958645,
0.7967536,0.7967643,0.796434,0.7953092,0.7967548,0.7964336,0.796694,0.7968459,0.7964411,0.7974186,0.796963,0.7973337,0.7956076,0.7963816,0.7974092,0.7974027,0.7973963,0.7973913,0.7952927,0.7963737,0.7947354,0.7967389,0.7972869,0.7966463,0.7968411,0.796447,0.7964539,0.7970099,0.2684963,0.7977247,
0.7977009,0.7976785,0.7976566,0.7976357,0.7976155,0.7969917,0.7965222,0.7965262,0.79653,0.7974307,0.7952777,0.7963738,0.7974088,0.7969874,0.7968984,0.7952898,0.7967525,0.7964823,0.7974158,0.7974095,0.7969611,0.7973254,0.7972956,0.7952722,0.7967528,0.7967639,0.7952824,0.7967524,0.7967625,0.7967716,
0.7967821,0.7967921,0.7968321,0.7973092,0.7973071,0.7973058,0.7972911,0.7952897,0.7963725,0.7974032,0.0800982,0.7977306,0.7965378,0.7974215,0.7969637,0.7969651,0.7973357,0.7973315,0.4018684,0.09710331,0.7977087,0.7953058,0.7967537,0.7967637,0.7967723,0.7968102,0.796829,0.7973087,0.7952911,0.7967523,
0.7972911,0.7972894,0.7969344,0.7958025,0.7967721,0.797296,0.7972952,0.797293,0.7952693,0.7967507,0.7967609,0.7967705,0.7968081,0.7967954,0.7968037,0.7968134,0.796821,0.7968315,0.7968414,0.7968503,0.7968362,0.7952937,0.7967535,0.7967641,0.7967725,0.7967819,0.795285,0.7967404,0.7968192,0.7964942,
0.7974176,0.7974093,0.7974026,0.7973961,0.7969576,0.7973304,0.7973063,0.7972758,0.79727,0.7972884,0.796918,0.797323,0.79732,0.797318,0.7973172,0.7973143,0.7973094,0.7973051,0.7973015,0.7972964,0.7953004,0.796755,0.7967651,0.7968252,0.7952747,0.7967775,0.7972418,0.7972429,0.7972537,0.7969133,
0.7973229,0.7973204,0.09058392,0.7977253,0.7953277,0.7967565,0.796766,0.7967753,0.7968259,0.7973075,0.7952911,0.7967132,0.7968191,0.7968259,0.7959571,0.7972778,0.7974339,0.797426,0.797419,0.1124438,0.7977207,0.7976966,0.5180687,0.7977269,0.7977045,0.7976818,0.7976608,0.09389343,0.7976645,0.7974988,
0.7974873,0.7974765,0.7946953,0.7946111,0.7946092,0.794609,0.7967232,0.795279,0.5180488,0.09125393,0.7977233,0.7976984,0.7970108,0.1480293,0.7977167,0.7970154,0.7973426,0.7973387,0.7973356,0.7969423,0.7952812,0.7967519,0.7959408,0.7974564,0.7974471,0.7974396,0.1939201,0.7964704,0.796498,0.5180938,
0.7977267,0.7977042,0.797013,0.7973446,0.7973406,0.7973362,0.7973325,0.7953084,0.7952892,0.7952722,0.7967517,0.7967619,0.7967718,0.7967806,0.7952844,0.7958972,0.797461,0.796973,0.7973328,0.7973286,0.7973258,0.7946879,0.796736,0.7967458,0.7967568,0.7968234,0.7973071,0.1425108,0.795391,0.796771,
0.79678,0.7967885,0.7967982,0.7968085,0.7952861,0.7967543,0.7967637,0.7967731,0.7967818,0.7967921,0.7968032,0.7968132,0.7952874,0.7967533,0.7967627,0.1000784,0.797701,0.3865634,0.7976786,0.7975026,0.7974921,0.7974809,0.7974709,0.796973,0.7952986,0.7967539,0.7967641,0.7959527,0.09614918,0.797735,
0.7977103,0.7976866,0.7976657,0.7953442,0.7967463,0.7967576,0.7967674,0.7967768,0.7967863,0.1231671,0.7977194,0.7976958,0.3670644,0.7977395,0.7977152,0.7976923,0.7976328,0.7975971,0.7975774,0.7975572,0.7975391,0.7975215,0.795288,0.7967525,0.7967636,0.7967735,0.7968268,0.7973085,0.797306,0.7973045,
0.7973025,0.7973025,0.7973003,0.7972968,0.7972925,0.7972887,0.7952827,0.796752,0.7967619,0.7968922,0.797022,0.7952865,0.7967632,0.7952822,0.7967522,0.7967646,0.7967757,0.7967833,0.7952848,0.7967532,0.7967634,0.796774,0.7967825,0.7967921,0.7968029,0.7968122,0.7968233,0.796834,0.7968443,0.7968532,
0.7968606,0.7968673,0.7968749,0.7968846,0.7968945,0.7969041,0.7969133,0.7969206,0.7965139,0.797408,0.795316,0.7967415,0.7967545,0.7968979,0.7953069,0.7952895,0.7967535,0.7968885,0.7970175,0.7953036,0.796753,0.7952808,0.7967748,0.7968054,0.7968219,0.796836,0.7968475,0.09147251,0.7977239,0.7952898,
0.7967522,0.796763,0.7967733,0.796895,0.797025,0.7963762,0.797428,0.7974197,0.7952772,0.7967528,0.7967642,0.7967739,0.7967816,0.7967908,0.7968025,0.7968124,0.7968224,0.7952913,0.7967538,0.7968866,0.7969479,0.7970252,0.7969835,0.09147269,0.7954122,0.7967612,0.7952808,0.7967536,0.7968377,0.7968659,
0.7968798,0.7968923,0.7969031,0.7969126,0.796939,0.7971371,0.7969849,0.7969845,0.08925304,0.7337586,0.1051447,0.7977344,0.7976494,0.7954948,0.7967983,0.7969758,0.7952819,0.7962728,0.7974076,0.7973732,0.7972571,0.7973002,0.7972981,0.7972972,0.7972749,0.797288,0.7972875,0.7972856,0.797282,0.7972787,
0.7972532,0.797267,0.1939223,0.7964947,0.7969251,0.7969175,0.7969447,0.7969578,0.7969372,0.7970506,0.797058,0.7970636,0.08925223,0.7953914,0.7953624,0.7968073,0.7963565,0.7974254,0.7952941,0.7967914,0.796356,0.7974303,0.7974237,0.7973617,0.7973684,0.7953126,0.796757,0.6197079,0.2125221,0.7977219,
0.7976981,0.7976565,0.7976582,0.7953024,0.7967549,0.7968877,0.7970166,0.1980056,0.7977434,0.7976392,0.7967566,0.7953078,0.796754,0.7967637,0.7967728,0.7967817,0.796849,0.7944745,0.7967626,0.7969505,0.7969612,0.7969714,0.7969803,0.7963688,0.795324,0.7967548,0.796765,0.7967746,0.7952656,0.08300272,
0.7977437,0.7976409,0.7976235,0.7976066,0.7975887,0.7975721,0.7967438,0.7953488,0.7967947,0.7969827,0.7969921,0.7970015,0.7952635,0.7967497,0.7967599,0.7967698,0.7968293,0.7968586,0.7952839,0.7952662,0.7961936,0.795204,0.796746,0.7952618,0.7965602,0.7973709,0.7964076,0.7974212,0.7973806,0.7962389,
0.7968193,0.7968486,0.7952465,0.7967483,0.4582467,0.7954171,0.7967837,0.7952784,0.7952624,0.7967504,0.7967609,0.3670653,0.7977399,0.7967671,0.7973999,0.7973951,0.7973898,0.797384,0.7973785,0.7969606,0.796891,0.7963529,0.7974181,0.7973774,0.7964113,0.7974322,0.7972987,0.7973344,0.08001047,0.7977306,
0.7977055,0.7976824,0.7976602,0.797361,0.7973796,0.7964132,0.7953259,0.7952877,0.7967518,0.7967615,0.7967712,0.4582249,0.7977126,0.1925113,0.7977311,0.7977073,0.7976839,0.7973762,0.7973918,0.7973851,0.08413794,0.7954073,0.7953781,0.7967595,0.7967696,0.7952819,0.7967525,0.7967633,0.3670788,0.7969237,
0.7975488,0.7975367,0.7975238,0.7975104,0.7974982,0.0832108,0.4570859,0.797716,0.7953499,0.7967592,0.7967697,0.7952827,0.7967532,0.7967629,0.7968917,0.7970209,0.797029,0.7961877,0.7972792,0.7974293,0.7974232,0.7974162,0.7974082,0.7952933,0.7961084,0.7953135,0.7952921,0.7967523,0.7967631,0.7952829,
0.7967526,0.7967641,0.7952816,0.7967522,0.7967623,0.7967728,0.7961585,0.7974445,0.7952977,0.7952805,0.7967516,0.7967637,0.7961566,0.7962157,0.7974474,0.08578458,0.7977129,0.7976897,0.7976676,0.0789581,0.7977327,0.797708,0.7952921,0.7951891,0.7967514,0.7967612,0.7961579,0.7953079,0.7967558,0.7952797,
0.796752,0.7967629,0.7967728,0.7967811,0.7952835,0.7967544,0.7952768,0.796751,0.7967621,0.7967725,0.7952841,0.7952361,0.7952204,0.7967461,0.7967581,0.7967682,0.7967768,0.7967867,0.7967983,0.7969103,0.7971132,0.7971194,0.7971246,0.7971283,0.7953119,0.1390803,0.7977113,0.7976882,0.09350269,0.7977186,
0.797695,0.7976725,0.7970883,0.7952853,0.7967526,0.7967635,0.795263,0.7967398,0.7952743,0.7952564,0.7967516,0.7967612,0.7967701,0.7952836,0.7967517,0.796763,0.7952809,0.7967523,0.796762,0.7967723,0.7967806,0.7967908,0.7968022,0.7968128,0.7968239,0.7968342,0.102612,0.7977189,0.797695,0.7976727,
0.7976518,0.7976309,0.7952987,0.7967392,0.7952789,0.7967506,0.7967606,0.7967715,0.7957808,0.7967755,0.09238346,0.7977201,0.796533,0.7974221,0.7974144,0.7974078,0.7953115,0.7967438,0.7967547,0.1026112,0.7954093,0.08662052,0.7977363,0.7953315,0.7953105,0.7967547,0.796765,0.7967744,0.7952818,0.7967527,
0.7967618,0.7967713,0.7967807,0.7967907,0.2737737,0.7959379,0.796789,0.7967976,0.7968071,0.7968164,0.7968251,0.7957711,0.7967641,0.7967741,0.796784,0.7952834,0.7967526,0.7952792,0.7967517,0.7967616,0.1026167,0.7972342,0.7975318,0.797519,0.7975072,0.7974961,0.2249583,0.7977229,0.7976986,0.795306,
0.7967548,0.7967647,0.7967739,0.7967833,0.7967933,0.7952871,0.7967415,0.796753,0.7967634,0.7952824,0.7963659,0.7974035,0.7969592,0.7968919,0.7964464,0.7974226,0.7974153,0.7974085,0.7953129,0.7967529,0.7967629,0.7967735,0.7967828,0.7970051,0.7969214,0.7969228,0.2581398,0.7977176,0.7953103,0.7967535,
0.7967645,0.7967747,0.7967831,0.7967926,0.7967663,0.7973369,0.7952898,0.7967504,0.7967613,0.7967701,0.7967792,0.7964381,0.7953087,0.7967542,0.7967646,0.2581393,0.7971759,0.7969304,0.7952923,0.7967545,0.7967644,0.05027522,0.1188723,0.1171311,0.1188633,0.1188706,0.1171313,0.1188635,0.1202547,0.1191591,
0.1191513,0.1182791,0.1188639,0.1188712,0.1188782,0.1188847,0.117132,0.1188555,0.1202531,0.1114003,0.7977232,0.7976984,0.7976762,0.7965241,0.7965283,0.7953125,0.7967549,0.7952787,0.7967523,0.7967626,0.7967728,0.7967813,0.7964312,0.7974182,0.7974128,0.7952462,0.7967494,0.7967589,0.7967495,0.7953041,
0.7967538,0.7967656,0.7967747,0.795215,0.7967488,0.7952789,0.7963682,0.7963768,0.7974139,0.7953385,0.7967543,0.7952753,0.7967382,0.7967498,0.7967595,0.7967689,0.796779,0.7967905,0.7952849,0.7967539,0.796765,0.7967734,0.7967818,0.7967921,0.7968031,0.7968122,0.7968232,0.7968338,0.7968437,0.7968529,
0.7968613,0.7968683,0.7968762,0.7968849,0.7968943,0.7969038,0.7969124,0.7966028,0.7973902,0.797384,0.7973784,0.7973721,0.7973647,0.7953078,0.7967547,0.7952813,0.7967386,0.7967499,0.7947139,0.7967238,0.7967356,0.7964272,0.08321212,0.2476282,0.2403188,0.797722,0.7976984,0.7965284,0.7974299,0.7974224,
0.7974143,0.7974073,0.1073389,0.7977325,0.7977088,0.797685,0.7976635,0.7976412,0.7965201,0.7974201,0.797413,0.5039297,0.7964614,0.7965539,0.7973889,0.797384,0.7966667,0.7974045,0.7964999,0.7974203,0.7974128,0.7974059,0.7973996,0.7973923,0.7973852,0.7953089,0.09170689,0.7977239,0.7976999,0.7976777,
0.797656,0.7976352,0.7976149,0.7953169,0.796756,0.7952798,0.7967386,0.7964242,0.7974187,0.7951951,0.796756,0.7967655,0.7967754,0.7967839,0.7952855,0.7960114,0.7967657,0.7967743,0.7967834,0.7967921,0.7968006,0.7952865,0.7967533,0.7967641,0.7967734,0.7967814,0.503925,0.796104,0.7973822,0.7973765,
0.797371,0.7973664,0.7973611,0.7973546,0.7973488,0.796496,0.79742,0.7974125,0.7974058,0.7953323,0.09290569,0.7977183,0.7976944,0.7976722,0.7970753,0.7953414,0.7967539,0.7967647,0.7967752,0.7952838,0.7967631,0.7967722,0.7967819,0.7964396,0.797422,0.797415,0.7947463,0.7967405,0.7967514,0.7952812,
0.7967424,0.7967529,0.7969462,0.796432,0.7974206,0.7974138,0.7974064,0.7974001,0.7973939,0.7973866,0.7952902,0.7952731,0.7952567,0.7967507,0.7967611,0.7967703,0.7967789,0.1296225,0.09977473,0.7977257,0.7977017,0.7976795,0.7976565,0.7976375,0.7976171,0.7975961,0.7975768,0.7953357,0.7967566,0.7967659,
0.7967753,0.7967834,0.796794,0.7968054,0.7968153,0.7968262,0.7968367,0.7952919,0.796754,0.7952808,0.7967422,0.7967532,0.7967634,0.7967733,0.7967813,0.7967919,0.7968023,0.7968116,0.7968225,0.7968339,0.796844,0.7968537,0.796719,0.7973618,0.7973565,0.1651212,0.7977321,0.7977076,0.7976844,0.7976632,
0.7976422,0.7976223,0.7976016,0.7975826,0.7975643,0.7975469,0.7975298,0.7975143,0.7974987,0.7974843,0.7953244,0.7967567,0.7967681,0.796777,0.7967846,0.7967955,0.7952868,0.2581744,0.797719,0.7976956,0.797673,0.7976509,0.7976305,0.7976104,0.7975903,0.7975706,0.797553,0.7975354,0.7968163,0.2403031,
0.7977234,0.7976991,0.7976761,0.7976552,0.7976341,0.7966956,0.7953217,0.7967548,0.796765,0.7967743,0.7967833,0.1803662,0.6197017,0.7965008,0.7965245,0.7965481,0.7952717,0.7952334,0.7967514,0.7967617,0.7967716,0.7967801,0.1103669,0.7977018,0.7976793,0.7968339,0.7973849,0.7959033,0.7967811,0.7967906,
0.7967994,0.7968087,0.7968177,0.7968262,0.7968338,0.7965955,0.6197362,0.79616,0.7967424,0.7967528,0.7967634,0.796774,0.7967817,0.7967919,0.7968022,0.7968767,0.7968809,0.7968792,0.7958631,0.7965323,0.7965981,0.7973859,0.7973127,0.7972549,0.7972471,0.7972449,0.796663,0.7954686,0.08788709,0.7977327,
0.7977089,0.7976848,0.08374554,0.7974532,0.7970477,0.7970479,0.7970461,0.7970432,0.7970417,0.6197406,0.7965004,0.7965245,0.7968347,0.7968274,0.7963272,0.08480494,0.7974302,0.7975181,0.7938464,0.796712,0.7967736,0.7967336,0.796757,0.7967041,0.7973604,0.7973561,0.7972922,0.7972175,0.7958953,0.7967912,
0.7968006,0.7968087,0.7970157,0.7969278,0.7959446,0.7974722,0.3670791,0.797401,0.7975271,0.7975149,0.797503,0.7974921,0.7938652,0.7949606,0.7967237,0.7967348,0.7967452,0.7967564,0.7958708,0.7964927,0.6197254,0.7965006,0.7965244,0.7965475,0.7965688,0.7938278,0.7938065,0.7967098,0.7967226,0.796735,
0.7967467,0.7967589,0.7967717,0.4081797,0.7977235,0.7972198,0.7969899,0.7970672,0.6197003,0.7964753,0.7965006,0.7965247,0.7967136,0.7958282,0.7967749,0.7970047,0.7969251,0.1049382,0.7977135,0.7976899,0.797668,0.7976469,0.7976267,0.7976078,0.08374578,0.7977194,0.7938952,0.7967141,0.7967291,0.7967411,
0.7967518,0.7967632,0.7967746,0.7967846,0.7967966,0.7968081,0.7968184,0.7968291,0.7970271,0.796932,0.7967749,0.7958373,0.7967751,0.7967841,0.7958708,0.7967795,0.7967879,0.7967961,0.7968049,0.7968162,0.7959993,0.797469,0.7974606,0.7974507,0.797442,0.7974345,0.7968501,0.7966039,0.7973879,0.7973822,
0.7973764,0.7973707,0.7973645,0.7973576,0.1026176,0.7970849,0.7969072,0.7969093,0.7969131,0.7969163,0.7969207,0.7969241,0.7969278,0.7969341,0.7969404,0.7967758,0.7968577,0.7968624,0.7968671,0.7968738,0.7968796,0.7968856,0.7968914,0.7968976,0.7970423,0.7966269,0.1286999,0.7977077,0.7976847,0.7976632,
0.7976422,0.7976225,0.7976018,0.7975818,0.7965891,0.7968808,0.7968761,0.7968802,0.7967613,0.7965888,0.7973854,0.7971855,0.7969801,0.7969787,0.7969785,0.7966288,0.7973912,0.7968472,0.7968727,0.7968767,0.7968802,0.7967696,0.7968585,0.796863,0.7968683,0.7968748,0.7968808,0.7968873,0.7968932,0.7968993,
0.7969069,0.7969137,0.7969199,0.7969277,0.7969339,0.7967753,0.7968585,0.7967653,0.7967578,0.796596,0.7973908,0.7973863,0.7973799,0.7966886,0.7963885,0.7964678,0.7965733,0.7973815,0.7973759,0.7973714,0.7973671,0.7968389,0.7968701,0.796765,0.796675,0.7968504,0.7968543,0.79686,0.1184285,0.7974222,
0.7974015,0.7975113,0.7975005,0.7968477,0.7968705,0.7968751,0.7968796,0.7966171,0.796863,0.7968735,0.7968794,0.7969756,0.7969018,0.7969043,0.7970387,0.7967626,0.7968572,0.7968622,0.7968678,0.7967671,0.796858,0.09475402,0.7977148,0.7975021,0.7942906,0.796718,0.4464173,0.7940412,0.7967273,0.7496555,
0.7977204,0.7976989,0.7976775,0.7968759,0.7966049,0.7973926,0.7973882,0.7971867,0.7969804,0.7966264,0.796876,0.7968755,0.7939516,0.7965081,0.7973709,0.7973666,0.7964068,0.7968153,0.7968233,0.7939504,0.796706,0.7595029,0.7977169,0.7976958,0.7976748,0.7976534,0.7976339,0.1036251,0.7977172,0.7976932,
0.7976709,0.79765,0.7976289,0.7976085,0.7962802,0.7962324,0.7967978,0.7968079,0.7968158,0.7966093,0.7973872,0.7968444,0.7595054,0.797716,0.7972499,0.7969992,0.7969983,0.7962847,0.7974421,0.7940055,0.08373524,0.7977198,0.7976961,0.7976739,0.7976525,0.7976313,0.7976114,0.7975906,0.7975727,0.7975546,
0.7975367,0.7975205,0.7963395,0.7974371,0.7968528,0.7939408,0.795357,0.7967331,0.7967452,0.7967436,0.7967353,0.7968525,0.7939523,0.7967073,0.7967201,0.7965992,0.7973854,0.7973796,0.7971836,0.7966312,0.7968732,0.7968605,0.7968478,0.7968726,0.7939519,0.7967047,0.7967173,0.79673,0.7967421,0.7967537,
0.7967666,0.7967784,0.7967557,0.7968574,0.7970303,0.7969336,0.796279,0.7969056,0.7968904,0.7968745,0.7966132,0.7968743,0.7968743,0.7967662,0.7968581,0.7962636,0.7940199,0.7959908,0.7960041,0.1074372,0.7964481,0.7968229,0.7962623,0.7974301,0.7974216,0.7940026,0.7965242,0.08834922,0.7970989,0.7966162,
0.7973887,0.7973834,0.7968447,0.7968319,0.7968684,0.7966165,0.797394,0.7971807,0.7969779,0.7939769,0.7965123,0.7940044,0.7967242,0.7967406,0.2970043,0.7964647,0.7964925,0.7967089,0.7962455,0.1198519,0.7977291,0.797067,0.7939534,0.7967197,0.7967317,0.7966007,0.7968745,0.7968751,0.7968792,0.7968845,
0.7968908,0.7968971,0.7967731,0.7968584,0.7969099,0.7968857,0.7968872,0.7968908,0.7962684,0.08374604,0.7977247,0.79641,0.7970733,0.796922,0.7969251,0.796928,0.7939578,0.7967181,0.7964534,0.7968124,0.7967556,0.7967469,0.7965957,0.2019309,0.7977148,0.7968783,0.7966053,0.1198522,0.7974201,0.08530533,
0.7977216,0.7974898,0.7974798,0.7968599,0.796901,0.7971488,0.7968019,0.7962501,0.7974281,0.7974204,0.7963324,0.7970558,0.7962717,0.7974319,0.1070137,0.7971293,0.7969148,0.7954913,0.796763,0.7967485,0.7964259,0.7968185,0.7968259,0.7968339,0.796841,0.7966141,0.7973895,0.7968455,0.796868,0.7968709,
0.7969365,0.797166,0.7971701,0.7971731,0.797174,0.7971748,0.7971769,0.7965254,0.7968306,0.7970336,0.7969658,0.7969306,0.7969131,0.7969185,0.08700515,0.3843802,0.797112,0.7969108,0.7967718,0.7968934,0.7968036,0.7962515,0.7974299,0.7965423,0.7968758,0.7971307,0.796302,0.7963076,0.7970825,0.7968015,
0.7968631,0.7968677,0.7969362,0.7969387,0.7971668,0.7968049,0.7937729,0.7967079,0.7960811,0.7974481,0.796856,0.3639199,0.7977449,0.7977214,0.05030676,0.1188751,0.1192188,0.1181628,0.1192113,0.08990733,0.797703,0.7976802,0.7965592,0.7968752,0.7971373,0.7971418,0.7971459,0.7971489,0.7971509,0.79704,
0.7970405,0.7970412,0.7970408,0.7970416,0.7970428,0.7972196,0.7972221,0.7972243,0.7972269,0.1144214,0.7977159,0.7968906,0.7969061,0.796113,0.1038891,0.7977165,0.7972576,0.7972494,0.7973158,0.7971213,0.09629802,0.7973537,0.7975273,0.7975157,0.7972101,0.7972026,0.7972951,0.7972935,0.7968326,0.7968659,
0.7968693,0.7968727,0.7968765,0.7968823,0.796941,0.7971626,0.7968053,0.7968956,0.7971458,0.7970401,0.7972136,0.7965907,0.7973617,0.7973573,0.7973779,0.7973741,0.7959539,0.7974672,0.7971942,0.7968268,0.7968678,0.7967641,0.7968917,0.7968985,0.7967946,0.796687,0.7973611,0.7973572,0.7971345,0.7972584,
0.7972583,0.797259,0.7972593,0.7968234,0.7968118,0.7968958,0.7971414,0.7965797,0.7973537,0.7973496,0.7973461,0.7973731,0.7973685,0.7973226,0.7973539,0.7971306,0.7972569,0.79709,0.7968165,0.7968677,0.7969393,0.7965753,0.7974045,0.7973998,0.7968463,0.7968703,0.7941166,0.7958215,0.7974675,0.7974587,
0.7974485,0.7974399,0.7971728,0.797278,0.7965989,0.797408,0.7969841,0.7968987,0.7969435,0.7965751,0.7968649,0.7968732,0.7967652,0.7968923,0.7971433,0.7971475,0.7971511,0.7968104,0.7968914,0.7969388,0.7967833,0.796894,0.7968994,0.7967936,0.7968618,0.7965472,0.7974008,0.7973951,0.7973887,0.7973831,
0.7973772,0.797371,0.7973644,0.7973574,0.7966098,0.7966135,0.79687,0.7968557,0.7965308,0.7968786,0.7968651,0.7968733,0.7968763,0.7962899,0.23786,0.7977304,0.7974916,0.7974812,0.797471,0.7974614,0.796622,0.7973567,0.79484,0.7961923,0.7964929,0.7973956,0.7973905,0.7966145,0.797359,0.7968628,
0.7969022,0.7971515,0.7971554,0.7971584,0.7971604,0.7971611,0.7970459,0.7965855,0.7968821,0.796869,0.7969024,0.7971479,0.7971513,0.796581,0.1421871,0.7970956,0.7969096,0.796552,0.796559,0.7965654,0.797406,0.796616,0.1008918,0.797724,0.7977005,0.796648,0.7966512,0.7968732,0.7968735,0.7968774,
0.7968829,0.7968892,0.7965816,0.7973979,0.7973917,0.7973858,0.79738,0.7968414,0.7968717,0.7965551,0.7974024,0.7973976,0.796616,0.7966175,0.0947537,0.7977154,0.7976916,0.7966493,0.7966509,0.7973669,0.7968504,0.7965314,0.7974004,0.7973953,0.7973885,0.797383,0.7973768,0.79737,0.7971329,0.796603,
0.7974103,0.7974042,0.7966436,0.797406,0.7973049,0.7971813,0.7965705,0.7974034,0.7973981,0.7973925,0.7966114,0.7974104,0.7966167,0.7973555,0.7966623,0.7974168,0.7974105,0.7966486,0.7974009,0.797394,0.7973892,0.7973833,0.7966118,0.7974097,0.7968362,0.7968701,0.7965488,0.797403,0.7966161,0.7966273,
0.7974131,0.7974066,0.7973991,0.7966148,0.08621291,0.797375,0.7975214,0.79751,0.7974988,0.7969368,0.7973445,0.79734,0.7973368,0.7973347,0.7966371,0.7974095,0.7974032,0.7973976,0.7973921,0.7973875,0.7966387,0.7974049,0.7973982,0.7973922,0.7973864,0.7973799,0.7971383,0.796604,0.7974077,0.797402,
0.797397,0.7973913,0.7973841,0.7973764,0.7973695,0.7973638,0.08620822,0.7977136,0.7976913,0.7976692,0.7966416,0.7973661,0.796554,0.7965944,0.7966036,0.7974307,0.7974223,0.796922,0.797344,0.7972562,0.7970721,0.7970691,0.7970659,0.7968407,0.797329,0.797325,0.797324,0.797323,0.7973199,0.7966315,
0.7974026,0.7973968,0.7973912,0.7969149,0.7973431,0.7973391,0.797336,0.7973339,0.7973312,0.7973257,0.796832,0.7968698,0.7965481,0.797402,0.7973963,0.7966163,0.7966185,0.7974114,0.7969216,0.7969207,0.7973486,0.7973434,0.7973386,0.797335,0.7973335,0.796903,0.7973413,0.7973382,0.7973355,0.7973329,
0.7973284,0.7973233,0.7973191,0.7973144,0.7968949,0.7968982,0.7969016,0.797345,0.796608,0.7966109,0.7974122,0.7974054,0.7966151,0.7970802,0.7974159,0.7966195,0.7974088,0.7969306,0.7966312,0.7970746,0.7974183,0.7966198,0.7974107,0.7974039,0.7973971,0.7969173,0.7973486,0.7972683,0.7968551,0.7966255,
0.7974105,0.7974045,0.7969189,0.7966347,0.7970812,0.7974174,0.7974105,0.7974038,0.7973977,0.796614,0.797409,0.7969215,0.7969201,0.1008053,0.7964314,0.7972687,0.7972437,0.7971213,0.7937603,0.7967051,0.7967184,0.7969385,0.7969167,0.7969197,0.7968155,0.7968228,0.7973267,0.7959911,0.7974742,0.7969336,
0.7973488,0.797345,0.7969043,0.7973045,0.7966335,0.7970809,0.7974175,0.7969216,0.7966373,0.7974111,0.7974047,0.7969193,0.7969207,0.7973456,0.7969047,0.7969064,0.7973441,0.7969037,0.6248094,0.796511,0.7965351,0.7959217,0.7967943,0.7972271,0.7972265,0.7972252,0.7973733,0.09928426,0.7976223,0.793846,
0.7966974,0.7973082,0.796603,0.7974091,0.105186,0.7975869,0.7975646,0.797545,0.7968656,0.797165,0.7971663,0.7971661,0.08291269,0.7976321,0.7969053,0.7973406,0.7969049,0.7969061,0.7973048,0.7965846,0.7965897,0.7970738,0.7974159,0.7969216,0.7969214,0.796923,0.7969244,0.7973529,0.621074,0.7962147,
0.797307,0.7968616,0.7968645,0.7966276,0.7970772,0.7970827,0.7970874,0.7970911,0.7970942,0.797097,0.7970985,0.7973593,0.796867,0.7973349,0.6210756,0.7961916,0.7969609,0.79697,0.7967051,0.7971075,0.7967584,0.6247855,0.7962003,0.7969731,0.7967046,0.7971033,0.08291256,0.7976186,0.7968985,0.7971766,
0.797177,0.7973684,0.7968716,0.7968751,0.5812786,0.7976013,0.7975804,0.7975586,0.7973992,0.7957856,0.7967244,0.7969357,0.7968888,0.7966295,0.7970788,0.1075953,0.7975803,0.7975582,0.7975388,0.7968629,0.7968567,0.7968498,0.7971634,0.7971638,0.6179659,0.7963484,0.7967389,0.796599,0.7970698,0.7973639,
0.7968684,0.796872,0.7966277,0.7970788,0.7970836,0.7973422,0.7965848,0.7965915,0.7970744,0.7970786,0.7970825,0.7970865,0.79709,0.7937834,0.7967699,0.7968237,0.5812967,0.7973405,0.7974401,0.7974271,0.7957903,0.7967239,0.7969493,0.7966264,0.7973503,0.796867,0.7968705,0.7970376,0.7969676,0.5934312,
0.7976099,0.7975861,0.7966093,0.7970716,0.7970773,0.7954995,0.7967219,0.7969479,0.7968962,0.7970463,0.796648,0.7970867,0.7972858,0.7967018,0.5812726,0.7973194,0.7973456,0.7973383,0.7968364,0.7971537,0.5812726,0.7975788,0.7958477,0.7967381,0.7967484,0.7967581,0.7969724,0.7969184,0.7972981,0.7957888,
0.7966686,0.7966777,0.7967839,0.7967928,0.7958033,0.5763582,0.7975889,0.7955203,0.7967234,0.7967324,0.796743,0.7967531,0.7967641,0.7972859,0.7968586,0.7970189,0.1491794,0.7976339,0.7974164,0.796873,0.7968748,0.7958086,0.7967288,0.7965962,0.7966018,0.7966058,0.7970761,0.7972825,0.7955176,0.7964711,
0.7970278,0.7970344,0.7973449,0.795781,0.5763347,0.7973274,0.7973078,0.7973344,0.7955144,0.7954452,0.7967235,0.7967329,0.7967432,0.7973062,0.7972518,0.7968486,0.1265639,0.7977018,0.7973257,0.797365,0.7968675,0.7955025,0.7964713,0.7973335,0.5763401,0.7975876,0.7958459,0.7967373,0.7967482,0.7969667,
