39.37538,41.5111,74.63798,42.54824,36.66879,74.98579,16.51133,54.88466,26.76302,96.58424,16.3139,67.99877,99.21564,31.50035,98.89435,52.6465,91.38911,62.38464,14.39225,55.08045,53.72455,66.18914,39.38753,16.83171,51.86414,52.50815,67.33459,98.365,69.29446,88.72274,
16.83171,16.3139,53.72455,55.08045,39.38753,16.51133,16.83171,33.7333,31.50035,16.83171,52.6465,67.99877,16.83171,62.38464,16.83171,36.66879,16.51133,16.3139,39.38753,74.98579,16.3139,16.51133,16.3139,14.39225,39.38753,67.99877,52.50815,74.98579,77.83492,98.365,
16.83171,16.83171,16.3139,16.3139,16.3139,52.50815,16.83171,16.83171,16.51133,16.83171,16.51133,16.51133,16.3139,98.365,74.98579,36.66879,16.51133,16.83171,16.51133,16.83171,41.02522,16.83171,16.3139,16.83171,39.38753,33.7333,16.83171,16.51133,16.3139,16.83171,
16.83171,16.83171,16.51133,16.51133,16.3139,16.51133,16.83171,16.51133,16.83171,16.83171,16.83171,41.02522,16.3139,16.83171,16.3139,16.3139,16.3139,16.83171,16.83171,16.83171,16.83171,16.51133,11.83762,16.51133,16.51133,16.3139,33.7333,36.66879,16.51133,74.98579,
16.51133,16.83171,16.83171,16.3139,16.83171,36.66879,16.83171,16.83171,16.51133,16.3139,16.3139,16.83171,16.3139,16.3139,16.3139,41.02522,16.3139,16.51133,92.79312,16.83171,16.83171,16.51133,16.3139,16.83171,16.51133,16.51133,16.3139,16.3139,16.3139,33.7333,
16.3139,16.51133,16.83171,16.3139,16.83171,16.3139,16.83171,16.83171,16.3139,16.83171,16.51133,16.3139,16.83171,16.83171,16.3139,16.83171,16.3139,16.51133,16.3139,16.3139,16.51133,16.83171,16.3139,16.51133,16.3139,16.3139,16.3139,16.83171,16.3139,16.3139,
16.3139,16.51133,77.87524,16.83171,16.3139,16.3139,16.83171,16.83171,16.3139,16.3139,16.3139,16.3139,16.3139,16.3139,16.51133,16.51133,16.3139,16.83171,16.51133,16.83171,16.83171,16.3139,16.83171,16.3139,16.83171,16.3139,16.3139,16.51133,16.83171,16.3139,
16.83171,16.51133,16.3139,16.3139,16.3139,16.83171,16.83171,16.3139,16.83171,16.83171,16.3139,16.3139,16.3139,79.5602,16.3139,16.3139,16.83171,16.3139,16.3139,16.83171,16.83171,16.51133,89.25317,16.83171,16.83171,16.3139,16.3139,16.83171,69.21316,81.45494,
16.3139,16.3139,16.3139,16.83171,16.3139,16.83171,16.3139,16.3139,16.83171,16.83171,16.83171,16.3139,16.51133,16.83171,16.3139,16.3139,16.83171,16.3139,16.83171,16.3139,16.3139,16.3139,79.5602,16.83171,16.3139,16.3139,79.5602,16.83171,16.3139,16.3139,
16.3139,16.3139,16.3139,16.83171,16.3139,16.83171,16.3139,16.3139,16.3139,16.3139,16.3139,79.5602,16.3139,16.83171,16.83171,16.3139,16.51133,16.3139,16.3139,16.3139,16.3139,16.83171,16.3139,16.3139,16.3139,16.3139,16.83171,16.83171,16.3139,16.83171,
16.3139,16.3139,16.3139,16.83171,16.3139,16.3139,16.3139,16.3139,16.3139,16.3139,16.3139,16.83171,52.6363,16.3139,16.3139,16.3139,16.3139,16.3139,16.83171,16.3139,58.2198,16.3139,16.3139,16.83171,16.3139,16.83171,18.86166,16.83171,16.3139,16.3139,
18.86166,16.3139,16.3139,16.3139,16.3139,16.3139,16.3139,16.3139,16.3139,16.3139,16.3139,16.83171,88.09449,16.3139,16.83171,16.3139,16.3139,16.3139,16.3139,18.86166,16.3139,16.3139,16.3139,16.3139,16.83171,16.3139,71.12251,16.3139,16.83171,16.83171,
18.86166,18.86166,16.3139,16.3139,16.3139,18.86166,16.3139,16.3139,16.3139,56.59652,16.3139,16.3139,16.3139,16.3139,16.3139,16.3139,16.3139,16.3139,16.3139,16.3139,18.86166,16.3139,16.3139,16.3139,16.3139,16.3139,16.3139,16.83171,16.3139,16.3139,
18.86166,18.86166,16.3139,16.3139,18.86166,16.3139,18.86166,18.86166,16.3139,16.3139,56.59652,16.3139,16.3139,16.3139,16.3139,18.86166,16.3139,18.86166,18.86166,16.3139,16.3139,16.3139,18.86166,16.3139,16.3139,16.3139,16.3139,16.3139,18.86166,16.3139,
18.86166,18.86166,35.39367,98.68812,16.3139,16.3139,18.86166,16.3139,16.3139,18.86166,16.3139,18.86166,18.86166,18.86166,16.3139,18.86166,18.86166,18.86166,26.70713,16.3139,18.86166,16.3139,16.3139,18.86166,18.86166,16.3139,16.3139,16.3139,18.86166,16.3139,
18.86166,18.86166,18.86166,98.86543,18.86166,18.86166,98.68812,18.86166,18.86166,18.86166,18.86166,18.86166,16.3139,18.86166,16.3139,18.86166,16.3139,18.86166,18.86166,42.31755,16.3139,16.3139,18.86166,18.86166,16.3139,16.3139,16.3139,18.86166,69.22601,18.86166,
18.86166,18.86166,18.86166,18.86166,18.86166,18.86166,18.86166,16.3139,18.86166,18.86166,18.86166,16.3139,16.3139,16.3139,18.86166,18.86166,98.68812,18.86166,18.86166,16.3139,18.86166,18.86166,18.86166,18.86166,18.86166,16.3139,18.86166,18.86166,18.86166,18.86166,
18.86166,18.86166,18.86166,18.86166,18.86166,18.86166,18.86166,18.86166,18.86166,18.86166,18.86166,18.86166,18.86166,18.86166,18.86166,18.86166,18.86166,16.3139,18.86166,18.86166,16.3139,18.86166,18.86166,18.86166,18.86166,18.86166,18.86166,16.3139,98.68812,18.86166,
18.86166,18.86166,18.86166,18.86166,18.86166,16.3139,18.86166,16.3139,18.86166,18.86166,18.86166,18.86166,18.86166,18.86166,18.86166,16.3139,18.86166,18.86166,18.86166,18.86166,16.3139,18.86166,18.86166,18.86166,16.3139,18.86166,18.86166,18.86166,27.54015,18.86166,
18.86166,18.86166,18.86166,18.86166,18.86166,18.86166,18.86166,18.86166,16.3139,16.3139,18.86166,18.86166,18.86166,16.3139,18.86166,18.86166,16.3139,18.86166,18.86166,18.86166,18.86166,18.86166,18.86166,18.86166,18.86166,18.86166,18.86166,18.86166,18.86166,18.86166,
18.86166,18.86166,63.78807,18.86166,18.86166,18.86166,16.3139,18.86166,18.86166,65.3289,18.86166,18.86166,18.86166,18.86166,18.86166,18.86166,18.86166,18.86166,18.86166,18.86166,18.86166,18.86166,18.86166,18.86166,16.3139,18.86166,18.86166,18.86166,18.86166,18.86166,
18.86166,18.86166,18.86166,18.86166,18.86166,18.86166,18.86166,28.55474,18.86166,18.86166,18.86166,18.86166,18.86166,80.92412,18.86166,18.86166,18.86166,18.86166,18.86166,18.86166,18.86166,18.86166,18.86166,18.86166,18.86166,18.86166,18.86166,18.86166,18.86166,18.86166,
18.86166,18.86166,18.86166,18.86166,18.86166,18.86166,18.86166,18.86166,80.59585,18.86166,18.86166,18.86166,18.86166,18.86166,18.86166,18.86166,18.86166,18.86166,18.86166,18.86166,18.86166,18.86166,18.86166,18.86166,18.86166,18.86166,18.86166,18.86166,18.86166,18.86166,
18.86166,18.86166,12.57058,18.86166,18.86166,18.86166,18.86166,18.86166,18.86166,18.86166,60.91702,18.86166,18.86166,18.86166,18.86166,18.86166,18.86166,18.86166,18.86166,18.86166,18.86166,18.86166,18.86166,20.48098,18.86166,18.86166,95.78764,18.86166,18.86166,18.86166,
20.48098,18.86166,18.86166,18.86166,18.86166,18.86166,18.86166,18.86166,18.86166,18.86166,18.86166,18.86166,18.86166,18.86166,18.86166,18.86166,37.88757,18.86166,18.86166,18.86166,36.61905,18.86166,18.86166,18.86166,18.86166,18.86166,18.86166,18.86166,18.86166,12.57058,
20.48098,18.86166,18.86166,18.86166,18.86166,18.86166,36.61905,18.86166,18.86166,18.86166,20.48098,18.86166,18.86166,18.86166,18.86166,18.86166,20.48098,20.48098,18.86166,18.86166,73.2603,18.86166,18.86166,18.86166,18.86166,62.9313,18.86166,37.88757,19.84182,18.86166,
19.84182,20.48098,18.86166,18.86166,18.86166,18.86166,18.86166,18.86166,18.86166,18.86166,18.86166,18.86166,18.86166,36.61905,18.86166,18.86166,18.86166,18.86166,18.86166,20.48098,18.86166,18.86166,20.48098,18.86166,18.86166,18.86166,18.86166,18.86166,53.94027,18.86166,
19.84182,20.48098,18.86166,18.86166,18.86166,18.86166,18.86166,18.86166,53.94027,20.48098,18.86166,18.86166,18.86166,20.48098,18.86166,18.86166,18.86166,18.86166,18.86166,18.86166,18.86166,18.86166,18.86166,18.86166,18.86166,18.86166,18.86166,18.86166,18.86166,20.48098,
19.84182,20.48098,18.86166,18.86166,18.86166,18.86166,20.48098,18.86166,18.86166,18.86166,18.86166,18.86166,18.86166,18.86166,18.86166,18.86166,18.86166,80.70523,18.86166,18.86166,18.86166,18.86166,18.86166,18.86166,20.48098,18.86166,18.86166,20.48098,20.48098,18.86166,
19.84182,20.48098,18.86166,20.48098,20.48098,20.48098,18.86166,20.48098,18.86166,18.86166,20.48098,20.48098,18.86166,59.73042,19.84182,20.48098,19.84182,18.86166,18.86166,19.84182,18.86166,20.48098,18.86166,18.86166,20.48098,18.86166,18.86166,20.48098,18.86166,18.86166,
19.84182,19.84182,20.48098,18.86166,20.48098,18.86166,19.84182,18.86166,20.48098,18.86166,19.84182,19.84182,18.86166,20.48098,18.86166,18.86166,18.86166,19.84182,18.86166,18.86166,18.86166,20.48098,20.48098,18.86166,20.48098,18.86166,67.10313,20.48098,20.48098,18.86166,
19.84182,19.84182,18.86166,20.48098,18.86166,67.10313,20.48098,20.48098,73.72789,19.84182,18.86166,18.86166,18.86166,20.48098,20.48098,72.06818,19.84182,20.48098,18.86166,19.84182,18.86166,18.86166,18.86166,19.84182,20.48098,20.48098,19.84182,18.86166,18.86166,20.48098,
19.84182,19.84182,67.10313,18.86166,20.48098,18.86166,18.86166,20.48098,18.86166,20.48098,18.86166,20.48098,18.86166,20.48098,20.48098,61.27571,20.48098,19.84182,18.86166,20.48098,20.48098,45.37253,18.86166,20.48098,19.84182,20.48098,19.84182,20.48098,20.48098,20.48098,
19.84182,19.84182,75.6226,20.48098,20.48098,18.86166,20.48098,20.48098,20.48098,19.84182,20.48098,20.48098,20.48098,18.86166,20.48098,19.84182,18.86166,20.48098,75.60056,20.48098,20.48098,20.48098,61.97305,18.86166,20.48098,18.86166,20.48098,18.86166,60.53953,20.48098,
19.84182,19.84182,20.48098,19.84182,20.48098,19.84182,20.48098,20.48098,20.48098,34.96775,19.84182,18.86166,20.48098,18.86166,19.84182,19.84182,20.48098,20.48098,20.48098,20.48098,18.86166,20.48098,20.48098,18.86166,19.84182,19.84182,20.48098,20.48098,19.84182,71.58253,
19.84182,19.84182,18.86166,71.58253,20.48098,18.86166,20.48098,20.48098,84.86473,19.84182,19.84182,19.84182,19.84182,20.48098,19.84182,34.96775,20.48098,19.84182,20.48098,19.84182,20.48098,19.84182,19.84182,20.48098,20.48098,18.86166,18.86166,19.84182,20.48098,19.84182,
19.84182,19.84182,19.84182,19.84182,19.84182,20.48098,19.84182,19.84182,19.84182,19.84182,19.84182,18.86166,19.84182,20.48098,20.48098,20.48098,19.84182,20.48098,20.48098,20.64322,20.48098,19.84182,20.48098,19.84182,20.48098,20.48098,19.84182,19.84182,19.84182,19.84182,
19.84182,19.84182,19.84182,19.84182,19.84182,20.48098,19.84182,19.84182,20.48098,20.48098,19.84182,19.84182,19.84182,19.84182,45.72029,19.84182,18.86166,19.84182,19.84182,19.84182,19.84182,19.84182,19.84182,19.84182,19.84182,19.84182,19.84182,19.84182,20.48098,19.84182,
19.84182,19.84182,19.84182,20.48098,19.84182,19.84182,19.84182,20.48098,19.84182,19.84182,19.84182,19.84182,19.84182,19.84182,19.84182,19.84182,19.84182,19.84182,19.84182,19.84182,19.84182,19.84182,19.84182,19.84182,20.48098,63.93215,19.84182,19.84182,19.84182,19.84182,
19.84182,19.84182,19.84182,39.26998,19.84182,19.84182,19.84182,19.84182,19.84182,19.84182,19.84182,19.84182,19.84182,19.84182,19.84182,20.48098,19.84182,19.84182,19.84182,19.84182,19.84182,19.84182,19.84182,19.84182,19.84182,19.84182,19.84182,20.48098,19.84182,19.84182,
19.84182,19.84182,19.84182,19.84182,48.27961,19.84182,19.84182,19.84182,19.84182,19.84182,19.84182,19.84182,19.84182,19.84182,19.84182,20.48098,19.84182,20.48098,19.84182,46.25631,20.48098,47.26611,19.84182,20.48098,19.84182,19.84182,20.48098,19.84182,19.84182,20.48098,
19.84182,19.84182,19.84182,19.84182,20.48098,19.84182,20.48098,19.84182,19.84182,19.84182,19.84182,54.34772,19.84182,46.25631,20.48098,19.84182,19.84182,20.48098,19.84182,19.84182,19.84182,19.84182,19.84182,19.84182,20.48098,19.84182,19.84182,19.84182,19.84182,19.84182,
19.84182,19.84182,19.84182,19.84182,20.48098,19.84182,19.84182,19.84182,19.84182,19.84182,19.84182,45.70734,19.84182,19.84182,19.84182,20.48098,19.84182,19.84182,20.48098,19.84182,15.29598,20.48098,20.48098,19.84182,19.84182,19.84182,19.84182,19.84182,20.48098,19.84182,
19.84182,19.84182,19.84182,19.84182,19.84182,19.84182,19.84182,19.84182,20.48098,19.84182,19.84182,19.84182,19.84182,19.84182,20.48098,19.84182,20.48098,19.84182,19.84182,19.84182,19.84182,19.84182,19.84182,19.84182,19.84182,20.48098,19.84182,19.84182,20.48098,19.84182,
19.84182,19.84182,20.48098,19.84182,19.84182,19.84182,19.84182,20.48098,19.84182,19.84182,19.84182,19.84182,19.84182,19.84182,19.84182,19.84182,19.84182,19.84182,19.84182,19.84182,19.84182,20.48098,19.84182,19.84182,19.84182,19.84182,19.84182,19.84182,19.84182,19.84182,
19.84182,19.84182,19.84182,19.84182,19.84182,19.84182,19.84182,19.84182,19.84182,19.84182,19.84182,19.84182,19.84182,19.84182,19.84182,29.3107,19.84182,19.84182,19.84182,19.84182,20.48098,19.84182,19.84182,19.84182,19.84182,19.84182,19.84182,19.84182,19.84182,19.84182,
19.84182,19.84182,19.84182,19.84182,19.84182,19.84182,19.84182,19.84182,19.84182,19.84182,19.84182,20.48098,19.84182,19.84182,19.84182,19.84182,19.84182,52.83022,19.84182,19.84182,19.84182,19.84182,29.3107,19.84182,19.84182,19.84182,19.84182,79.96804,19.84182,19.84182,
19.84182,19.84182,19.84182,19.84182,19.84182,19.84182,19.84182,19.84182,19.84182,19.84182,19.84182,19.84182,19.84182,19.84182,19.84182,19.84182,19.84182,19.84182,19.84182,19.84182,97.34612,19.84182,19.84182,19.84182,19.84182,19.84182,19.84182,14.36282,19.84182,19.84182,
19.84182,19.84182,19.84182,19.84182,19.84182,19.84182,19.84182,19.84182,19.84182,19.84182,19.84182,19.84182,19.84182,19.84182,19.84182,19.84182,19.84182,19.84182,19.84182,19.84182,19.84182,19.84182,19.84182,19.84182,19.84182,19.84182,19.84182,19.84182,19.84182,19.84182,
19.84182,19.84182,19.84182,75.12856,19.84182,19.84182,19.84182,19.84182,19.84182,19.84182,19.84182,19.84182,19.84182,19.84182,19.84182,19.84182,19.84182,19.84182,19.84182,19.84182,19.84182,10.57216,19.84182,19.84182,19.84182,19.84182,19.84182,19.84182,19.84182,19.84182,
19.84182,19.84182,19.84182,19.84182,19.84182,19.84182,19.84182,19.84182,19.84182,19.84182,19.84182,19.84182,19.84182,19.84182,19.84182,19.84182,19.84182,19.84182,19.84182,19.84182,53.36856,19.84182,19.84182,19.84182,87.80117,72.59223,19.84182,19.84182,19.84182,19.84182,
19.84182,19.84182,19.84182,19.84182,19.84182,19.84182,19.84182,19.84182,19.84182,19.84182,19.84182,19.84182,19.84182,19.84182,19.84182,19.84182,19.84182,19.84182,19.84182,19.84182,19.84182,19.84182,19.84182,19.84182,19.84182,19.84182,19.84182,19.84182,19.84182,19.84182,
19.84182,19.84182,19.84182,19.84182,19.84182,19.84182,19.84182,19.84182,19.84182,19.84182,19.84182,19.84182,19.84182,19.84182,19.84182,19.84182,19.84182,19.84182,19.84182,19.84182,19.84182,20.56013,19.84182,56.43969,19.84182,19.84182,19.84182,19.84182,19.84182,19.84182,
19.84182,19.84182,19.84182,19.84182,19.84182,19.84182,14.65127,19.84182,20.56013,19.84182,19.84182,19.84182,19.84182,19.84182,19.84182,19.84182,42.34393,19.84182,19.84182,19.84182,19.84182,19.84182,19.84182,19.84182,19.84182,19.84182,19.84182,19.84182,19.84182,19.84182,
19.84182,19.84182,19.84182,83.28905,92.39687,19.84182,19.84182,19.84182,19.84182,19.84182,19.84182,19.84182,19.84182,95.5834,19.84182,19.84182,19.84182,19.84182,31.09697,19.84182,19.84182,19.84182,19.84182,19.84182,19.84182,19.84182,19.84182,19.84182,19.84182,84.16281,
19.84182,19.84182,19.84182,19.84182,19.84182,19.84182,19.84182,19.84182,19.84182,19.84182,19.84182,19.84182,19.84182,19.84182,19.84182,19.84182,19.84182,19.84182,19.84182,19.84182,19.84182,19.84182,19.84182,19.84182,19.84182,19.84182,19.84182,19.84182,19.84182,19.84182,
19.84182,19.84182,19.84182,19.84182,19.84182,19.84182,19.84182,19.84182,19.84182,19.84182,79.06661,19.84182,19.84182,19.84182,19.84182,19.84182,19.84182,19.84182,19.84182,19.84182,19.84182,19.84182,19.84182,19.84182,19.84182,19.84182,19.84182,19.84182,19.84182,19.84182,
19.84182,19.84182,19.84182,19.84182,19.84182,19.84182,19.84182,19.84182,19.84182,19.84182,19.84182,19.84182,19.84182,19.84182,19.84182,19.84182,19.84182,19.84182,19.84182,50.88426,19.84182,19.84182,19.84182,70.95455,19.84182,19.84182,19.84182,19.84182,19.84182,19.84182,
19.84182,19.84182,19.84182,19.84182,19.84182,19.84182,19.84182,19.84182,19.84182,19.84182,19.84182,19.84182,19.84182,19.84182,19.84182,19.84182,19.84182,19.84182,97.29486,19.84182,19.84182,19.84182,19.84182,19.84182,19.84182,19.84182,70.95455,19.84182,19.84182,19.84182,
19.84182,19.84182,19.84182,19.84182,19.84182,19.84182,19.84182,19.84182,19.84182,77.62859,19.84182,19.84182,19.84182,19.84182,19.84182,19.84182,19.84182,19.84182,19.84182,19.84182,19.84182,19.84182,19.84182,19.84182,19.84182,19.84182,19.84182,19.84182,19.84182,19.84182,
19.84182,19.84182,19.84182,19.84182,19.84182,19.84182,19.84182,19.84182,19.84182,19.84182,19.84182,19.84182,19.84182,19.84182,19.84182,19.84182,19.84182,19.84182,19.84182,19.84182,19.84182,19.84182,19.84182,19.84182,19.84182,19.84182,19.84182,19.84182,19.84182,19.84182,
19.84182,19.84182,19.84182,19.84182,19.84182,19.84182,19.84182,19.84182,19.84182,19.84182,19.84182,19.84182,19.84182,19.84182,19.84182,19.84182,19.84182,19.84182,19.84182,19.84182,19.84182,19.84182,86.08453,19.84182,19.84182,19.84182,19.84182,19.84182,19.84182,19.84182,
19.84182,19.84182,19.84182,19.84182,19.84182,19.84182,19.84182,19.84182,19.84182,19.84182,19.84182,19.84182,19.84182,19.84182,19.84182,19.84182,73.4666,19.84182,19.84182,19.84182,19.84182,19.84182,19.84182,19.84182,19.84182,19.84182,19.84182,19.84182,19.84182,19.84182,
19.84182,19.84182,19.84182,19.84182,19.84182,19.84182,19.84182,19.84182,19.84182,19.84182,19.84182,19.84182,19.84182,19.84182,19.84182,19.84182,56.85253,19.84182,19.84182,19.84182,19.84182,19.84182,19.84182,19.84182,19.84182,19.84182,19.84182,19.84182,19.84182,19.84182,
19.84182,19.84182,19.84182,19.84182,19.84182,19.84182,19.84182,19.84182,19.84182,19.84182,19.84182,19.84182,19.84182,19.84182,19.84182,19.84182,19.84182,19.84182,19.84182,19.84182,19.84182,19.84182,19.84182,19.84182,19.84182,19.84182,19.84182,19.84182,19.84182,19.84182,
19.84182,19.84182,72.18906,19.84182,19.84182,19.84182,19.84182,19.84182,19.84182,19.84182,19.84182,97.77149,19.84182,19.84182,19.84182,19.84182,19.84182,19.84182,19.84182,19.84182,19.84182,19.84182,19.84182,19.84182,19.84182,19.84182,19.84182,19.84182,19.84182,19.84182,
19.84182,19.84182,19.84182,19.84182,19.84182,19.84182,19.84182,19.84182,19.84182,19.84182,19.84182,19.84182,19.84182,19.84182,19.84182,19.84182,19.84182,19.84182,19.84182,19.84182,19.84182,19.84182,19.84182,19.84182,19.84182,19.84182,19.84182,19.84182,19.84182,19.84182,
19.84182,19.84182,19.84182,19.84182,19.84182,19.84182,19.84182,77.55087,19.84182,19.84182,19.84182,19.84182,19.84182,19.84182,19.84182,19.84182,19.84182,19.84182,19.84182,19.84182,19.84182,19.84182,19.84182,19.84182,19.84182,19.84182,19.84182,19.84182,19.84182,19.84182,
19.84182,19.84182,19.84182,19.84182,19.84182,19.84182,19.84182,19.84182,19.84182,19.84182,19.84182,19.84182,19.84182,19.84182,19.84182,19.84182,19.84182,19.84182,19.84182,19.84182,19.84182,19.84182,19.84182,19.84182,19.84182,19.84182,19.84182,19.84182,19.84182,19.84182,
19.84182,19.84182,19.84182,66.40608,19.84182,85.48457,19.84182,19.84182,19.84182,19.84182,19.84182,19.84182,19.84182,19.84182,19.84182,19.84182,19.84182,19.84182,19.84182,19.84182,19.84182,19.84182,19.84182,19.84182,19.84182,19.84182,19.84182,19.84182,19.84182,19.84182,
19.84182,19.84182,19.84182,19.84182,19.84182,19.84182,19.84182,19.84182,19.84182,19.84182,19.84182,19.84182,19.84182,19.84182,19.84182,37.39659,19.84182,19.84182,19.84182,19.84182,19.84182,19.84182,19.84182,19.84182,19.84182,47.98358,19.84182,19.84182,19.84182,19.84182,
19.84182,19.84182,19.84182,19.84182,19.84182,19.84182,19.84182,19.84182,19.84182,19.84182,46.91071,19.84182,19.84182,19.84182,19.84182,19.84182,19.84182,19.84182,19.84182,19.84182,19.84182,19.84182,68.47382,19.84182,19.84182,19.84182,19.84182,19.84182,19.84182,19.84182,
19.84182,19.84182,46.91071,19.84182,19.84182,19.84182,19.84182,19.84182,19.84182,19.84182,19.84182,19.84182,19.84182,25.6051,19.84182,19.84182,19.84182,19.84182,19.84182,19.84182,19.84182,19.84182,19.84182,19.84182,19.84182,19.84182,19.84182,19.84182,19.84182,19.84182,
19.84182,19.84182,19.84182,50.09767,19.84182,39.73991,19.84182,19.84182,19.84182,19.84182,19.84182,19.84182,25.6051,19.84182,19.84182,19.84182,19.84182,19.84182,19.84182,19.84182,19.84182,19.84182,19.84182,19.84182,19.84182,19.84182,19.84182,19.84182,28.56287,19.84182,
19.84182,19.84182,19.84182,19.84182,19.84182,28.56287,19.84182,19.84182,19.84182,19.84182,19.84182,19.84182,19.84182,19.84182,19.84182,19.84182,19.84182,39.73991,50.42471,19.84182,19.84182,19.84182,19.84182,19.84182,19.84182,19.84182,19.84182,19.84182,19.84182,19.84182,
19.84182,19.84182,19.84182,19.84182,82.50752,19.84182,19.84182,19.84182,19.84182,19.84182,19.84182,19.84182,19.84182,19.84182,58.562,19.84182,19.84182,19.78711,19.84182,50.42471,19.84182,19.84182,19.84182,19.84182,19.84182,19.84182,29.12873,19.84182,19.84182,19.84182,
19.84182,19.84182,19.78711,19.78711,19.84182,19.84182,19.84182,19.84182,19.84182,19.84182,19.84182,19.84182,19.84182,19.84182,19.84182,19.84182,19.84182,19.84182,19.84182,19.84182,19.84182,50.42471,19.84182,19.84182,19.84182,82.50752,19.84182,19.84182,19.84182,29.12873,
19.84182,19.84182,19.84182,19.84182,19.84182,19.84182,19.84182,19.84182,29.12873,19.84182,19.84182,19.84182,19.84182,19.84182,19.84182,19.84182,19.84182,19.84182,19.84182,19.84182,72.30906,19.84182,19.84182,19.78711,19.84182,19.84182,19.84182,19.84182,19.84182,19.84182,
19.84182,19.84182,19.84182,19.84182,19.84182,19.84182,19.84182,19.84182,19.84182,19.84182,19.84182,31.6998,19.84182,19.84182,19.84182,72.30906,19.84182,19.84182,19.84182,19.84182,19.84182,19.84182,19.84182,19.84182,19.84182,19.78711,19.78711,19.84182,31.60865,19.84182,
19.84182,19.84182,19.84182,19.84182,19.84182,19.84182,19.84182,19.84182,19.84182,19.78711,19.84182,19.84182,52.57659,19.84182,19.84182,19.84182,19.84182,15.50267,19.84182,19.84182,19.84182,19.84182,19.84182,19.84182,19.84182,19.84182,21.24967,19.78711,19.84182,19.84182,
19.84182,19.84182,19.84182,19.84182,21.24967,19.84182,19.84182,19.84182,19.84182,19.84182,19.84182,19.84182,19.78711,21.24967,32.41187,19.84182,19.84182,19.84182,19.84182,19.84182,19.84182,19.84182,19.84182,19.84182,19.84182,19.84182,19.84182,19.84182,19.84182,19.84182,
19.84182,19.84182,19.84182,19.84182,19.84182,19.84182,19.84182,78.98685,19.84182,19.78711,19.84182,19.84182,21.24967,19.84182,19.84182,19.84182,19.84182,19.84182,19.84182,19.78711,19.78711,19.84182,19.84182,19.84182,19.84182,19.84182,89.07369,19.84182,19.84182,19.84182,
19.84182,19.84182,19.84182,59.70938,19.84182,19.84182,19.84182,19.84182,19.84182,19.84182,19.84182,19.84182,19.84182,19.84182,19.84182,19.84182,19.84182,19.84182,38.43684,19.84182,76.60224,19.84182,19.84182,19.84182,19.84182,19.84182,19.84182,19.84182,19.84182,19.84182,
19.84182,19.84182,19.84182,19.84182,19.84182,19.84182,19.84182,19.84182,19.84182,19.84182,19.84182,19.84182,19.84182,19.84182,19.84182,96.72001,19.84182,19.84182,19.84182,19.84182,19.84182,19.84182,19.84182,19.84182,19.84182,19.84182,19.84182,79.52605,19.84182,19.84182,
19.84182,19.84182,19.84182,19.84182,19.84182,19.84182,19.84182,19.84182,19.84182,96.72001,19.84182,19.84182,19.84182,19.84182,19.84182,19.84182,88.93136,19.84182,19.84182,19.84182,19.84182,19.84182,19.84182,19.84182,19.84182,19.84182,19.84182,19.84182,19.84182,19.84182,
19.84182,19.84182,19.84182,87.33884,19.84182,19.84182,19.84182,19.84182,19.84182,19.84182,19.84182,19.84182,19.84182,19.84182,19.84182,19.84182,19.84182,19.84182,19.84182,19.84182,19.84182,19.84182,19.84182,19.84182,19.84182,19.84182,19.84182,19.84182,19.84182,19.84182,
19.84182,19.84182,19.84182,19.84182,19.84182,19.84182,19.84182,19.84182,19.84182,19.84182,19.84182,19.84182,19.84182,19.84182,19.84182,19.84182,19.84182,19.84182,19.84182,19.84182,73.31194,19.84182,19.84182,19.84182,19.84182,19.84182,19.84182,19.84182,44.35025,19.84182,
19.84182,19.84182,19.84182,44.35025,19.84182,19.84182,19.84182,19.84182,19.84182,19.84182,19.84182,19.84182,19.84182,19.84182,19.84182,19.84182,19.84182,19.84182,19.84182,19.84182,19.84182,19.84182,19.84182,19.84182,19.84182,19.84182,19.84182,19.84182,19.84182,19.84182,
19.84182,19.84182,19.84182,19.84182,19.84182,19.84182,19.84182,19.84182,19.84182,19.84182,19.84182,19.84182,19.84182,19.84182,19.84182,19.84182,19.84182,19.84182,19.84182,19.84182,19.84182,19.84182,19.84182,19.84182,19.84182,19.84182,19.84182,95.62321,19.84182,19.84182,
19.84182,19.84182,19.84182,19.84182,19.84182,19.84182,19.84182,19.84182,19.84182,19.84182,19.84182,19.84182,19.84182,19.84182,19.84182,19.84182,19.84182,19.84182,19.84182,19.84182,19.84182,19.84182,19.84182,19.84182,19.84182,19.84182,19.84182,19.84182,19.84182,19.84182,
19.84182,19.84182,19.84182,19.84182,19.84182,19.84182,19.84182,19.84182,19.84182,19.84182,19.84182,19.84182,19.84182,19.84182,19.84182,19.84182,19.84182,19.84182,19.84182,19.84182,19.84182,19.84182,19.84182,19.84182,19.84182,19.84182,19.84182,19.84182,19.84182,19.84182,
19.84182,19.84182,19.84182,19.84182,28.21835,19.84182,19.84182,19.84182,19.84182,19.84182,19.84182,19.84182,19.84182,67.80505,19.84182,19.84182,19.84182,19.84182,19.84182,19.84182,19.84182,19.84182,19.84182,19.84182,19.84182,19.84182,63.06831,19.84182,19.84182,19.84182,
19.84182,19.84182,19.84182,19.84182,19.84182,19.84182,19.84182,19.84182,19.84182,19.84182,19.84182,19.84182,19.84182,19.84182,19.84182,19.84182,19.84182,19.84182,19.84182,24.0814,19.84182,19.84182,19.84182,19.84182,19.84182,19.84182,19.84182,19.84182,19.84182,19.84182,
19.84182,19.84182,19.84182,19.84182,19.84182,19.84182,19.84182,19.84182,19.84182,19.84182,19.84182,19.84182,19.84182,19.84182,19.84182,19.84182,19.84182,19.84182,19.84182,68.74105,19.84182,19.84182,19.84182,19.84182,19.84182,19.84182,19.84182,19.84182,19.84182,19.84182,
19.84182,19.84182,19.84182,19.84182,19.84182,19.84182,19.84182,19.84182,19.84182,19.84182,19.84182,19.84182,19.84182,19.84182,19.84182,19.84182,19.84182,19.84182,19.84182,19.84182,19.84182,19.84182,19.84182,19.84182,19.84182,19.84182,19.84182,19.84182,19.84182,19.84182,
19.84182,19.84182,19.84182,19.84182,46.8517,19.84182,19.84182,19.84182,19.84182,28.50533,19.84182,19.84182,19.84182,19.84182,19.84182,19.84182,19.84182,19.84182,19.84182,97.49871,19.84182,19.84182,19.84182,19.84182,19.84182,19.84182,19.84182,19.84182,19.84182,19.84182,
19.84182,19.84182,19.84182,19.84182,19.84182,19.84182,19.84182,19.84182,19.84182,19.84182,19.84182,19.84182,19.84182,19.84182,19.84182,19.84182,19.84182,19.84182,19.84182,19.84182,19.84182,19.84182,19.84182,19.84182,19.84182,19.84182,19.84182,19.84182,19.84182,19.84182,
19.84182,19.84182,19.84182,19.84182,19.84182,19.84182,19.84182,19.84182,19.84182,19.84182,19.84182,53.19704,19.84182,19.84182,19.84182,19.84182,19.84182,19.84182,19.84182,19.84182,19.84182,19.84182,19.84182,19.84182,19.84182,19.84182,19.84182,19.84182,19.84182,19.84182,
19.84182,19.84182,19.84182,19.84182,19.84182,19.84182,19.84182,19.84182,19.84182,19.84182,19.84182,19.84182,19.84182,19.84182,19.84182,19.84182,19.84182,19.84182,19.84182,19.84182,19.84182,19.84182,61.74015,19.84182,19.84182,19.84182,76.86775,19.84182,19.84182,19.84182,
19.84182,19.84182,19.84182,19.84182,19.84182,86.0836,19.84182,19.84182,19.84182,19.84182,19.84182,19.84182,19.84182,19.84182,19.84182,19.84182,19.84182,19.84182,19.84182,61.74015,19.84182,19.84182,19.84182,19.84182,19.84182,19.84182,19.84182,19.84182,19.84182,19.84182,
19.84182,19.84182,19.84182,19.84182,19.84182,19.84182,19.84182,19.84182,19.84182,13.8938,77.33096,19.84182,19.84182,19.84182,19.84182,19.84182,86.0836,19.84182,19.84182,19.84182,19.84182,19.84182,19.84182,19.84182,34.67478,19.84182,19.84182,19.84182,19.84182,19.84182,
19.84182,19.84182,19.84182,19.84182,19.84182,19.84182,19.84182,19.84182,19.84182,19.84182,19.84182,19.84182,19.84182,19.84182,19.84182,85.25935,12.85587,19.84182,19.84182,19.84182,48.32637,19.84182,19.84182,19.84182,19.84182,19.84182,19.84182,19.84182,19.84182,19.84182,
19.84182,19.84182,19.84182,19.84182,19.84182,19.84182,19.84182,19.84182,93.03596,19.84182,19.84182,19.84182,19.84182,96.25355,19.84182,19.84182,19.84182,19.84182,48.32637,19.84182,82.39803,19.84182,19.84182,19.84182,19.84182,19.84182,19.84182,19.84182,19.84182,19.84182,
19.84182,19.84182,19.84182,19.84182,19.84182,19.84182,19.84182,19.84182,19.84182,19.84182,19.84182,19.84182,19.84182,19.84182,19.84182,19.84182,19.84182,19.84182,19.84182,19.84182,19.84182,19.84182,19.84182,19.84182,19.84182,19.84182,19.84182,19.84182,19.84182,19.84182,
19.84182,19.84182,19.84182,19.84182,19.84182,19.84182,19.84182,20.2917,19.84182,19.84182,19.84182,19.84182,19.84182,19.84182,19.84182,19.84182,19.84182,19.84182,19.84182,19.84182,19.84182,19.84182,19.84182,19.84182,19.84182,19.84182,19.84182,19.84182,19.84182,19.84182,
19.84182,19.84182,19.84182,19.84182,19.84182,19.84182,19.84182,19.84182,19.84182,63.76516,19.84182,19.84182,19.84182,19.84182,19.84182,19.84182,19.84182,10.80046,19.84182,19.84182,19.84182,19.84182,19.84182,19.84182,19.84182,19.84182,19.84182,20.2917,97.25477,19.84182,
19.84182,19.84182,19.84182,19.84182,19.84182,19.84182,19.84182,19.84182,19.84182,94.85195,19.84182,19.84182,23.9507,19.84182,19.84182,43.10099,19.84182,19.84182,19.84182,19.84182,19.84182,75.13281,19.84182,19.84182,19.84182,19.84182,19.84182,19.84182,19.84182,43.65313,
19.84182,19.84182,23.9507,19.84182,19.84182,19.84182,19.84182,19.84182,19.84182,19.84182,19.84182,19.84182,19.84182,19.84182,23.9507,19.84182,19.84182,19.84182,19.84182,19.84182,19.84182,19.84182,40.98427,19.84182,19.84182,19.84182,19.84182,19.84182,19.84182,19.84182,
19.84182,19.84182,19.84182,19.84182,19.84182,23.9507,19.84182,19.84182,23.9507,19.84182,23.9507,19.84182,19.84182,19.84182,19.84182,19.84182,19.84182,19.84182,19.84182,19.84182,19.84182,19.84182,19.84182,19.84182,19.84182,19.84182,19.84182,19.84182,19.84182,19.84182,
19.84182,19.84182,19.84182,19.84182,19.84182,19.84182,19.84182,19.84182,19.84182,19.84182,95.28773,19.84182,19.84182,19.84182,19.84182,19.84182,19.84182,19.84182,23.9507,19.84182,19.84182,19.84182,19.84182,19.84182,19.84182,94.59192,19.84182,19.84182,19.84182,19.84182,
19.84182,19.84182,19.84182,19.84182,19.84182,19.84182,19.84182,19.84182,17.08709,19.84182,23.9507,19.84182,19.84182,19.84182,19.84182,19.84182,19.84182,19.84182,19.84182,23.9507,19.84182,19.84182,19.84182,19.84182,19.84182,19.84182,19.84182,19.84182,19.84182,19.84182,
19.84182,19.84182,19.84182,19.84182,19.84182,31.83914,19.84182,19.84182,19.84182,19.84182,19.84182,19.84182,19.84182,23.9507,19.84182,19.84182,19.84182,19.84182,19.84182,19.84182,17.08709,19.84182,19.84182,19.84182,16.77977,19.84182,19.84182,19.84182,19.84182,19.84182,
19.84182,19.84182,19.84182,19.84182,19.84182,19.84182,19.84182,19.84182,95.3254,19.84182,19.84182,19.84182,19.84182,19.84182,19.84182,19.84182,19.84182,19.84182,19.84182,19.84182,19.84182,19.84182,19.84182,19.84182,19.84182,19.84182,23.9507,19.84182,19.84182,19.84182,
19.84182,19.84182,19.84182,91.40315,19.84182,19.84182,19.84182,19.84182,19.84182,19.84182,19.84182,19.84182,19.84182,19.84182,19.84182,19.84182,19.84182,19.84182,19.84182,82.50171,43.40094,19.84182,20.16691,19.84182,38.41445,19.84182,19.84182,19.84182,19.84182,19.84182,
19.84182,19.84182,19.84182,19.84182,19.84182,19.84182,19.84182,19.84182,19.84182,19.84182,19.84182,19.84182,19.84182,19.84182,19.84182,19.84182,19.84182,19.84182,19.84182,19.84182,19.84182,19.84182,19.84182,19.84182,19.84182,19.84182,19.84182,19.84182,19.84182,19.84182,
19.84182,19.84182,19.84182,19.84182,19.84182,19.84182,19.84182,19.84182,19.84182,19.84182,19.84182,19.84182,19.84182,19.84182,19.84182,19.84182,19.84182,19.84182,19.84182,19.84182,19.84182,19.84182,19.84182,19.84182,19.84182,19.84182,19.84182,19.84182,19.84182,44.22762,
19.84182,19.84182,19.84182,19.84182,19.84182,19.84182,19.84182,19.84182,19.84182,19.84182,19.84182,19.84182,47.97301,19.84182,19.84182,19.84182,19.84182,19.84182,19.84182,19.84182,19.84182,19.84182,19.84182,19.84182,19.84182,19.84182,19.84182,19.84182,19.84182,19.84182,
19.84182,19.84182,19.84182,19.84182,19.84182,19.84182,19.84182,19.84182,19.84182,19.84182,19.84182,19.84182,19.84182,19.84182,19.84182,19.84182,19.84182,19.84182,19.84182,19.84182,19.84182,19.84182,19.84182,19.84182,19.84182,19.84182,19.84182,19.84182,19.84182,19.84182,
19.84182,19.84182,19.84182,63.92069,19.84182,19.84182,19.84182,19.84182,19.84182,19.84182,19.84182,19.84182,19.84182,19.84182,19.84182,19.84182,19.84182,60.93717,19.84182,19.84182,19.84182,34.35765,19.84182,19.84182,19.84182,19.84182,19.84182,19.84182,19.84182,19.84182,
19.84182,19.84182,19.84182,19.84182,19.84182,19.84182,19.84182,19.84182,19.84182,19.84182,19.84182,59.33104,19.84182,19.84182,19.84182,26.86981,19.84182,19.84182,19.84182,19.84182,19.84182,19.84182,19.84182,21.98737,19.84182,19.84182,19.84182,19.84182,19.84182,19.84182,
19.84182,19.84182,19.84182,19.84182,19.84182,19.84182,19.84182,19.84182,19.84182,19.84182,19.84182,19.84182,19.84182,19.84182,19.84182,19.84182,19.84182,19.84182,19.84182,19.84182,19.84182,19.84182,19.84182,19.84182,21.98737,19.84182,19.84182,19.84182,19.84182,19.84182,
19.84182,19.84182,21.98737,19.84182,19.84182,19.84182,19.84182,19.84182,61.39901,19.84182,19.84182,19.84182,19.84182,19.84182,19.84182,19.84182,19.84182,19.84182,19.84182,19.84182,19.84182,19.84182,19.84182,19.84182,19.84182,19.84182,19.84182,19.84182,19.84182,19.84182,
19.84182,19.84182,61.70625,19.84182,19.84182,19.84182,19.84182,40.64715,19.84182,19.84182,19.84182,72.92467,19.84182,19.84182,19.84182,19.84182,19.84182,19.84182,21.98737,19.84182,19.84182,19.84182,19.84182,19.84182,21.98737,19.84182,19.84182,19.84182,19.84182,19.84182,
19.84182,19.84182,21.98737,19.84182,19.84182,19.84182,19.84182,19.84182,19.84182,19.84182,19.84182,19.84182,19.84182,19.84182,19.84182,19.84182,19.84182,19.84182,19.84182,19.84182,19.84182,19.84182,45.23565,19.84182,19.84182,19.84182,21.98737,19.84182,72.92467,19.84182,
19.84182,19.84182,19.84182,19.84182,19.84182,19.84182,85.97379,19.84182,19.84182,21.98737,19.84182,19.84182,19.84182,21.98737,19.84182,19.84182,19.84182,62.5606,19.84182,19.84182,19.84182,19.84182,19.84182,19.84182,19.84182,19.84182,19.84182,21.98737,19.84182,19.84182,
19.84182,19.84182,19.84182,19.84182,19.84182,19.84182,19.84182,19.84182,19.84182,19.84182,19.84182,19.84182,19.84182,19.84182,19.84182,19.84182,19.84182,96.67743,19.84182,19.84182,19.84182,19.84182,19.84182,19.84182,19.84182,21.98737,19.84182,19.84182,19.84182,19.84182,
19.84182,19.84182,19.84182,19.84182,19.84182,19.84182,19.84182,19.84182,19.84182,19.84182,19.84182,19.84182,19.84182,19.84182,19.84182,19.84182,19.84182,19.84182,19.84182,19.84182,19.84182,19.84182,19.84182,44.93537,19.84182,19.84182,19.84182,19.84182,19.84182,19.84182,
19.84182,19.84182,19.84182,19.84182,49.55667,19.84182,19.84182,19.84182,19.84182,19.84182,19.84182,19.84182,19.84182,19.84182,19.84182,19.84182,19.84182,19.84182,19.84182,19.84182,19.84182,19.84182,19.84182,19.84182,46.94159,19.84182,19.84182,19.84182,19.84182,85.11012,
19.84182,19.84182,78.92244,19.84182,19.84182,19.84182,19.84182,19.84182,19.84182,19.84182,19.84182,19.84182,19.84182,19.84182,19.84182,19.84182,19.84182,19.84182,19.84182,19.84182,19.84182,19.84182,19.84182,19.84182,19.84182,19.84182,19.84182,92.03185,19.84182,76.07108,
19.84182,19.84182,19.84182,19.84182,19.84182,19.84182,52.14906,19.84182,19.84182,19.84182,19.84182,19.84182,19.84182,19.84182,19.84182,19.84182,19.84182,19.84182,19.84182,19.84182,20.55298,19.84182,19.84182,19.84182,19.84182,76.07108,19.84182,19.84182,19.84182,19.84182,
19.84182,19.84182,19.84182,19.84182,19.84182,19.84182,19.84182,19.84182,19.84182,19.84182,19.84182,19.84182,19.84182,19.84182,19.84182,19.84182,19.84182,19.84182,19.84182,19.84182,19.84182,19.84182,19.84182,19.84182,19.84182,19.84182,19.84182,19.84182,65.00455,19.84182,
19.84182,19.84182,19.84182,19.84182,19.84182,19.84182,19.84182,19.84182,19.84182,19.84182,19.84182,19.84182,98.61337,19.84182,19.84182,19.84182,19.84182,19.84182,19.84182,19.84182,19.84182,19.84182,19.84182,19.84182,19.84182,19.84182,19.84182,19.84182,19.84182,19.84182,
19.84182,19.84182,19.84182,19.84182,19.84182,19.84182,19.84182,19.84182,46.9744,19.84182,19.84182,19.84182,19.84182,19.84182,19.84182,19.84182,19.84182,19.84182,19.84182,19.84182,19.84182,19.84182,19.84182,19.84182,19.84182,19.84182,19.84182,19.84182,19.84182,19.84182,
19.84182,19.84182,19.84182,19.84182,19.84182,19.84182,19.84182,19.84182,19.84182,19.84182,19.84182,19.84182,19.84182,19.84182,19.84182,19.84182,43.07182,19.84182,19.84182,19.84182,19.84182,19.84182,19.84182,19.84182,19.84182,19.84182,19.84182,19.84182,19.84182,84.0039,
19.84182,19.84182,19.84182,19.84182,19.84182,19.84182,19.84182,19.84182,19.84182,19.84182,19.84182,19.84182,19.84182,19.84182,19.84182,19.84182,19.84182,19.84182,19.84182,19.84182,19.84182,19.84182,19.84182,19.84182,19.84182,19.84182,84.0039,19.84182,19.84182,19.84182,
19.84182,19.84182,19.84182,99.19571,19.84182,19.84182,19.84182,19.84182,19.84182,19.84182,19.84182,19.84182,19.84182,19.84182,19.84182,19.84182,19.84182,19.84182,55.40308,19.84182,19.84182,19.84182,19.84182,19.84182,19.84182,19.84182,19.84182,19.84182,19.84182,19.84182,
19.84182,19.84182,19.84182,19.84182,19.84182,19.84182,19.84182,19.84182,73.9659,19.84182,19.84182,19.84182,19.84182,19.84182,19.84182,19.84182,19.84182,85.51985,19.84182,19.84182,19.84182,19.84182,19.84182,19.84182,19.84182,19.84182,19.84182,19.84182,19.84182,21.53083,
19.84182,19.84182,19.84182,19.84182,19.84182,19.84182,19.84182,19.84182,19.84182,68.59917,19.84182,19.84182,19.84182,19.84182,19.84182,19.84182,19.84182,19.84182,19.84182,19.84182,19.84182,19.84182,19.84182,19.84182,19.84182,21.53083,19.84182,19.84182,19.84182,19.84182,
19.84182,19.84182,19.84182,19.84182,19.84182,19.84182,19.84182,19.84182,19.84182,19.84182,19.84182,19.84182,19.84182,19.84182,19.84182,19.84182,19.84182,74.15532,19.84182,21.53083,21.53083,19.84182,19.84182,21.53083,19.84182,42.44881,19.84182,19.84182,19.84182,19.84182,
19.84182,19.84182,19.84182,21.53083,19.84182,19.84182,19.84182,19.84182,19.84182,19.84182,19.84182,19.84182,19.84182,21.53083,19.84182,19.84182,19.84182,19.84182,19.84182,19.84182,19.84182,19.84182,19.84182,19.84182,21.53083,19.84182,19.84182,19.84182,19.84182,19.84182,
19.84182,19.84182,19.84182,19.84182,19.84182,19.84182,19.84182,19.84182,19.84182,19.84182,19.84182,19.84182,19.84182,19.84182,19.84182,19.84182,19.84182,19.84182,19.84182,21.53083,21.53083,19.84182,19.84182,19.84182,19.84182,19.84182,19.84182,19.84182,19.84182,19.84182,
19.84182,19.84182,21.53083,19.84182,19.84182,19.84182,19.84182,19.84182,21.53083,19.84182,19.84182,19.84182,12.64846,21.53083,19.84182,19.84182,19.84182,19.84182,19.84182,19.84182,19.84182,19.84182,19.84182,49.29262,19.84182,83.20201,19.84182,91.79848,19.84182,21.53083,
19.84182,19.84182,19.84182,19.84182,19.84182,19.84182,19.84182,19.84182,21.53083,21.53083,19.84182,92.81658,21.53083,19.84182,21.53083,19.84182,19.84182,19.84182,21.53083,19.84182,19.84182,19.84182,19.84182,48.04251,19.84182,19.84182,19.84182,19.84182,19.84182,19.84182,
19.84182,19.84182,19.84182,19.84182,21.53083,19.84182,19.84182,21.53083,19.84182,19.84182,19.84182,19.84182,19.84182,19.25093,19.84182,19.84182,19.84182,19.84182,19.84182,19.84182,19.84182,19.84182,19.84182,21.53083,19.84182,19.84182,19.84182,19.84182,19.84182,19.84182,
19.84182,19.25093,19.84182,19.84182,19.84182,19.84182,19.84182,27.8212,19.84182,21.53083,19.84182,19.84182,19.84182,19.84182,21.53083,19.84182,21.53083,21.53083,19.84182,19.84182,21.53083,62.68013,19.84182,19.84182,19.84182,19.84182,19.84182,19.84182,19.84182,19.84182,
19.84182,19.84182,19.84182,19.84182,19.84182,19.84182,19.84182,21.53083,19.84182,19.25093,21.53083,19.84182,21.53083,19.84182,81.44286,19.84182,19.84182,19.84182,19.84182,19.84182,19.84182,19.84182,94.8898,19.84182,19.84182,19.84182,19.84182,19.84182,19.25093,21.53083,
19.84182,19.84182,21.53083,19.84182,21.53083,19.84182,19.84182,19.25093,19.84182,94.06495,19.84182,19.84182,19.25093,19.84182,19.84182,19.84182,19.84182,21.53083,19.84182,19.84182,19.84182,21.53083,19.84182,21.53083,19.84182,19.84182,19.84182,19.84182,19.84182,19.25093,
19.84182,19.84182,19.25093,19.84182,21.53083,19.25093,19.25093,19.84182,19.84182,19.84182,19.84182,19.84182,21.53083,19.84182,19.84182,19.84182,19.84182,19.25093,19.84182,19.84182,21.53083,19.84182,19.84182,19.84182,21.53083,19.84182,19.25093,19.84182,19.84182,19.84182,
19.25093,19.84182,19.84182,19.25093,19.25093,19.84182,21.53083,19.84182,19.84182,19.25093,19.84182,19.84182,19.84182,19.84182,19.84182,86.56502,70.68526,19.84182,19.84182,21.53083,19.25093,19.84182,19.84182,19.84182,19.84182,19.84182,19.84182,19.25093,19.84182,19.84182,
19.25093,19.84182,30.86357,19.84182,19.84182,19.84182,19.84182,19.25093,19.84182,81.69314,19.84182,19.25093,19.84182,19.84182,19.84182,19.84182,21.53083,19.84182,19.84182,19.84182,46.74004,19.84182,19.84182,19.84182,19.84182,19.84182,19.84182,19.84182,19.84182,19.25093,
19.84182,19.84182,19.84182,19.84182,19.84182,19.84182,19.84182,19.84182,19.84182,19.84182,19.84182,19.84182,19.84182,19.84182,19.84182,19.84182,69.08746,19.25093,19.84182,19.84182,19.84182,19.84182,19.84182,19.84182,19.84182,19.84182,19.84182,19.84182,19.84182,19.25093,
19.25093,19.84182,19.84182,19.84182,19.84182,19.84182,19.84182,19.84182,19.84182,19.84182,19.84182,19.84182,19.25093,19.84182,19.84182,19.84182,19.25093,19.84182,19.84182,19.84182,19.84182,19.84182,19.84182,19.84182,19.84182,19.84182,19.84182,19.84182,19.84182,19.25093,
19.84182,19.84182,19.84182,19.84182,19.84182,19.84182,19.84182,19.84182,19.84182,19.84182,19.84182,19.84182,96.04202,19.84182,19.84182,19.25093,19.84182,19.84182,19.84182,19.84182,19.84182,19.84182,19.84182,19.84182,19.84182,78.29739,19.25093,19.84182,19.84182,19.84182,
19.84182,19.84182,19.84182,19.84182,19.84182,19.84182,19.84182,19.25093,19.84182,19.25093,19.25093,19.84182,19.84182,19.84182,19.84182,19.84182,22.20946,19.84182,19.84182,19.84182,19.84182,19.84182,19.84182,19.84182,19.84182,19.84182,19.84182,19.84182,19.25093,19.84182,
19.84182,19.84182,19.84182,19.84182,19.84182,19.84182,19.84182,19.84182,19.84182,19.25093,19.84182,19.84182,19.84182,19.84182,19.84182,19.84182,19.84182,19.84182,19.84182,19.84182,19.25093,19.25093,19.84182,19.84182,19.84182,19.84182,19.84182,19.25093,19.84182,19.84182,
19.84182,19.84182,19.84182,19.84182,19.84182,19.25093,19.25093,19.84182,19.84182,19.84182,19.84182,93.53512,19.84182,19.84182,19.84182,19.84182,19.84182,19.84182,19.84182,19.84182,19.84182,19.84182,19.84182,19.84182,19.84182,19.84182,19.84182,19.84182,19.25093,19.84182,
19.84182,19.84182,90.66241,19.84182,19.84182,19.84182,19.84182,19.84182,19.84182,19.84182,19.84182,19.84182,19.84182,19.84182,19.84182,19.84182,19.25093,19.84182,19.84182,19.84182,19.84182,19.84182,19.84182,19.84182,19.84182,19.84182,19.84182,19.84182,19.84182,19.25093,
19.84182,19.84182,19.84182,19.84182,19.84182,19.84182,19.84182,19.84182,19.84182,19.84182,19.84182,19.84182,19.84182,19.84182,19.84182,19.84182,19.84182,19.84182,19.84182,19.84182,19.84182,19.84182,19.84182,19.84182,19.84182,19.84182,19.84182,19.84182,19.84182,19.84182,
19.84182,19.84182,19.84182,15.64873,19.84182,19.84182,52.61107,19.84182,19.84182,19.84182,19.84182,30.10691,19.84182,19.84182,19.84182,19.84182,19.84182,19.84182,19.84182,19.84182,19.84182,19.84182,19.84182,19.84182,19.84182,19.84182,19.84182,19.84182,19.84182,19.84182,
19.84182,19.84182,19.84182,19.84182,19.84182,19.84182,19.84182,19.84182,19.84182,19.84182,19.84182,19.84182,60.55095,19.84182,19.84182,19.84182,19.84182,19.84182,19.84182,71.37934,19.84182,19.84182,19.84182,19.84182,19.84182,19.84182,19.84182,19.84182,19.84182,19.84182,
19.84182,19.84182,19.84182,19.84182,19.84182,19.84182,19.84182,19.84182,19.84182,19.84182,19.84182,19.84182,19.84182,19.84182,19.84182,19.84182,19.84182,66.11052,19.84182,19.84182,19.84182,19.84182,19.84182,19.84182,19.84182,19.84182,19.84182,19.84182,19.84182,19.84182,
19.84182,19.84182,19.84182,40.76936,19.84182,19.84182,19.84182,19.84182,19.84182,19.84182,19.84182,19.84182,19.84182,19.84182,19.84182,19.84182,19.84182,19.84182,19.84182,19.84182,19.84182,19.84182,19.84182,19.84182,19.84182,19.84182,19.84182,19.84182,19.84182,19.84182,
19.84182,19.84182,19.84182,19.84182,19.84182,26.98264,19.84182,19.84182,18.58306,19.84182,19.84182,19.84182,19.84182,19.84182,19.84182,19.84182,19.84182,19.84182,19.84182,19.84182,19.84182,19.84182,19.84182,40.76936,19.84182,19.84182,19.84182,19.84182,19.84182,19.84182,
19.84182,19.84182,19.84182,19.84182,19.84182,19.84182,19.84182,19.84182,26.34167,19.84182,19.84182,19.84182,19.84182,21.21993,18.58306,19.84182,19.84182,19.84182,19.84182,19.84182,19.84182,19.84182,19.84182,19.84182,19.84182,26.98264,19.84182,19.84182,19.84182,19.84182,
19.84182,19.84182,19.84182,19.84182,19.84182,19.84182,19.84182,19.84182,19.84182,19.84182,19.84182,19.84182,18.58306,19.84182,19.84182,21.21993,19.84182,19.84182,18.58306,19.84182,19.84182,21.21993,19.84182,19.84182,19.84182,19.84182,19.84182,19.84182,19.84182,21.21993,
19.84182,19.84182,19.84182,19.84182,72.51197,19.84182,19.84182,19.84182,21.21993,19.84182,19.84182,19.84182,19.84182,19.84182,19.84182,19.84182,19.84182,37.17174,19.84182,21.21993,19.84182,19.84182,19.84182,19.84182,21.21993,19.84182,19.84182,18.58306,19.84182,19.84182,
19.84182,19.84182,70.02914,21.21993,19.84182,19.84182,18.58306,19.84182,19.84182,19.84182,19.84182,19.84182,19.84182,19.84182,19.84182,19.84182,19.84182,19.84182,19.84182,19.84182,18.58306,19.84182,19.84182,19.84182,19.84182,19.84182,19.84182,19.84182,19.84182,19.84182,
19.84182,19.84182,19.84182,19.84182,19.84182,19.84182,19.84182,19.84182,19.84182,18.58306,19.84182,19.84182,19.84182,19.84182,19.84182,19.84182,19.84182,19.84182,19.84182,18.58306,19.84182,19.84182,19.84182,19.84182,21.21993,19.84182,19.84182,19.84182,19.84182,19.84182,
19.84182,19.84182,19.84182,19.84182,19.84182,19.84182,19.84182,19.84182,18.58306,19.84182,19.84182,19.84182,18.58306,19.84182,19.84182,19.84182,19.84182,19.84182,19.84182,19.84182,19.84182,19.84182,19.84182,19.84182,90.49595,21.21993,19.84182,19.84182,52.31079,19.84182,
19.84182,19.84182,19.84182,18.58306,19.84182,19.84182,19.84182,19.84182,64.17422,19.84182,19.84182,19.84182,19.84182,19.84182,19.84182,41.33341,19.84182,19.84182,19.84182,19.84182,19.84182,19.84182,19.84182,19.84182,19.84182,19.84182,19.84182,19.84182,89.60316,19.84182,
19.84182,19.84182,19.84182,19.84182,19.84182,19.84182,19.84182,19.84182,19.84182,18.58306,19.84182,29.35373,19.84182,19.84182,19.84182,19.84182,19.84182,19.84182,19.84182,18.58306,19.84182,19.84182,19.84182,19.84182,19.84182,19.84182,19.84182,19.84182,19.84182,19.84182,
19.84182,19.84182,19.84182,19.84182,19.84182,19.84182,19.84182,19.84182,19.84182,19.84182,19.84182,19.84182,19.84182,19.84182,19.84182,19.84182,19.84182,19.84182,19.84182,29.35373,19.84182,29.35373,19.84182,19.84182,19.84182,19.84182,19.84182,19.84182,19.84182,19.84182,
19.84182,19.84182,19.84182,19.84182,19.84182,19.84182,19.84182,19.84182,19.84182,19.84182,19.84182,19.84182,19.84182,19.84182,19.84182,19.84182,19.84182,19.84182,19.84182,19.84182,19.84182,19.84182,19.84182,19.84182,19.84182,19.84182,19.84182,19.84182,19.84182,19.84182,
19.84182,19.84182,19.84182,19.84182,19.84182,19.84182,19.84182,19.84182,19.84182,19.84182,19.84182,19.84182,19.84182,19.84182,19.84182,19.84182,19.84182,19.84182,19.84182,19.84182,19.84182,32.48301,19.84182,19.84182,80.56371,19.84182,19.84182,19.84182,19.84182,19.84182,
19.84182,19.84182,19.84182,19.84182,19.84182,19.84182,19.84182,19.84182,19.84182,19.84182,19.84182,19.84182,19.84182,80.56371,19.84182,19.84182,19.84182,19.84182,19.84182,89.57541,19.84182,19.84182,19.84182,19.84182,19.84182,36.14412,19.84182,19.84182,19.84182,19.84182,
19.84182,19.84182,19.84182,19.84182,19.84182,62.44687,45.44312,19.84182,19.84182,19.84182,19.84182,94.70187,19.84182,19.84182,19.84182,19.84182,19.84182,19.84182,19.84182,19.84182,19.84182,19.84182,19.84182,19.84182,19.84182,19.84182,19.84182,19.84182,19.84182,19.84182,
19.84182,19.84182,19.84182,19.84182,19.84182,19.84182,19.84182,19.84182,19.84182,19.84182,19.84182,19.84182,19.84182,19.84182,19.84182,19.84182,19.84182,19.84182,70.13346,19.84182,19.84182,19.84182,19.84182,19.84182,19.84182,19.84182,19.84182,19.84182,19.84182,19.84182,
19.84182,19.84182,19.84182,19.84182,19.84182,19.84182,19.84182,19.84182,19.84182,19.84182,19.84182,19.84182,19.84182,19.84182,19.84182,19.84182,19.84182,19.84182,19.84182,19.84182,19.84182,19.84182,19.84182,19.84182,54.31935,19.84182,19.84182,19.84182,19.84182,19.84182,
19.84182,19.84182,19.84182,19.84182,19.84182,19.84182,19.84182,19.84182,19.84182,19.84182,19.84182,19.84182,19.84182,19.84182,19.84182,19.84182,19.84182,19.84182,19.84182,19.84182,19.84182,19.84182,19.84182,19.84182,19.84182,19.84182,19.84182,19.84182,19.84182,19.84182,
19.84182,19.84182,19.84182,19.84182,19.84182,19.84182,19.84182,19.84182,35.92738,19.84182,19.84182,19.84182,19.84182,19.84182,19.84182,19.84182,11.63227,19.84182,97.6699,19.84182,19.84182,19.84182,19.84182,19.84182,78.21125,19.84182,19.84182,19.84182,19.84182,81.30898,
19.84182,19.84182,19.84182,19.84182,19.84182,19.84182,19.84182,19.84182,19.84182,19.84182,19.84182,19.84182,19.84182,19.84182,19.84182,19.84182,19.84182,19.84182,19.84182,19.84182,19.84182,19.84182,19.84182,19.84182,19.84182,19.84182,19.84182,19.84182,19.84182,19.84182,
19.84182,19.84182,19.84182,19.84182,19.84182,19.84182,19.84182,19.84182,19.84182,19.84182,19.84182,19.84182,19.84182,19.84182,19.84182,19.84182,19.84182,19.84182,19.84182,19.84182,19.84182,19.84182,19.84182,19.84182,19.84182,19.84182,19.84182,19.84182,19.84182,19.84182,
19.84182,19.84182,19.84182,49.28074,19.84182,19.84182,19.84182,19.84182,19.84182,19.84182,19.84182,19.84182,19.84182,19.84182,19.84182,19.84182,19.84182,19.84182,19.84182,19.84182,19.84182,19.84182,39.44333,19.84182,19.84182,19.84182,19.84182,19.84182,19.84182,19.84182,
19.84182,19.84182,19.84182,19.84182,49.28074,19.84182,19.84182,19.84182,19.84182,19.84182,19.84182,19.84182,19.84182,19.84182,19.84182,19.84182,19.84182,19.84182,19.84182,19.84182,19.84182,19.84182,19.84182,19.84182,19.84182,19.84182,19.84182,19.84182,10.00574,19.84182,
19.84182,19.84182,19.84182,19.84182,19.84182,19.84182,19.84182,19.84182,19.84182,19.84182,19.84182,19.84182,19.84182,19.84182,19.84182,19.84182,19.84182,19.84182,19.84182,19.84182,19.84182,19.84182,19.84182,80.74305,85.87251,19.84182,19.84182,19.84182,19.84182,19.84182,
19.84182,19.84182,92.25042,19.84182,19.84182,19.84182,19.84182,19.84182,19.84182,19.84182,19.84182,19.84182,85.87251,19.84182,19.84182,19.84182,19.84182,19.84182,19.84182,19.84182,19.84182,19.84182,19.84182,19.84182,19.84182,19.84182,19.84182,19.84182,19.84182,19.84182,
19.84182,19.84182,19.84182,71.89931,19.84182,19.84182,19.84182,19.84182,19.84182,19.84182,19.84182,19.84182,19.84182,19.84182,19.84182,19.84182,19.84182,19.84182,19.84182,62.04091,19.84182,19.84182,19.84182,19.84182,19.84182,19.84182,19.84182,19.84182,19.84182,19.84182,
19.84182,19.84182,19.84182,19.84182,19.84182,19.84182,19.84182,19.84182,19.84182,19.84182,19.84182,19.84182,19.84182,56.32634,19.84182,19.84182,19.84182,19.84182,19.84182,19.84182,19.84182,19.84182,19.84182,19.84182,19.84182,19.84182,19.84182,19.84182,19.84182,19.84182,
19.84182,19.84182,19.84182,64.49436,19.84182,19.84182,19.84182,19.84182,19.84182,19.84182,19.84182,19.84182,19.84182,19.84182,19.84182,19.84182,19.84182,19.84182,19.84182,19.84182,19.84182,19.84182,19.84182,19.84182,19.84182,19.84182,19.84182,82.53429,19.84182,19.84182,
19.84182,19.84182,19.84182,19.84182,19.84182,19.84182,19.84182,19.84182,19.84182,19.84182,19.84182,19.84182,19.84182,19.84182,19.84182,19.84182,19.84182,19.84182,19.84182,19.84182,21.63774,19.84182,19.84182,19.84182,19.84182,19.84182,19.84182,19.84182,19.84182,19.84182,
19.84182,19.84182,19.84182,19.84182,53.8155,19.84182,19.84182,19.84182,19.84182,19.84182,96.26398,19.84182,21.63774,19.84182,19.84182,19.84182,19.84182,19.84182,19.84182,19.84182,19.84182,19.84182,19.84182,19.84182,19.84182,19.84182,19.84182,19.84182,19.84182,19.84182,
19.84182,19.84182,19.84182,21.63774,19.84182,19.84182,19.84182,19.84182,19.84182,19.84182,19.84182,19.84182,19.84182,21.63774,21.63774,19.84182,19.84182,19.84182,19.84182,19.84182,19.84182,19.84182,19.84182,19.84182,67.3959,19.84182,19.84182,19.84182,19.84182,19.84182,
19.84182,19.84182,19.84182,19.84182,19.84182,19.84182,21.63774,19.84182,37.8835,19.84182,19.84182,19.84182,19.84182,21.63774,21.63774,19.84182,19.84182,19.84182,19.84182,19.84182,21.63774,62.37651,19.84182,19.84182,66.45789,19.84182,19.84182,83.62342,19.84182,70.82351,
19.84182,19.84182,19.84182,21.63774,19.84182,19.84182,21.63774,19.84182,19.84182,19.84182,19.84182,19.84182,19.84182,19.84182,21.63774,19.84182,19.84182,19.84182,19.84182,21.63774,21.63774,19.84182,19.84182,19.84182,19.84182,19.84182,13.97666,19.84182,19.84182,19.84182,
19.84182,19.84182,19.84182,19.84182,47.21888,19.84182,19.84182,19.84182,19.84182,21.63774,19.84182,19.84182,19.84182,19.84182,19.84182,19.84182,19.84182,21.63774,19.84182,19.84182,19.84182,19.84182,19.84182,19.84182,21.63774,19.84182,19.84182,19.84182,19.84182,19.84182,
19.84182,19.84182,19.84182,19.84182,19.84182,19.84182,19.84182,21.63774,19.84182,19.84182,19.84182,21.63774,19.84182,19.84182,19.84182,19.84182,19.84182,21.63774,19.84182,21.63774,19.84182,19.84182,19.84182,19.84182,19.84182,21.63774,19.84182,19.84182,19.84182,19.84182,
19.84182,19.84182,19.84182,19.84182,21.63774,19.84182,19.84182,19.84182,20.64112,19.84182,19.84182,19.84182,19.84182,19.84182,19.84182,19.84182,19.84182,19.84182,19.84182,21.63774,84.74205,19.84182,19.84182,19.84182,19.84182,19.84182,21.63774,21.63774,19.84182,19.84182,
19.84182,19.84182,19.84182,19.84182,21.63774,19.84182,19.84182,19.84182,19.84182,19.84182,19.84182,19.84182,19.84182,19.84182,19.84182,19.84182,19.84182,21.63774,21.63774,21.63774,19.84182,19.84182,19.84182,98.76761,19.84182,19.84182,19.84182,21.63774,19.84182,19.84182,
19.84182,19.84182,19.84182,19.84182,19.84182,19.84182,19.84182,19.84182,19.84182,19.84182,19.84182,21.63774,19.84182,19.84182,19.84182,19.84182,19.84182,19.84182,19.84182,19.84182,19.84182,19.84182,19.84182,19.84182,19.84182,19.84182,19.84182,19.84182,19.84182,19.84182,
19.84182,19.84182,19.84182,19.84182,19.84182,19.84182,19.84182,19.84182,19.84182,19.84182,19.84182,19.84182,19.84182,19.84182,19.84182,19.84182,19.84182,19.84182,19.84182,19.84182,19.84182,19.84182,19.84182,19.84182,19.84182,19.84182,19.84182,19.84182,19.84182,19.84182,
19.84182,19.84182,19.84182,19.84182,19.84182,19.84182,19.84182,19.84182,19.84182,19.84182,19.84182,19.84182,19.84182,19.84182,19.84182,19.84182,19.84182,19.84182,19.84182,19.84182,19.84182,19.84182,19.84182,19.84182,19.84182,19.84182,19.84182,19.84182,19.84182,19.84182,
19.84182,19.84182,19.84182,19.84182,19.84182,19.84182,19.84182,19.84182,19.84182,19.84182,19.84182,26.74618,19.84182,19.84182,19.84182,19.84182,19.84182,19.84182,19.84182,19.84182,19.84182,19.84182,19.84182,19.84182,19.84182,19.84182,19.84182,19.84182,19.84182,19.84182,
19.84182,19.84182,19.84182,19.84182,19.84182,19.84182,35.25993,19.84182,19.84182,19.84182,47.76481,19.84182,19.84182,19.84182,19.84182,19.84182,19.84182,19.84182,19.84182,19.84182,19.84182,19.84182,19.84182,86.45937,25.77221,19.84182,19.84182,19.84182,19.84182,19.84182,
19.84182,19.84182,19.84182,86.45937,19.84182,19.84182,19.84182,19.84182,19.84182,19.84182,19.84182,19.84182,19.84182,86.45937,19.84182,19.84182,19.84182,19.84182,19.84182,19.84182,19.84182,19.84182,19.84182,19.84182,55.87214,19.84182,19.84182,19.84182,19.84182,19.84182,
19.84182,19.84182,19.84182,19.84182,19.84182,19.84182,19.84182,19.84182,19.84182,19.84182,19.84182,19.84182,19.84182,19.84182,19.84182,19.84182,19.84182,19.84182,19.84182,19.84182,19.84182,19.84182,19.84182,19.84182,19.84182,19.84182,19.84182,26.83127,19.84182,19.84182,
19.84182,19.84182,19.84182,19.84182,19.84182,26.83127,19.84182,19.84182,19.84182,19.84182,19.84182,19.84182,19.84182,19.84182,19.84182,19.84182,19.84182,19.84182,19.84182,19.84182,19.84182,19.84182,19.84182,19.84182,19.84182,19.84182,19.84182,19.84182,19.84182,19.84182,
19.84182,19.84182,19.84182,19.84182,19.84182,19.84182,19.84182,19.84182,19.84182,19.84182,19.84182,19.84182,14.52461,19.84182,19.84182,19.84182,19.84182,19.84182,19.84182,19.84182,19.84182,19.84182,19.84182,19.84182,19.84182,19.84182,19.84182,19.84182,19.84182,19.84182,
19.84182,19.84182,19.84182,16.48715,19.84182,19.84182,19.84182,19.84182,19.84182,19.84182,19.84182,19.84182,19.84182,19.84182,19.84182,14.52461,19.84182,19.84182,19.84182,19.84182,19.84182,19.84182,19.84182,19.84182,19.84182,19.84182,19.84182,50.8402,19.84182,25.82322,
19.84182,19.84182,19.84182,19.84182,19.84182,19.84182,19.84182,19.84182,19.84182,19.84182,19.84182,19.84182,19.84182,25.82322,19.84182,19.84182,19.84182,19.84182,19.84182,19.66011,19.84182,19.84182,19.84182,19.84182,19.84182,19.84182,19.84182,16.48715,19.84182,19.84182,
19.84182,19.84182,19.84182,19.84182,19.84182,19.84182,19.84182,19.84182,19.84182,19.84182,19.84182,19.84182,19.84182,19.84182,19.84182,19.84182,19.84182,19.84182,19.84182,19.84182,19.66011,19.84182,19.84182,16.48715,19.84182,19.84182,19.84182,19.84182,19.84182,19.84182,
19.84182,19.84182,19.84182,19.84182,19.84182,19.84182,19.84182,19.84182,19.84182,19.84182,19.84182,19.84182,19.84182,19.84182,24.07976,19.84182,19.84182,19.84182,19.84182,19.84182,19.84182,19.84182,19.84182,19.84182,19.84182,19.84182,19.84182,19.84182,19.84182,19.84182,
19.84182,19.84182,19.84182,19.84182,19.84182,19.84182,19.84182,16.83166,19.84182,94.2053,19.84182,19.84182,19.84182,19.84182,19.84182,19.84182,19.84182,60.67949,19.84182,19.84182,19.84182,19.84182,19.84182,19.84182,19.84182,19.84182,19.84182,19.84182,19.84182,20.84541,
19.84182,19.84182,19.84182,19.84182,19.84182,19.84182,19.84182,19.84182,19.84182,19.84182,19.84182,19.84182,19.84182,19.84182,19.84182,75.56886,19.84182,19.84182,20.84541,19.84182,20.84541,19.84182,19.84182,19.84182,19.84182,19.84182,19.84182,19.84182,19.84182,19.84182,
19.84182,19.84182,19.84182,19.84182,19.84182,19.84182,19.84182,19.84182,19.84182,19.84182,19.84182,19.84182,19.84182,19.84182,19.84182,19.84182,19.84182,19.84182,19.84182,19.84182,31.29678,19.84182,19.84182,19.84182,35.37598,19.84182,19.84182,19.84182,22.79776,19.84182,
19.84182,19.84182,19.84182,19.84182,19.84182,19.84182,19.84182,19.84182,22.79776,19.84182,19.84182,19.84182,78.00904,19.84182,19.84182,19.84182,19.84182,19.84182,19.84182,19.84182,19.84182,19.84182,19.84182,19.84182,19.84182,19.84182,19.84182,19.84182,19.84182,19.84182,
19.84182,19.84182,19.84182,19.84182,19.84182,19.84182,19.84182,19.84182,19.84182,19.84182,19.84182,22.79776,19.84182,19.84182,19.84182,19.84182,19.84182,19.84182,19.84182,19.84182,19.84182,19.84182,19.84182,19.84182,19.84182,18.98048,19.84182,19.84182,19.84182,19.84182,
19.84182,19.84182,19.84182,19.84182,19.84182,19.84182,19.84182,19.84182,19.84182,19.84182,19.84182,19.84182,19.84182,19.84182,19.84182,19.84182,19.84182,19.84182,19.84182,19.84182,19.84182,19.84182,19.84182,19.84182,19.84182,19.84182,19.84182,19.84182,19.84182,19.84182,
19.84182,19.84182,19.84182,19.84182,19.84182,19.84182,19.84182,19.84182,19.84182,19.84182,19.84182,19.84182,19.84182,19.84182,19.84182,19.84182,19.84182,19.84182,19.84182,19.84182,19.84182,19.84182,19.84182,19.84182,19.84182,19.84182,19.84182,19.84182,19.84182,19.84182,
19.84182,19.84182,19.84182,19.84182,19.84182,19.84182,58.60838,19.84182,19.84182,19.84182,19.84182,19.84182,19.84182,19.84182,19.84182,19.84182,19.84182,19.84182,19.84182,19.84182,19.84182,19.84182,19.84182,19.84182,57.64662,19.84182,19.84182,19.84182,19.84182,19.84182,
19.84182,19.84182,19.84182,19.84182,19.84182,19.84182,19.84182,19.84182,19.84182,19.84182,19.84182,19.84182,19.84182,19.84182,19.84182,19.84182,19.84182,19.84182,19.84182,19.84182,19.84182,19.84182,19.84182,19.84182,19.84182,19.84182,19.84182,19.84182,19.84182,19.84182,
19.84182,19.84182,19.84182,19.84182,19.84182,19.84182,19.84182,19.84182,19.84182,40.35321,19.84182,19.84182,17.52767,19.84182,19.84182,19.84182,19.84182,19.84182,19.84182,19.84182,19.84182,19.84182,19.84182,19.84182,19.84182,19.84182,19.84182,19.84182,19.84182,19.84182,
19.84182,19.84182,19.84182,19.84182,19.84182,19.84182,19.84182,19.84182,19.84182,19.84182,19.84182,19.84182,19.84182,19.84182,19.84182,19.84182,19.84182,19.84182,17.52767,19.84182,19.84182,19.84182,19.84182,19.84182,19.84182,19.84182,19.84182,19.84182,19.84182,19.84182,
19.84182,19.84182,19.84182,19.84182,19.84182,19.84182,19.84182,19.84182,19.84182,19.84182,19.84182,19.84182,19.84182,19.84182,38.36095,19.84182,19.84182,19.84182,19.84182,19.84182,19.84182,19.84182,19.84182,37.47708,19.84182,19.84182,19.84182,19.84182,19.84182,19.84182,
19.84182,19.84182,19.84182,19.84182,19.84182,19.84182,19.84182,19.84182,19.84182,19.84182,19.84182,19.84182,19.84182,19.84182,19.84182,19.84182,19.84182,19.84182,19.84182,19.84182,19.84182,38.36095,19.84182,19.84182,19.84182,19.84182,19.84182,19.84182,19.84182,19.84182,
19.84182,19.84182,19.84182,19.84182,19.84182,19.84182,19.84182,19.84182,19.84182,19.84182,19.84182,19.84182,19.84182,19.84182,19.84182,19.84182,19.84182,19.84182,19.84182,19.84182,19.84182,19.84182,19.84182,19.84182,19.84182,19.84182,19.84182,19.84182,19.84182,19.84182,
19.84182,19.84182,23.09275,19.84182,19.84182,19.84182,19.84182,19.84182,19.84182,19.84182,19.84182,19.84182,19.84182,19.84182,19.84182,19.84182,19.84182,19.84182,49.82021,19.84182,19.84182,19.84182,19.84182,19.84182,19.84182,19.84182,19.84182,19.84182,19.00163,19.84182,
19.84182,19.84182,19.84182,19.84182,19.84182,19.84182,19.84182,19.84182,23.09275,19.84182,68.45251,19.84182,19.84182,19.84182,19.84182,19.84182,19.84182,37.15014,19.84182,56.64431,19.84182,19.84182,19.84182,19.84182,23.09275,19.84182,19.84182,19.84182,19.84182,19.84182,
19.84182,19.84182,19.84182,19.84182,19.84182,19.84182,19.84182,19.84182,19.84182,19.84182,19.84182,19.84182,19.84182,19.84182,19.84182,23.09275,19.84182,19.84182,19.84182,19.84182,19.84182,19.84182,19.84182,68.45251,19.84182,19.84182,64.8763,19.84182,19.84182,19.84182,
19.84182,19.84182,19.84182,66.91541,19.84182,19.84182,19.84182,19.84182,19.84182,19.84182,19.84182,19.84182,19.84182,19.84182,19.84182,19.84182,19.84182,19.84182,19.84182,84.75916,19.84182,19.84182,19.84182,19.84182,19.84182,19.84182,19.84182,19.84182,19.84182,19.84182,
19.84182,19.84182,19.84182,19.84182,19.84182,19.84182,19.84182,64.60074,90.98199,19.84182,19.84182,19.84182,19.84182,19.84182,19.84182,19.84182,19.84182,19.84182,19.84182,19.84182,19.84182,19.84182,19.84182,19.84182,19.84182,19.84182,19.84182,19.84182,19.84182,19.84182,
19.84182,19.84182,19.84182,19.84182,26.39061,19.84182,19.84182,19.84182,19.84182,19.84182,19.84182,19.84182,19.84182,19.84182,19.84182,19.84182,19.84182,19.84182,19.84182,19.84182,19.84182,19.84182,19.84182,19.84182,19.84182,19.84182,19.84182,19.84182,19.84182,19.84182,
19.84182,19.84182,37.42513,19.84182,19.84182,19.84182,19.84182,19.84182,19.84182,19.84182,19.84182,19.84182,19.84182,19.84182,57.46582,19.84182,19.84182,19.84182,19.84182,19.84182,19.84182,19.84182,19.84182,19.84182,19.84182,19.84182,19.84182,61.38748,19.84182,19.84182,
19.84182,19.84182,19.84182,19.84182,19.84182,19.84182,19.84182,19.84182,19.84182,19.84182,24.16789,19.84182,19.84182,19.84182,19.84182,19.84182,19.84182,19.84182,19.84182,61.38748,19.84182,19.84182,19.84182,19.84182,19.84182,19.84182,19.84182,19.84182,19.84182,19.84182,
19.84182,19.84182,19.84182,19.84182,19.84182,19.84182,19.84182,19.84182,19.84182,19.84182,19.84182,19.84182,19.84182,19.84182,48.26166,19.84182,19.84182,19.84182,19.84182,55.436,19.84182,19.84182,19.84182,19.84182,19.84182,19.84182,19.84182,19.84182,19.84182,19.84182,
19.84182,19.84182,19.84182,19.84182,19.84182,19.84182,19.84182,19.84182,19.84182,19.84182,19.84182,19.84182,19.84182,19.84182,19.84182,19.84182,19.84182,37.77023,19.84182,19.84182,19.84182,19.84182,19.84182,19.84182,19.84182,19.84182,19.84182,19.84182,19.84182,19.84182,
19.84182,19.84182,19.84182,19.84182,19.84182,19.84182,19.84182,19.84182,19.84182,25.8058,19.84182,19.84182,19.84182,19.84182,19.84182,19.84182,19.84182,19.84182,19.84182,19.84182,19.84182,19.84182,19.84182,19.84182,19.84182,19.84182,19.84182,19.84182,19.84182,19.84182,
19.84182,19.84182,19.84182,19.84182,13.29249,19.84182,19.84182,19.84182,19.84182,19.84182,19.84182,19.84182,50.17254,19.84182,24.53943,19.84182,19.84182,19.84182,19.84182,19.84182,19.84182,19.84182,19.84182,19.84182,19.84182,19.84182,19.84182,19.84182,19.84182,19.84182,
19.84182,19.84182,19.84182,24.53943,19.84182,19.84182,19.84182,19.84182,19.84182,19.84182,19.84182,19.84182,19.84182,19.84182,19.84182,19.84182,19.84182,19.84182,13.29249,19.84182,19.84182,19.84182,19.84182,24.53943,19.84182,19.84182,56.81412,19.84182,19.84182,19.84182,
19.84182,19.84182,19.84182,19.84182,19.84182,19.84182,19.84182,19.84182,24.53943,19.84182,19.84182,19.84182,19.84182,24.53943,36.47836,19.84182,19.84182,19.84182,19.84182,19.84182,19.84182,19.84182,19.84182,19.84182,19.84182,19.84182,19.84182,19.84182,19.84182,19.84182,
19.84182,19.84182,19.84182,19.84182,19.84182,19.84182,19.84182,19.84182,19.84182,19.84182,19.84182,19.84182,19.84182,24.53943,19.84182,19.84182,19.84182,19.84182,19.84182,28.98739,19.84182,19.84182,19.84182,19.84182,19.84182,19.84182,67.07658,19.84182,19.84182,19.84182,
19.84182,19.84182,19.84182,19.84182,19.84182,19.84182,87.1677,19.84182,19.84182,19.84182,19.84182,19.84182,19.84182,19.84182,19.84182,19.84182,19.84182,19.84182,19.84182,19.84182,19.84182,19.84182,19.84182,19.84182,19.84182,19.84182,19.84182,19.84182,19.84182,19.84182,
19.84182,19.84182,87.77745,19.84182,19.84182,19.84182,19.84182,19.84182,19.84182,19.84182,19.84182,19.84182,19.84182,19.84182,19.84182,19.84182,19.84182,19.84182,19.84182,33.07339,19.84182,19.84182,19.84182,19.84182,19.84182,19.84182,19.84182,19.84182,19.84182,19.84182,
19.84182,19.84182,19.84182,19.84182,19.84182,19.84182,19.84182,19.84182,19.84182,19.84182,19.84182,19.84182,19.84182,19.84182,19.84182,19.84182,19.84182,19.84182,19.84182,19.84182,19.84182,19.84182,19.84182,19.84182,19.84182,19.84182,19.84182,19.84182,29.419,19.84182,
19.84182,19.84182,19.84182,19.84182,19.84182,19.84182,19.84182,19.84182,19.84182,19.84182,19.84182,19.84182,19.84182,19.84182,19.84182,19.84182,19.84182,19.84182,19.84182,19.84182,19.84182,19.84182,19.84182,19.84182,19.84182,19.84182,19.84182,19.84182,19.84182,19.84182,
19.84182,19.84182,19.84182,19.84182,19.84182,19.84182,19.84182,19.84182,19.84182,19.84182,95.5479,19.84182,19.84182,19.84182,19.84182,19.84182,19.84182,19.84182,15.8639,66.62938,19.84182,19.84182,19.84182,19.84182,19.84182,19.84182,19.84182,19.84182,19.84182,19.84182,
19.84182,19.84182,19.84182,19.84182,19.84182,19.84182,19.84182,19.84182,19.84182,19.84182,19.84182,19.84182,19.84182,19.84182,19.84182,19.84182,19.84182,19.84182,19.84182,19.84182,19.84182,19.84182,19.84182,19.84182,19.84182,19.84182,19.84182,19.84182,19.84182,19.84182,
19.84182,19.84182,19.84182,19.84182,19.84182,19.84182,19.84182,19.84182,19.84182,19.84182,19.84182,19.84182,19.84182,19.84182,19.84182,19.84182,19.84182,19.84182,19.84182,19.84182,19.84182,19.84182,19.84182,19.84182,19.84182,19.84182,19.84182,19.84182,19.84182,19.84182,
19.84182,19.84182,76.93912,19.84182,19.84182,19.84182,19.84182,19.84182,19.84182,19.84182,19.84182,19.84182,19.84182,19.84182,19.84182,19.84182,19.84182,19.84182,19.84182,53.17431,19.84182,19.84182,23.74707,19.84182,19.84182,19.84182,19.84182,70.12405,19.84182,19.84182,
19.84182,19.84182,19.84182,19.84182,19.84182,19.84182,19.84182,19.84182,23.74707,66.44289,19.84182,19.84182,19.84182,41.60827,19.84182,19.84182,19.84182,19.84182,19.84182,19.84182,19.84182,19.84182,19.84182,19.84182,19.84182,19.84182,13.81457,19.84182,19.84182,23.74707,
19.84182,19.84182,19.84182,19.84182,19.84182,19.84182,19.84182,19.84182,19.84182,19.84182,19.84182,19.84182,19.84182,19.84182,19.84182,19.84182,19.84182,19.84182,19.84182,19.84182,19.84182,19.84182,19.84182,19.84182,19.84182,19.84182,19.84182,43.88845,19.84182,19.84182,
19.84182,19.84182,19.84182,19.84182,19.84182,19.84182,19.84182,19.84182,19.84182,19.84182,19.84182,19.84182,19.84182,19.84182,19.84182,60.50642,19.84182,26.76414,19.84182,19.84182,19.84182,19.84182,19.84182,19.84182,19.84182,19.84182,19.84182,19.84182,64.38878,19.84182,
19.84182,19.84182,19.84182,19.84182,19.84182,19.84182,19.84182,19.84182,19.84182,48.23818,19.84182,19.84182,26.76414,19.84182,19.84182,19.84182,19.84182,19.84182,19.84182,19.84182,19.84182,19.84182,19.84182,19.84182,19.84182,19.84182,19.84182,19.84182,19.84182,19.84182,
19.84182,19.84182,19.84182,19.84182,19.84182,19.84182,19.84182,19.84182,19.84182,19.84182,19.84182,19.84182,19.84182,19.84182,19.84182,19.84182,19.84182,19.84182,19.84182,19.84182,19.84182,19.84182,19.84182,19.84182,19.84182,19.84182,19.84182,19.84182,19.84182,19.84182,
19.84182,19.84182,19.84182,19.84182,19.84182,19.84182,19.84182,19.84182,19.84182,19.84182,19.84182,19.84182,19.84182,19.84182,19.84182,19.84182,19.84182,19.84182,19.84182,19.84182,19.84182,19.84182,19.84182,19.84182,19.84182,19.84182,19.84182,74.12902,19.84182,19.84182,
19.84182,19.84182,19.84182,19.84182,19.84182,19.84182,19.84182,19.84182,19.84182,19.84182,19.84182,19.84182,19.84182,19.84182,19.84182,19.84182,19.84182,19.84182,19.84182,19.84182,19.84182,19.84182,19.84182,74.12902,19.84182,19.84182,19.84182,19.84182,19.84182,19.84182,
19.84182,19.84182,19.84182,19.84182,19.84182,19.84182,19.84182,19.84182,79.19098,18.41175,58.59105,19.84182,19.84182,19.84182,19.84182,19.84182,19.84182,19.84182,19.84182,19.84182,19.84182,19.84182,19.84182,19.84182,19.84182,19.84182,19.84182,19.84182,19.84182,19.84182,
19.84182,19.84182,13.36384,19.84182,19.84182,19.84182,19.84182,19.84182,19.84182,19.84182,19.84182,19.84182,79.19098,19.84182,19.84182,19.84182,19.84182,19.84182,19.84182,19.84182,19.84182,19.84182,19.84182,19.84182,19.84182,19.84182,19.84182,17.2104,34.38623,19.84182,
19.84182,19.84182,19.84182,19.84182,19.84182,19.84182,19.84182,34.38623,19.84182,19.84182,19.84182,19.84182,19.84182,19.84182,19.84182,19.84182,19.84182,19.84182,19.84182,19.84182,19.84182,19.84182,19.84182,19.84182,19.84182,19.84182,19.84182,19.84182,19.84182,98.43542,
19.84182,19.84182,19.84182,19.84182,19.84182,19.84182,19.84182,19.84182,19.84182,19.84182,19.84182,19.84182,19.84182,19.84182,19.84182,19.84182,19.84182,19.84182,19.84182,19.84182,19.84182,19.84182,19.84182,19.84182,19.84182,19.84182,19.84182,19.84182,19.84182,19.84182,
19.84182,19.84182,19.84182,19.84182,24.92252,19.84182,19.84182,19.84182,19.84182,19.84182,19.84182,26.16984,19.84182,19.84182,19.84182,19.84182,19.84182,19.84182,19.84182,19.84182,19.84182,19.84182,19.84182,19.84182,19.84182,19.84182,19.84182,19.84182,99.65922,19.84182,
19.84182,19.84182,19.84182,19.84182,19.84182,19.84182,19.84182,19.84182,19.84182,19.84182,19.84182,24.92252,19.84182,36.04429,19.84182,19.84182,19.84182,19.84182,19.84182,19.84182,96.15527,19.84182,19.84182,19.84182,19.84182,19.84182,19.84182,19.84182,26.16984,19.84182,
19.84182,19.84182,19.84182,19.84182,19.84182,99.88781,24.92252,19.84182,19.84182,19.84182,19.84182,19.84182,19.84182,19.84182,19.84182,19.84182,19.84182,19.84182,19.84182,19.84182,19.84182,19.84182,19.84182,19.84182,19.84182,19.84182,19.84182,19.84182,19.84182,19.84182,
19.84182,19.84182,19.84182,19.84182,19.84182,19.84182,19.84182,19.84182,19.84182,19.84182,19.84182,19.84182,19.84182,19.84182,19.84182,89.84349,19.84182,19.84182,19.84182,97.43723,19.84182,19.84182,19.84182,19.84182,19.84182,19.84182,19.84182,19.84182,19.84182,19.84182,
19.84182,19.84182,19.84182,19.84182,19.84182,19.84182,19.84182,19.84182,19.84182,19.84182,19.84182,19.84182,19.84182,19.84182,19.84182,19.84182,19.84182,19.84182,19.84182,19.84182,19.84182,19.84182,19.84182,19.84182,19.84182,43.66749,19.84182,19.84182,86.79388,19.84182,
19.84182,19.84182,19.84182,19.84182,19.84182,19.84182,19.84182,19.84182,19.84182,19.84182,19.84182,19.84182,19.84182,19.84182,19.84182,19.84182,19.84182,19.84182,19.84182,19.84182,19.84182,19.84182,19.84182,19.84182,19.84182,19.84182,60.04753,19.84182,19.84182,19.84182,
19.84182,19.84182,19.84182,19.84182,19.84182,19.84182,19.84182,19.84182,19.84182,19.84182,73.92073,19.84182,19.84182,19.84182,19.84182,19.84182,19.84182,19.84182,19.84182,60.04753,19.84182,86.77057,19.84182,19.84182,19.84182,19.84182,19.84182,19.84182,19.84182,19.84182,
19.84182,19.84182,19.84182,19.84182,30.82843,19.84182,19.84182,19.84182,19.84182,19.84182,19.84182,19.84182,19.84182,19.84182,19.84182,19.84182,19.84182,19.84182,19.84182,19.84182,60.04753,19.84182,19.84182,19.84182,19.84182,19.84182,32.53056,19.84182,19.84182,19.84182,
19.84182,19.84182,19.84182,19.84182,19.84182,19.84182,19.84182,19.84182,19.84182,19.84182,19.84182,19.84182,19.84182,19.84182,19.84182,19.84182,19.84182,19.84182,19.84182,19.84182,19.84182,19.84182,19.84182,19.84182,19.84182,19.84182,30.82843,19.84182,19.84182,19.84182,
19.84182,19.84182,19.84182,19.84182,19.84182,19.84182,19.84182,19.84182,19.84182,19.84182,19.84182,19.84182,19.84182,19.84182,19.84182,30.82843,19.84182,19.84182,19.84182,19.84182,19.84182,11.947,19.84182,19.84182,19.84182,19.84182,19.84182,19.84182,19.84182,19.84182,
19.84182,19.84182,19.84182,19.84182,19.84182,19.84182,19.84182,19.84182,19.84182,59.71276,19.84182,19.84182,19.84182,19.84182,19.84182,19.84182,19.84182,19.84182,19.84182,19.84182,19.84182,19.84182,19.84182,19.84182,19.84182,19.84182,19.84182,19.84182,19.84182,19.84182,
19.84182,19.84182,19.84182,19.84182,19.84182,19.84182,19.84182,19.84182,19.84182,19.84182,19.84182,19.84182,19.84182,19.84182,19.84182,19.84182,19.84182,19.84182,19.84182,19.84182,19.84182,19.84182,19.84182,19.84182,19.84182,19.84182,19.84182,19.84182,19.84182,19.84182,
19.84182,19.84182,19.84182,19.84182,19.84182,19.84182,19.84182,19.84182,19.84182,19.84182,19.84182,19.84182,19.84182,19.84182,19.84182,19.84182,19.84182,19.84182,19.84182,19.84182,19.84182,19.84182,99.78746,30.20246,31.51458,19.84182,19.84182,19.84182,19.84182,19.84182,
19.84182,19.84182,53.5114,19.84182,19.84182,19.84182,19.84182,19.84182,19.84182,19.84182,19.84182,16.98684,19.84182,19.84182,19.84182,19.84182,19.84182,19.84182,19.84182,19.84182,19.84182,19.84182,19.84182,19.84182,19.84182,19.84182,92.04893,19.84182,19.84182,19.84182,
19.84182,19.84182,19.84182,19.84182,19.84182,19.84182,19.84182,19.84182,19.84182,19.84182,19.84182,19.84182,19.84182,19.84182,19.84182,19.84182,19.84182,19.84182,19.84182,19.84182,19.84182,19.84182,19.84182,19.84182,19.84182,19.84182,16.98684,19.84182,19.84182,19.84182,
19.84182,19.84182,19.84182,19.84182,19.84182,19.84182,19.84182,19.84182,19.84182,19.84182,72.14118,19.84182,19.84182,19.84182,19.84182,19.84182,19.84182,19.84182,19.84182,19.84182,19.84182,19.84182,19.84182,19.84182,19.84182,19.84182,19.84182,19.84182,19.84182,19.84182,
19.84182,19.84182,19.84182,19.84182,19.84182,19.84182,19.84182,19.84182,19.84182,19.84182,19.84182,19.84182,19.84182,19.84182,19.84182,19.84182,19.84182,49.81124,60.01822,19.84182,19.84182,19.84182,19.84182,19.84182,19.84182,19.84182,19.84182,19.84182,19.84182,19.84182,
19.84182,19.84182,19.84182,19.84182,19.84182,19.84182,19.84182,19.84182,19.84182,19.84182,19.84182,19.84182,19.84182,19.84182,19.84182,19.84182,19.84182,19.84182,19.84182,19.84182,19.84182,19.84182,19.84182,19.84182,19.84182,38.37969,19.84182,19.84182,19.84182,19.84182,
19.84182,19.84182,19.84182,19.84182,19.84182,19.84182,19.84182,19.84182,19.84182,19.84182,19.84182,19.84182,19.84182,19.84182,19.84182,19.84182,19.84182,30.28418,19.84182,19.84182,19.84182,19.84182,19.84182,19.84182,19.84182,19.84182,19.84182,19.84182,19.84182,31.27899,
19.84182,19.84182,19.84182,19.84182,19.84182,19.84182,19.84182,19.84182,19.84182,19.84182,19.84182,36.66725,17.76152,19.84182,19.84182,19.84182,19.84182,19.84182,19.84182,19.84182,19.84182,19.84182,60.31258,19.84182,19.84182,19.84182,19.84182,19.84182,19.84182,19.84182,
19.84182,19.84182,19.84182,19.84182,19.84182,19.84182,17.76152,19.84182,19.84182,19.84182,19.84182,19.84182,19.84182,19.84182,19.84182,19.84182,19.84182,19.84182,19.84182,19.84182,19.84182,19.84182,19.84182,19.84182,19.84182,19.84182,19.84182,19.84182,83.58513,19.84182,
19.84182,19.84182,98.30615,19.84182,19.84182,19.84182,19.84182,19.84182,19.84182,17.76152,19.84182,19.84182,19.84182,19.84182,19.84182,96.62456,19.84182,19.84182,19.84182,19.84182,19.84182,19.84182,19.84182,19.84182,19.84182,19.84182,19.84182,19.84182,19.84182,19.84182,
19.84182,19.84182,19.84182,19.84182,19.84182,19.84182,26.2683,19.84182,19.84182,19.84182,19.84182,19.84182,19.84182,19.84182,19.84182,19.84182,19.84182,19.84182,19.84182,19.84182,17.76152,19.84182,19.84182,19.84182,19.84182,19.84182,19.84182,19.84182,19.84182,19.84182,
19.84182,19.84182,19.84182,25.16207,19.84182,19.84182,19.84182,19.84182,17.76152,19.84182,19.84182,19.84182,19.84182,19.84182,19.84182,19.84182,19.84182,55.07249,19.84182,19.84182,19.84182,19.84182,19.84182,19.84182,98.54487,19.84182,19.84182,19.84182,19.84182,19.84182,
19.84182,19.84182,19.84182,19.84182,19.84182,19.84182,19.84182,19.84182,19.84182,19.84182,19.84182,19.84182,19.84182,19.84182,19.84182,19.84182,19.84182,19.84182,19.84182,19.84182,19.84182,19.84182,19.84182,19.84182,19.84182,19.84182,19.84182,19.84182,19.84182,19.84182,
19.84182,19.84182,19.84182,19.84182,60.09945,19.84182,19.84182,19.84182,19.84182,19.84182,19.84182,19.84182,19.84182,19.84182,19.84182,19.84182,19.84182,19.84182,19.84182,19.84182,19.84182,19.84182,19.84182,19.84182,19.84182,19.84182,46.35225,19.84182,19.84182,19.84182,
19.84182,19.84182,19.84182,19.84182,19.84182,19.84182,19.84182,19.84182,19.84182,19.84182,19.84182,19.84182,19.84182,19.84182,19.84182,19.84182,19.84182,19.84182,19.84182,19.84182,19.84182,19.84182,19.84182,19.84182,19.84182,19.84182,19.84182,19.84182,19.84182,19.84182,
19.84182,19.84182,19.84182,19.84182,19.84182,19.84182,19.84182,19.84182,19.84182,19.84182,19.84182,19.84182,19.84182,19.84182,19.84182,19.84182,19.84182,19.84182,19.84182,19.84182,19.84182,19.84182,19.84182,19.84182,19.84182,19.84182,19.84182,19.84182,52.96573,19.84182,
19.84182,19.84182,19.84182,19.84182,19.84182,19.84182,19.84182,19.84182,19.84182,19.84182,19.84182,19.84182,19.84182,19.84182,19.84182,19.84182,19.84182,19.84182,19.84182,19.84182,19.84182,69.8209,19.84182,19.84182,19.84182,19.84182,24.81807,19.84182,19.84182,20.32244,
19.84182,19.84182,19.84182,19.84182,19.84182,19.84182,19.84182,19.84182,19.84182,19.84182,19.84182,19.84182,19.84182,19.84182,19.84182,19.84182,19.84182,19.84182,19.84182,19.84182,19.84182,20.32244,19.84182,19.84182,19.84182,19.84182,19.84182,59.54203,19.84182,19.84182,
19.84182,19.84182,19.84182,19.84182,19.84182,19.84182,19.84182,19.84182,19.84182,19.84182,19.84182,19.84182,20.32244,19.84182,19.84182,19.84182,19.84182,19.84182,19.84182,19.84182,98.05147,19.84182,19.84182,19.84182,19.84182,19.84182,19.84182,19.84182,19.84182,19.84182,
19.84182,19.84182,19.84182,19.84182,19.84182,19.84182,19.84182,19.84182,19.84182,19.84182,19.84182,19.84182,19.84182,19.84182,19.84182,19.84182,19.84182,19.84182,19.84182,19.84182,19.84182,19.84182,19.84182,19.84182,19.84182,19.84182,19.84182,19.84182,19.84182,19.84182,
19.84182,19.84182,19.84182,19.84182,19.84182,19.84182,19.84182,19.84182,19.84182,19.84182,19.84182,19.84182,19.84182,19.84182,19.84182,19.84182,19.84182,19.84182,19.84182,65.42103,19.84182,19.84182,19.84182,19.84182,19.84182,19.84182,19.84182,81.22426,19.84182,19.84182,
19.84182,19.84182,19.84182,19.84182,19.84182,19.84182,19.84182,19.84182,19.84182,19.84182,19.84182,19.84182,19.84182,19.84182,14.87855,19.84182,19.84182,19.84182,19.84182,55.72872,19.84182,19.84182,19.84182,19.84182,19.84182,19.84182,19.84182,19.84182,19.84182,19.84182,
19.84182,19.84182,19.84182,19.84182,19.84182,19.84182,19.84182,19.84182,19.84182,98.28121,19.84182,19.84182,19.84182,19.84182,19.84182,19.84182,19.84182,19.84182,19.84182,19.84182,19.84182,19.84182,19.84182,33.37966,19.84182,19.84182,19.84182,55.72872,19.84182,90.83946,
19.84182,19.84182,19.84182,19.84182,19.84182,19.84182,19.84182,19.84182,19.84182,19.84182,19.84182,19.84182,19.84182,19.84182,66.55324,19.84182,19.84182,19.84182,19.84182,19.84182,19.84182,19.84182,19.84182,19.84182,19.84182,19.84182,19.84182,19.84182,19.84182,19.84182,
19.84182,19.84182,19.84182,19.84182,19.84182,19.84182,19.84182,19.84182,19.84182,19.84182,19.84182,19.84182,19.84182,19.84182,76.49876,26.46247,19.84182,19.84182,19.84182,19.84182,19.84182,19.84182,19.84182,19.84182,19.84182,19.84182,19.84182,19.84182,19.84182,19.84182,
19.84182,19.84182,19.84182,19.84182,19.84182,19.84182,19.84182,19.84182,19.84182,19.84182,19.84182,26.46247,19.84182,19.84182,11.1703,19.84182,19.84182,19.84182,19.84182,97.37823,19.84182,19.84182,19.84182,19.84182,19.84182,19.84182,19.84182,19.84182,19.84182,19.84182,
19.84182,19.84182,19.84182,19.84182,19.84182,19.84182,19.84182,19.84182,19.84182,52.87263,19.84182,19.84182,19.84182,19.84182,58.41263,19.84182,19.84182,19.84182,19.84182,19.84182,72.21384,19.84182,19.84182,19.84182,19.84182,19.84182,19.84182,19.84182,19.84182,19.84182,
19.84182,19.84182,19.84182,19.84182,19.84182,19.84182,19.84182,19.84182,19.84182,19.84182,19.84182,19.84182,19.84182,19.84182,19.84182,19.84182,19.84182,19.84182,19.84182,19.84182,19.84182,19.84182,19.84182,19.84182,19.84182,19.84182,19.84182,19.84182,19.84182,19.84182,
19.84182,19.84182,19.84182,19.84182,19.84182,19.84182,19.84182,19.84182,19.84182,19.84182,19.84182,19.84182,19.84182,19.84182,19.84182,19.84182,19.84182,19.84182,19.84182,19.84182,19.84182,19.84182,19.84182,19.84182,19.84182,19.84182,19.84182,19.84182,19.84182,19.84182,
19.84182,19.84182,19.84182,19.84182,19.84182,19.84182,19.84182,19.84182,19.84182,19.84182,19.84182,19.84182,19.84182,19.84182,19.84182,19.84182,19.84182,19.84182,19.84182,19.84182,19.84182,19.84182,19.84182,19.84182,19.84182,19.84182,19.84182,19.84182,19.84182,19.84182,
19.84182,19.84182,19.84182,19.84182,19.84182,19.84182,19.84182,19.84182,19.84182,19.84182,19.84182,19.84182,19.84182,19.84182,31.87597,19.84182,19.84182,19.84182,19.84182,19.84182,19.84182,19.84182,19.84182,19.84182,19.84182,19.84182,19.84182,19.84182,19.84182,19.84182,
19.84182,19.84182,19.84182,19.84182,19.84182,19.84182,19.84182,19.84182,19.84182,19.84182,19.84182,19.84182,19.84182,19.84182,41.47863,19.84182,19.84182,19.84182,19.84182,19.84182,19.84182,19.84182,57.91972,19.84182,19.84182,19.84182,19.84182,19.84182,19.84182,19.84182,
19.84182,19.84182,19.84182,19.84182,19.84182,19.84182,19.84182,19.84182,19.84182,19.84182,19.84182,19.84182,19.84182,19.84182,69.70459,19.84182,19.84182,19.84182,19.84182,19.84182,19.84182,19.84182,19.84182,19.84182,19.84182,19.84182,19.84182,19.84182,19.84182,19.84182,
19.84182,19.84182,19.84182,19.84182,19.84182,19.84182,19.84182,19.84182,19.84182,19.84182,19.84182,19.84182,19.84182,19.84182,19.84182,19.84182,19.84182,19.84182,19.84182,19.84182,19.84182,19.84182,19.84182,19.84182,19.84182,19.84182,19.84182,19.84182,19.84182,19.84182,
19.84182,19.84182,19.84182,19.84182,87.4703,19.84182,19.84182,19.84182,19.84182,19.84182,19.84182,19.84182,19.84182,19.84182,19.84182,19.84182,19.84182,19.84182,19.84182,19.84182,19.84182,19.84182,19.84182,19.84182,19.84182,19.84182,19.84182,19.84182,19.84182,19.84182,
19.84182,19.84182,19.84182,19.84182,19.84182,19.84182,87.4703,19.84182,19.84182,19.84182,19.84182,19.84182,19.84182,19.84182,19.84182,19.84182,19.84182,19.84182,19.84182,19.84182,19.84182,19.84182,19.84182,19.84182,19.84182,19.84182,19.84182,19.84182,19.84182,19.84182,
19.84182,19.84182,19.84182,19.84182,19.84182,19.84182,19.84182,19.84182,19.84182,19.84182,19.84182,19.84182,19.84182,19.84182,19.84182,19.84182,19.84182,19.84182,19.84182,19.84182,19.84182,19.84182,19.84182,19.84182,19.84182,19.84182,19.84182,19.84182,19.84182,19.84182,
19.84182,19.84182,19.84182,19.84182,19.84182,19.84182,19.84182,19.84182,19.84182,19.84182,19.84182,19.84182,19.84182,19.84182,19.84182,19.84182,19.84182,19.84182,19.84182,19.84182,19.84182,19.84182,19.84182,19.84182,19.84182,19.84182,19.84182,19.84182,19.84182,19.84182,
19.84182,19.84182,19.84182,19.84182,19.84182,19.84182,19.84182,19.84182,19.84182,19.84182,19.84182,19.84182,19.84182,12.07728,19.84182,19.84182,19.84182,19.84182,19.84182,19.84182,19.84182,19.84182,19.84182,19.84182,19.84182,19.84182,19.84182,19.84182,19.84182,19.84182,
19.84182,19.84182,19.84182,19.84182,19.84182,19.84182,19.84182,19.84182,19.84182,19.84182,19.84182,19.84182,19.84182,19.84182,19.84182,19.84182,19.84182,19.84182,17.24328,19.84182,19.84182,19.84182,19.84182,19.84182,19.84182,19.84182,19.84182,78.30606,19.84182,19.84182,
19.84182,19.84182,19.84182,19.84182,58.74941,19.84182,19.84182,19.84182,19.84182,19.84182,19.84182,19.84182,90.31252,19.84182,19.84182,19.84182,19.84182,19.84182,19.84182,19.84182,19.84182,19.84182,19.84182,19.84182,19.84182,19.84182,19.84182,19.84182,17.24328,19.84182,
19.84182,19.84182,19.84182,19.84182,19.84182,19.84182,19.84182,19.84182,19.84182,19.84182,19.84182,19.84182,19.84182,19.84182,17.24328,19.84182,19.84182,19.84182,19.84182,19.84182,19.84182,17.24328,19.84182,19.84182,19.84182,19.84182,90.31252,19.84182,19.84182,19.84182,
19.84182,19.84182,19.84182,19.84182,22.15407,19.84182,19.84182,19.84182,19.84182,19.84182,19.84182,19.84182,19.84182,19.84182,19.84182,54.40032,19.84182,19.84182,19.84182,19.84182,19.84182,19.84182,19.84182,19.84182,17.24328,19.84182,19.84182,19.84182,19.84182,19.84182,
19.84182,19.84182,19.84182,19.84182,19.84182,19.84182,19.84182,19.84182,19.84182,19.84182,19.84182,19.84182,19.84182,19.84182,19.84182,19.84182,22.15407,19.84182,19.84182,19.84182,19.84182,19.84182,19.84182,19.84182,19.84182,19.84182,19.84182,19.84182,19.84182,22.15407,
19.84182,19.84182,19.84182,19.84182,19.84182,19.84182,19.84182,19.84182,19.84182,19.84182,19.84182,19.84182,19.84182,19.84182,22.15407,19.84182,19.84182,19.84182,19.84182,19.84182,22.15407,19.84182,19.84182,19.84182,19.84182,19.84182,19.84182,19.84182,19.84182,19.84182,
19.84182,19.84182,19.84182,19.84182,19.84182,22.15407,19.84182,19.84182,19.84182,19.84182,19.84182,19.84182,19.84182,19.84182,19.84182,19.84182,40.23373,19.84182,19.84182,19.84182,19.84182,19.84182,19.84182,19.84182,19.84182,19.84182,19.84182,19.84182,19.84182,19.84182,
19.84182,19.84182,19.84182,19.84182,22.15407,19.84182,19.84182,19.84182,19.84182,19.84182,19.84182,19.84182,19.84182,19.84182,19.84182,19.84182,45.48206,19.84182,19.84182,19.84182,19.84182,19.84182,19.84182,19.84182,22.15407,19.84182,19.84182,19.84182,19.84182,19.84182,
