0
0.6342039
0.6344578
0.6344571
0.2172822
0.6344887
0.6344704
0.6344628
0.6344899
0.634489
0.6344781
0.6344774
0.6343971
0.6344016
0.6344537
0.6344573
0.6344558
0.6344533
0.6344761
0.6342279
0.6344768
0.6344774
0.6338252
0.634379
0.6344069
0.6335467
0.6343799
0.6335911
0.6343875
0.6343994
0.6343776
0.6344035
0.6342564
0.634405
0.634405
0.6343969
0.6344116
0.6344027
0.6337591
0.6337738
0.6338219
0.6344024
0.6335757
0.634414
0.6344215
0.6338043
0.6344643
0.6344279
0.6344126
0.6344029
0.6338207
0.6337847
0.6344066
0.6337561
0.6344191
0.6344061
0.6341449
0.6344627
0.6344202
0.6337406
0.6344069
0.6337827
0.6343997
0.6341417
0.6344087
0.6343895
0.6344062
0.6337381
0.6337426
0.6339765
0.633975
0.6342718
0.6335676
0.633561
0.6339504
0.6340215
0.6340725
0.634275
0.6340705
0.634285
0.6340765
0.6340753
0.6336172
0.6341019
0.6340736
0.6340573
0.6335811
0.6340622
0.6335795
0.6335815
0.6342199
0.633557
0.6341372
0.6341121
0.6334542
0.6341254
0.6337591
0.6344398
0.6339033
0.6344427
0.6341283
0.6344501
0.6344492
0.6344498
0.6337835
0.6338117
0.634465
0.6344605
0.6338096
0.6337603
0.6338172
0.6344347
0.6340687
0.6337318
0.6340686
0.6337703
0.633723
0.6338543
0.6340734
0.6336226
0.633567
0.6340584
0.6340748
0.6343015
0.634068
0.6338501
0.6336783
0.6340569
0.6340746
0.63368
0.6336787
0.6340672
0.6333647
0.6334627
0.6340644
0.6337121
0.6340649
0.6336504
0.6340564
0.6340613
0.634449
0.6344638
0.6344727
0.6338335
0.633991
0.634074
0.6342295
0.6340056
0.6344699
0.6342323
0.6338274
0.6344696
0.6338292
0.6336849
0.6338175
0.6335856
0.6336852
0.6338207
0.6339899
0.6344728
0.633687
0.6335805
0.6338239
0.634249
0.6342295
0.6342403
0.6342174
0.6338529
0.6338727
0.6345023
0.6338759
0.6338693
0.634231
0.6344603
0.6342463
0.6338454
0.6338418
0.634494
0.6338422
0.633836
0.6345046
0.6338426
0.6344971
0.6338865
0.6342317
0.6335233
0.6336035
0.63377
0.634232
0.6342368
0.6338609
0.6338463
0.6342455
0.6345157
0.6343203
0.634316
0.6344969
0.6343229
0.6344978
0.6345101
0.634505
0.6339091
0.6344933
0.6339242
0.6345078
0.6339278
0.6345013
0.6344978
0.634318
0.6343262
0.6341184
0.6341258
0.634513
0.6343362
0.6343512
0.6343296
0.6341125
0.6341927
0.6343265
0.6343044
0.6341288
0.6344346
0.6344593
0.6341404
0.6341398
0.6337469
0.6337221
0.6343387
0.634111
0.6337882
0.6336673
0.6341312
0.6337982
0.6337192
0.6336898
0.4005034
0.6336982
0.6337022
0.6336898
0.6341422
0.634141
0.6334767
0.6341733
0.6339006
0.6343254
0.6343186
0.634297
0.633893
0.6339044
0.6336043
0.6343287
0.6343233
0.6339001
0.6337242
0.6344278
0.6338727
0.6344328
0.6344134
0.633907
0.6338847
0.6338972
0.633616
0.6338943
0.6338922
0.6336017
0.6338882
0.6338997
0.6339086
0.6338915
0.6338999
0.6338993
0.6336324
0.6339014
0.6335005
0.6334788
0.6338955
0.6334586
0.6339067
0.6339158
0.6339062
0.6338856
0.6340395
0.6338906
0.6340587
0.6335595
0.6338989
0.6338848
0.6339054
0.6336728
0.6336639
0.6335737
0.6340728
0.6334873
0.6340525
0.6340516
0.6336008
0.6336139
0.6337218
0.6338356
0.1771418
0.6342809
0.6338405
0.6342897
0.6340479
0.6338964
0.633903
0.6339023
0.6335934
0.236324
0.6338922
0.6340423
0.6342551
0.6340537
0.6342224
0.6339058
0.6338937
0.6335798
0.6338969
0.6342393
0.6338384
0.6335036
0.6338871
0.6335264
