0.05170649,0.04689704,0.02978303,0.04994104,0.05735895,0.03148502,0.5419714,0.03832905,0.1127707,0.02695213,0.5352862,0.03469545,0.02798128,0.08054728,0.0259487,0.03992173,0.02705401,0.03341522,0.6342039,0.03431059,0.03738974,0.03183788,0.05021515,0.5250562,0.04016114,0.0389687,0.03082715,0.02812721,0.02995853,0.02758031,
0.6341889,0.5422344,0.535762,0.5289466,0.03390092,0.6342013,0.6338084,0.03070299,0.03365794,0.5439915,0.525561,0.6341315,0.04001007,0.5284259,0.08132362,0.0365721,0.03062294,0.02705459,0.03424931,0.5419701,0.5358086,0.03306373,0.5419765,0.6335968,0.5355747,0.6344578,0.5296831,0.525555,0.5350431,0.5255597,
0.6344571,0.633997,0.6337383,0.5422302,0.6344129,0.6334518,0.6326708,0.5296757,0.529672,0.5290667,0.5289314,0.5289125,0.6335991,0.5253522,0.6336053,0.5442306,0.5245422,0.6336071,0.528725,0.5437605,0.6344134,0.5422269,0.5288939,0.5288755,0.5255613,0.1291805,0.2166368,0.2150376,0.2133971,0.2144894,
0.1775298,0.1773953,0.1759031,0.1750936,0.2161542,0.2162143,0.2162256,0.2162364,0.2129194,0.2161953,0.2169272,0.2170509,0.2172822,0.1749205,0.1754756,0.2159624,0.2162019,0.1773968,0.2162107,0.1747988,0.1747888,0.2159562,0.2150388,0.1775309,0.2159583,0.2164598,0.1773877,0.2170594,0.2129191,0.02880893,
0.5241179,0.5248448,0.6327838,0.5258071,0.5255041,0.5281484,0.02811317,0.5439938,0.5357846,0.5289527,0.6343974,0.5442343,0.03324434,0.6344887,0.632719,0.6333239,0.6335818,0.528727,0.6335981,0.5258037,0.5281143,0.02856573,0.5427802,0.03117937,0.5427777,0.5278543,0.5246179,0.524596,0.5350502,0.5289701,
0.6344704,0.6342603,0.5244064,0.5281546,0.5246492,0.5246831,0.6325853,0.63246,0.6335142,0.6337898,0.5442302,0.528881,0.5425333,0.5437371,0.6327915,0.5287294,0.6328592,0.5253479,0.5245689,0.6336076,0.6335933,0.6336048,0.5287281,0.5437599,0.0302591,0.6344064,0.5431108,0.5245425,0.6328686,0.6333359,
0.6335837,0.6336549,0.6336238,0.5431104,0.632592,0.6332363,0.5442305,0.6327869,0.6335213,0.6325693,0.5297032,0.6325957,0.5431049,0.6344628,0.5412478,0.634186,0.6338044,0.5422299,0.525525,0.5246065,0.634405,0.5244066,0.5243996,0.5243932,0.5243864,0.543766,0.5245723,0.5246108,0.5281793,0.5246534,
0.6344588,0.6342673,0.5244,0.5243936,0.6325852,0.6335145,0.03800568,0.6344899,0.5412486,0.03242807,0.6344167,0.6339452,0.5244037,0.6344587,0.524406,0.524399,0.5243921,0.5244917,0.5254076,0.6326062,0.6335174,0.5412474,0.6344666,0.529703,0.524587,0.5246243,0.6327825,0.6332509,0.6332626,0.04314637,
0.634489,0.6344693,0.6324612,0.5412492,0.02669306,0.5294285,0.6343997,0.02764698,0.6344201,0.524408,0.5244008,0.634459,0.5244056,0.6344046,0.5244073,0.6344588,0.5244063,0.6344054,0.5244067,0.6344582,0.632627,0.6334595,0.633579,0.5412467,0.6344671,0.5244045,0.5407599,0.5437394,0.5245728,0.5253975,
0.6344569,0.6344376,0.5380605,0.5406647,0.6343968,0.6343768,0.6343578,0.5244064,0.03292856,0.5389366,0.5255652,0.634403,0.6326039,0.5297047,0.632794,0.5244071,0.6344781,0.6342818,0.5244054,0.6344045,0.6343263,0.544233,0.5261876,0.6344027,0.5253472,0.5407414,0.2032326,0.5409784,0.6327754,0.6334734,
0.6335971,0.6336089,0.6328267,0.5391866,0.6329876,0.6332039,0.6335313,0.6336154,0.5412429,0.5298728,0.1136929,0.5250559,0.5437976,0.6343916,0.5412462,0.5255457,0.6344774,0.6342635,0.6342493,0.5412509,0.6343932,0.6339408,0.5260071,0.6344027,0.6343824,0.03020021,0.5250621,0.6332253,0.6334677,0.6335528,
0.6336359,0.633705,0.5391859,0.524578,0.5407642,0.5407825,0.6343971,0.5253419,0.6341303,0.6337383,0.5298296,0.5407484,0.02591344,0.02656349,0.6332299,0.5412471,0.634393,0.5391874,0.04983992,0.6343808,0.6343186,0.6342844,0.5376099,0.5406715,0.6329867,0.632964,0.6334935,0.6335064,0.6328093,0.6334829,
0.6334965,0.6335099,0.5376092,0.6344016,0.6328585,0.6335301,0.6328195,0.6328033,0.5412486,0.634394,0.632857,0.6328405,0.6328234,0.6335144,0.5412489,0.6341078,0.6337246,0.6337124,0.5298321,0.5407459,0.5298945,0.634396,0.5376211,0.6343682,0.529834,0.540749,0.5255472,0.5276657,0.6329902,0.633483,
0.6334957,0.6335083,0.6328101,0.6334821,0.6328059,0.6327904,0.5412477,0.5298743,0.6343964,0.6343764,0.541248,0.6329818,0.6332027,0.6334896,0.6335728,0.6336413,0.5412478,0.6329826,0.5412497,0.6329833,0.5298315,0.5270963,0.6344537,0.5363558,0.6343717,0.525345,0.5407624,0.5300267,0.6329602,0.6334944,
0.633597,0.6336679,0.6336952,0.6337419,0.5296954,0.5361801,0.632973,0.5412486,0.5412425,0.634394,0.6328574,0.5412493,0.6329822,0.63344,0.6335343,0.5244004,0.6344573,0.6328673,0.6334333,0.6327994,0.63344,0.633536,0.6335875,0.632812,0.5268856,0.6343999,0.6343793,0.0264536,0.5265951,0.6329942,
0.6335249,0.6335978,0.6328183,0.6334709,0.6335945,0.6337436,0.5260105,0.6342261,0.5253499,0.6329926,0.633482,0.6328052,0.6334273,0.6335931,0.0770745,0.6343878,0.5253475,0.6344558,0.6341116,0.632853,0.6334729,0.5253485,0.63297,0.6334817,0.6334941,0.6335068,0.6336068,0.5244068,0.6344053,0.5268885,
0.6344533,0.6342633,0.6342494,0.6342366,0.634148,0.6341369,0.6339842,0.6329433,0.6334861,0.02754506,0.6329957,0.633302,0.5244016,0.6344056,0.6341373,0.6339931,0.6338758,0.6339338,0.6338916,0.6339152,0.6328362,0.6335284,0.6328184,0.5394967,0.6343973,0.6328585,0.6334323,0.6335946,0.5268841,0.5261835,
0.6344761,0.6342638,0.6328503,0.6334734,0.6337425,0.6328148,0.6332999,0.6328005,0.6327682,0.5244066,0.02767969,0.6343885,0.632942,0.6335274,0.6338121,0.2680343,0.6332748,0.6333347,0.6335032,0.6335753,0.6335456,0.6335503,0.6336203,0.6335885,0.6328253,0.6328092,0.6334817,0.6334958,0.6335095,0.6336545,
0.6336237,0.6337776,0.6337364,0.6337247,0.5244058,0.2574168,0.633206,0.6327842,0.6327692,0.6335225,0.6335351,0.6328175,0.6334732,0.6335847,0.6335945,0.6328261,0.6328101,0.6327938,0.6327775,0.6327534,0.6333913,0.633547,0.2543516,0.6342279,0.6328422,0.6334862,0.6328066,0.6334836,0.6334971,0.2680353,
0.6330765,0.6334352,0.6328,0.6327839,0.6327686,0.6327538,0.6335196,0.6337777,0.6332204,0.6327476,0.633463,0.6328027,0.6333842,0.6333981,0.6327916,0.6332965,0.6327872,0.6327729,0.6335227,0.0531594,0.6344768,0.634279,0.6342621,0.6328492,0.6328321,0.6328151,0.6327985,0.6334382,0.6335365,0.6335897,
0.6336004,0.6336713,0.6336981,0.6330985,0.03105474,0.6344774,0.63285,0.6335294,0.6328182,0.6333857,0.6335173,0.6331973,0.6327417,0.6334353,0.6328,0.6327847,0.6327695,0.6334784,0.6335313,0.6328229,0.632807,0.6327912,0.6327757,0.6327599,0.633378,0.6327872,0.6327721,0.6334623,0.6337358,0.6335037,
0.6335801,0.6338252,0.6336876,0.6328263,0.6334849,0.6328068,0.6333852,0.6335961,0.6328244,0.6333874,0.6335975,0.6337466,0.02920755,0.6330108,0.6335256,0.632817,0.6328017,0.632866,0.6327192,0.6334755,0.6335285,0.6336048,0.6336075,0.632924,0.6327386,0.632631,0.6334273,0.6328003,0.6327848,0.6327689,
0.6332951,0.6335052,0.6335742,0.6328138,0.633385,0.6335045,0.6328061,0.6328776,0.6327228,0.6327114,0.6333753,0.6328013,0.6335253,0.6328174,0.6334296,0.6328,0.03289142,0.6329905,0.3620374,0.634379,0.03167012,0.6337563,0.6328065,0.6327904,0.6326452,0.6326414,0.6334676,0.6334969,0.6335101,0.6335205,
0.6335311,0.6334957,0.6335089,0.6328073,0.6333845,0.6334933,0.6335042,0.6335447,0.6335866,0.6337354,0.6328239,0.6334285,0.6328002,0.03037544,0.6344069,0.6342551,0.6335774,0.6335645,0.6327822,0.6332808,0.6335369,0.6332222,0.6330271,0.6327367,0.6327236,0.6327109,0.6334171,0.6334302,0.6328006,0.6327854,
0.6334811,0.6335335,0.6335007,0.6327906,0.6327759,0.6327624,0.6327473,0.6327327,0.6334333,0.6334887,0.6331918,0.07364925,0.6329791,0.6334941,0.6335467,0.6335025,0.6327904,0.6327756,0.6334239,0.6327987,0.6327829,0.6326028,0.6334752,0.6332924,0.6327917,0.6334353,0.6328009,0.6334662,0.6334805,0.6335344,
0.633557,0.6335654,0.6335328,0.6335075,0.6327769,0.6334804,0.6334984,0.6335105,0.6334999,0.6335484,0.633112,0.6327432,0.6334219,0.6335837,0.6328202,0.633428,0.6334867,0.6327869,0.6327732,0.6326566,0.6327534,0.6334753,0.6334891,0.6335023,0.6332977,0.03374191,0.6343799,0.6333523,0.6327745,0.6327609,
0.6334369,0.6335911,0.6331274,0.6334551,0.633467,0.6335533,0.6328117,0.6327958,0.6327805,0.6326644,0.04081344,0.6330001,0.632906,0.633497,0.6335501,0.6335706,0.632809,0.6327935,0.6334254,0.6328002,0.6326976,0.63348,0.6335329,0.6335156,0.6335526,0.632809,0.6327931,0.6327774,0.6334809,0.6328066,
0.6335018,0.6336506,0.63362,0.6331198,0.6327444,0.6192337,0.6343642,0.6328595,0.6326361,0.6334788,0.6335308,0.6328059,0.6327901,0.6334802,0.633494,0.6335078,0.0909113,0.6337643,0.03569156,0.6329759,0.6334818,0.6335346,0.6328054,0.6327016,0.03188907,0.6343875,0.6328591,0.6334743,0.6335269,0.63351,
0.6335472,0.6335665,0.6335357,0.6335333,0.6335436,0.6335936,0.08643585,0.6329929,0.6334391,0.6335457,0.633597,0.6331133,0.6334534,0.6332939,0.6330532,0.6334988,0.6335968,0.6336591,0.06152891,0.02740725,0.6343913,0.6343281,0.6342936,0.6328564,0.6334319,0.6334456,0.6334909,0.6192325,0.6343994,0.6328585,
0.6334745,0.6335284,0.6335106,0.6335469,0.6335659,0.6335354,0.6328101,0.6334846,0.6328053,0.6326143,0.6334347,0.6334482,0.6334609,0.6334729,0.6328058,0.6328762,0.6330428,0.6334496,0.6335411,0.6335534,0.6328125,0.6334707,0.6334841,0.6334971,0.6333449,0.6221048,0.6343705,0.02980412,0.6343776,0.6333514,
0.6334891,0.6334998,0.6335104,0.6328079,0.6334832,0.6334962,0.632808,0.6334828,0.6332944,0.6335171,0.6328083,0.6334834,0.6332942,0.6335188,0.04049338,0.6344035,0.6342545,0.6341978,0.6334223,0.6335309,0.6335818,0.04120959,0.633572,0.6333966,0.63353,0.02649042,0.6343722,0.6343245,0.6342917,0.6342708,
0.6342154,0.6342564,0.6341631,0.6334234,0.6335304,0.6335418,0.6333497,0.6335313,0.6335819,0.6335621,0.6335656,0.6335734,0.6335812,0.6336288,0.6336097,0.6336446,0.6336223,0.6336569,0.6333523,0.6334856,0.6335595,0.6335703,0.6335807,0.6335897,0.6336628,0.6336618,0.6328182,0.04120927,0.6335955,0.6335139,
0.633549,0.6335951,0.6336422,0.02622785,0.634405,0.6343858,0.6343679,0.63435,0.6334193,0.6335288,0.0285046,0.634385,0.634322,0.633418,0.6334027,0.6334915,0.6333454,0.6335298,0.6328094,0.6334819,0.6333426,0.6333298,0.6335268,0.6335396,0.6335512,0.6335987,0.6335772,0.6335731,0.633581,0.6335901,
0.6335979,0.6336061,0.6333642,0.6335332,0.6335449,0.6335549,0.6335636,0.6333554,0.633486,0.6335717,0.6336203,0.6335984,0.6336002,0.63361,0.6336177,0.6333642,0.6334683,0.6333393,0.63353,0.6335416,0.6333503,0.03488586,0.634405,0.6343847,0.6334252,0.03096943,0.6335998,0.633545,0.6335577,0.6335683,
0.6335772,0.6335855,0.6335934,0.6336014,0.6336085,0.633362,0.6333492,0.6333355,0.6335275,0.6333485,0.6335296,0.6335424,0.6335927,0.6336541,0.6336272,0.6336179,0.6335824,0.6335781,0.6335882,0.633664,0.6336659,0.6333624,0.0655049,0.6343969,0.6343334,0.634299,0.6342781,0.634262,0.6342495,0.6334141,
0.633494,0.6335768,0.03841853,0.6344116,0.6343915,0.6343731,0.6343554,0.6342335,0.6334211,0.633201,0.6335301,0.6333473,0.6335182,0.6333461,0.6334826,0.6335721,0.6336942,0.6333551,0.03910501,0.6335807,0.6335451,0.6335568,0.633512,0.633294,0.6334584,0.04081333,0.6344014,0.6341973,0.6341171,0.6334033,
0.6335379,0.6335493,0.6335593,0.633341,0.6335302,0.6333486,0.6333352,0.6330497,0.6334535,0.6333406,0.6335298,0.6335422,0.04646092,0.6344027,0.6341997,0.6334203,0.6335288,0.6335409,0.6335522,0.6333525,0.03291871,0.633765,0.633422,0.6328396,0.6334182,0.6334829,0.6335588,0.6335694,0.6336191,0.6335979,
0.6335996,0.6336725,0.6336321,0.6335133,0.6335462,0.6337591,0.6336585,0.6336641,0.6336692,0.6333554,0.6335191,0.6333457,0.6335298,0.6330884,0.6328654,0.633484,0.6335626,0.6333439,0.6334639,0.6335743,0.6335838,0.6333572,0.6335317,0.6335436,0.6335543,0.633563,0.6333427,0.6333277,0.6334624,0.633572,
0.6337738,0.6336633,0.6337733,0.6333523,0.6335299,0.6335419,0.6335536,0.6335625,0.6335719,0.6335799,0.6335884,0.6335967,0.6333486,0.6335306,0.6333483,0.6328937,0.6334878,0.6335006,0.6330864,0.6334959,0.6335077,0.6335204,0.127413,0.6335678,0.6335459,0.6335396,0.6335527,0.6335638,0.6335737,0.6333553,
0.6333898,0.6335579,0.6335736,0.6335828,0.6335912,0.6333576,0.6335318,0.633544,0.6335546,0.6337644,0.6336666,0.6338219,0.633698,0.6337011,0.633373,0.6335342,0.6335471,0.633557,0.6335651,0.6337765,0.633353,0.6335297,0.6335379,0.6335521,0.6335636,0.633574,0.6335826,0.6335905,0.6333576,0.633521,
0.6337457,0.6337715,0.6336539,0.6336584,0.6336643,0.6333687,0.6335211,0.6335334,0.633545,0.6335553,0.6335641,0.6329391,0.6334915,0.6335042,0.6337398,0.02699534,0.6344024,0.6343831,0.6334223,0.02701244,0.6342714,0.6339113,0.6339089,0.6339051,0.6339002,0.633575,0.6335553,0.6335674,0.6335777,0.6333545,
0.633531,0.6335436,0.6333489,0.6335312,0.6335428,0.6333501,0.6335312,0.6335436,0.633554,0.6335632,0.6335459,0.6333436,0.6335292,0.6335413,0.6335523,0.633561,0.6335691,0.6333562,0.6335312,0.6333479,0.6335189,0.633346,0.6335305,0.6335427,0.6335531,0.6333518,0.6333337,0.6335544,0.6335659,0.6335757,
0.6335834,0.6335925,0.6333588,0.63352,0.6335326,0.6335442,0.6335551,0.6333537,0.6333408,0.6333262,0.633526,0.6335385,0.6328859,0.6327649,0.6334961,0.6335334,0.6335548,0.6335664,0.6333507,0.6335306,0.6335425,0.6335527,0.6335618,0.6335697,0.6333567,0.6335198,0.02850473,0.634414,0.6343935,0.6343743,
0.6343566,0.6343377,0.6334178,0.6335394,0.6335512,0.6335602,0.6335823,0.03147736,0.6344215,0.6344005,0.6343809,0.6334229,0.6335408,0.6335897,0.6336235,0.6336401,0.6336483,0.6336291,0.6337903,0.6336429,0.6336491,0.6329148,0.63348,0.6336072,0.63373,0.6337342,0.6337326,0.633737,0.6337415,0.6337467,
0.633755,0.6337619,0.6333789,0.6335219,0.6328986,0.6334811,0.6334943,0.6333298,0.6335256,0.6336276,0.6337486,0.6337515,0.6337498,0.6337324,0.6337551,0.6337427,0.6337654,0.6329156,0.6334811,0.6335479,0.6335824,0.6336014,0.6336117,0.633625,0.6336301,0.6337811,0.6336409,0.6336868,0.6338043,0.6333704,
0.6335338,0.6337535,0.6336326,0.6336406,0.6336476,0.633655,0.6336885,0.6338059,0.6338079,0.6338044,0.6337838,0.6338041,0.6338128,0.6338139,0.6338157,0.6333857,0.6335352,0.6335472,0.6333508,0.6335311,0.6335423,0.6335521,0.6335617,0.6335701,0.02950326,0.63358,0.03488586,0.03294472,0.6344643,0.6344433,
0.6344224,0.6343999,0.6343236,0.6339407,0.6333839,0.6335232,0.6335353,0.6335472,0.633557,0.6335661,0.6336415,0.6337622,0.6337659,0.6337642,0.6338212,0.6336625,0.633692,0.6337039,0.5364199,0.6344279,0.6343066,0.6342906,0.6334154,0.633543,0.6335779,0.6335721,0.633602,0.6330373,0.6334949,0.6335071,
0.6335553,0.633567,0.6336012,0.03478591,0.6341469,0.633408,0.2543444,0.6341441,0.6337538,0.5364218,0.6337185,0.6335675,0.6335768,0.633586,0.6336172,0.6336495,0.03347857,0.6344126,0.6339397,0.633384,0.6335394,0.6333499,0.6335769,0.6337006,0.6337048,0.6336853,0.6336313,0.6337553,0.6337383,0.6337584,
0.6337701,0.6338227,0.6336636,0.633693,0.5249533,0.6344028,0.6343599,0.6343589,0.6339312,0.6336908,0.6338043,0.6336484,0.6336907,0.6336969,0.6337026,0.633819,0.2639175,0.1025457,0.6344029,0.6343609,0.6338033,0.6334592,0.6332686,0.6332625,0.633285,0.6335877,0.4936062,0.6332777,0.6332986,0.6333215,
0.6335268,0.6335394,0.6335505,0.633631,0.633752,0.6337561,0.6337336,0.6337547,0.6328556,0.6334815,0.6335491,0.6333515,0.6335307,0.6333489,0.6335192,0.6333452,0.6333311,0.6335329,0.6337672,0.6336469,0.6336768,0.6336907,0.6336967,0.6337985,0.633647,0.6336715,0.6337039,0.6338207,0.6334847,0.633343,
0.6335467,0.6337574,0.6336336,0.6337847,0.6333561,0.6335776,0.633643,0.6336949,0.6328506,0.6327555,0.6334859,0.6334993,0.6335358,0.6335723,0.6337717,0.6336385,0.633364,0.6335334,0.6335449,0.6335545,0.6335636,0.6333547,0.6335301,0.633543,0.6335797,0.6336142,0.6336308,0.6336395,0.633646,0.6333612,
0.6333051,0.6333135,0.0794038,0.02610043,0.6344066,0.6343867,0.6343686,0.6334209,0.6335278,0.633752,0.6336322,0.633361,0.633173,0.6330508,0.6330429,0.6335103,0.6335217,0.6335646,0.6335993,0.6336172,0.6337839,0.6336415,0.6336481,0.6336551,0.6336627,0.6336685,0.633795,0.6333576,0.6335311,0.6335427,
0.6335531,0.6335617,0.6332465,0.6335071,0.6335183,0.6335299,0.6337561,0.633634,0.6336412,0.6336481,0.6336549,0.6333544,0.6335192,0.6333452,0.6333313,0.6335273,0.6333473,0.6333377,0.6335283,0.6333485,0.6335296,0.6337523,0.6336321,0.6336389,0.6336467,0.6333658,0.6335202,0.63375,0.6336306,0.6336373,
0.6337811,0.6337753,0.6337714,0.6333638,0.6335211,0.6337491,0.633631,0.6336424,0.633647,0.6336539,0.63366,0.493421,0.6329989,0.6330203,0.6330409,0.6334937,0.6335061,0.02781216,0.6344191,0.6343983,0.6343834,0.6334232,0.6335282,0.6335407,0.6333492,0.6335317,0.6337488,0.6336228,0.6336408,0.6335727,
0.6335529,0.6335644,0.6337629,0.6336354,0.6336417,0.6336481,0.6336595,0.6336635,0.6336828,0.02781226,0.6343976,0.6339381,0.6339237,0.6333782,0.6335348,0.6337539,0.6336344,0.6336415,0.6335737,0.6333843,0.02615799,0.6344061,0.4934294,0.6323535,0.6331647,0.6332631,0.6332533,0.633518,0.6333478,0.6335555,
0.6335632,0.6335731,0.6335636,0.6335522,0.6335636,0.6335738,0.6333392,0.6335276,0.6335406,0.6335517,0.6333528,0.6333396,0.6335276,0.6335398,0.6335551,0.6335617,0.6333543,0.6335314,0.6335438,0.6335543,0.6335635,0.6333547,0.6333026,0.4933266,0.3132053,0.6341449,0.6334077,0.6335512,0.6335588,0.6335692,
0.6337608,0.6336334,0.6336405,0.6336473,0.6336546,0.6333679,0.6335324,0.6335447,0.6335694,0.6335838,0.6335739,0.6335756,0.03037171,0.633577,0.6335438,0.6335556,0.4842587,0.3020021,0.6344175,0.6333654,0.6335255,0.02675155,0.6344627,0.6334154,0.633526,0.6333479,0.6335297,0.6335413,0.6335523,0.6335613,
0.633574,0.6335797,0.03043232,0.6344059,0.6343856,0.6334244,0.6335166,0.633564,0.038231,0.03508803,0.6335784,0.6335556,0.6333222,0.6335474,0.633559,0.6333529,0.6335302,0.04310296,0.3014962,0.6344202,0.6334279,0.6335552,0.6333503,0.6333369,0.6335275,0.6335396,0.6337525,0.6333634,0.6335334,0.6335598,
0.6335567,0.6335606,0.6335702,0.6335799,0.6333456,0.633506,0.6335682,0.6335766,0.633355,0.6333411,0.6335282,0.6333484,0.6333354,0.6333209,0.6333063,0.6335229,0.6335343,0.6335454,0.6335561,0.6333541,0.6328511,0.6327541,0.6334862,0.6337406,0.3020158,0.05565469,0.6335868,0.03459105,0.633579,0.6335052,
0.6333393,0.6332862,0.6332748,0.6335196,0.03037289,0.6330966,0.6334941,0.6333414,0.6333271,0.6335278,0.6333484,0.6335176,0.6335306,0.6335431,0.6328988,0.6327674,0.6328406,0.6334899,0.6335013,0.6335153,0.6335325,0.6333509,0.6328507,0.6334743,0.6334879,0.6331222,0.02835697,0.6344069,0.633419,0.6335272,
0.6335544,0.633552,0.6333527,0.6335307,0.6335571,0.6335549,0.6335592,0.6337827,0.6329035,0.633479,0.6334926,0.6333433,0.6335293,0.6333505,0.04545968,0.6330979,0.6334956,0.6328924,0.6334513,0.6335248,0.6337517,0.6333519,0.6335305,0.6333474,0.6335299,0.6328816,0.6334772,0.6335062,0.6333552,0.6333427,
0.6333299,0.6333348,0.6332849,0.6335104,0.6335366,0.6337502,0.6328999,0.6327674,0.633474,0.6337358,0.03478629,0.6343962,0.6334178,0.632866,0.6328518,0.6334586,0.6334717,0.6334855,0.6333482,0.02727206,0.6343997,0.6343804,0.63295,0.6334857,0.02906979,0.6337531,0.6334094,0.633504,0.633578,0.6335845,
0.6335934,0.6336142,0.6335105,0.6328803,0.02704677,0.6341417,0.6341229,0.6337451,0.6337418,0.6335425,0.6335483,0.02641857,0.6335769,0.6335544,0.6335336,0.6332881,0.6332065,0.6334837,0.6337324,0.6336265,0.633649,0.6336607,0.6329094,0.63348,0.6334973,0.6335241,0.6333452,0.6328506,0.6326998,0.6334708,
0.6337363,0.633732,0.633602,0.03612888,0.6334713,0.6335143,0.6335623,0.633352,0.6335194,0.6335079,0.6334966,0.6327721,0.6326996,0.6334476,0.6332577,0.6328439,0.6332093,0.6335421,0.6331984,0.6335073,0.6335343,0.6328982,0.6334515,0.6334866,0.6328776,0.6328633,0.6329008,0.6335026,0.05725618,0.6344087,
0.6343895,0.6339352,0.6329245,0.03484803,0.6342789,0.6339648,0.6337036,0.6337067,0.6329185,0.6330441,0.6332056,0.6331928,0.6335102,0.6327999,0.632786,0.6328822,0.6330574,0.6332482,0.63332,0.632841,0.6334883,0.6333411,0.6335297,0.633511,0.6328828,0.6332276,0.6335166,0.63289,0.6327189,0.6326495,
0.6334873,0.6337292,0.04454361,0.6329916,0.633044,0.6332645,0.6335382,0.6335116,0.6327897,0.6327764,0.6327674,0.6327609,0.6327515,0.6327425,0.6327337,0.03484801,0.6344062,0.6339397,0.6336932,0.6328171,0.6327434,0.1267031,0.6343865,0.6329464,0.6329283,0.6332201,0.633399,0.6335167,0.6333501,0.6333073,
0.6335174,0.6335435,0.6333468,0.6334409,0.6327985,0.6327845,0.6327103,0.6326813,0.6333669,0.6335707,0.632883,0.6333351,0.6328871,0.6327072,0.6334445,0.6328838,0.6334784,0.6337381,0.6335102,0.6333564,0.6328835,0.6329057,0.6330792,0.6330484,0.6328009,0.6334566,0.6328048,0.6333209,0.6328707,0.6334891,
0.6337426,0.633633,0.6328918,0.6327097,0.6326968,0.6332076,0.4841533,0.1683314,0.6330783,0.6334652,0.6328999,0.632713,0.6327146,0.6327721,0.6327621,0.6326553,0.633107,0.6333755,0.6333892,0.6335416,0.6333552,0.6331763,0.6328402,0.6327521,0.6334596,0.6334723,0.6328082,0.6327924,0.6327189,0.6327446,
0.6332161,0.6334452,0.6327692,0.6327564,0.6330144,0.6327273,0.6331155,0.4841498,0.1026194,0.6335766,0.6331234,0.6330857,0.633204,0.6330867,0.6334946,0.6336905,0.6337,0.0310806,0.6339765,0.6328326,0.6327951,0.6327745,0.3045441,0.6330848,0.6330624,0.6331459,0.6332719,0.6334988,0.6333495,0.6333359,
0.6331686,0.6332322,0.6333177,0.6334925,0.6330529,0.6331523,0.6333969,0.6327852,0.6330187,0.6327297,0.6330119,0.03611552,0.633975,0.6329342,0.6330455,0.6328248,0.6332203,0.6327674,0.6327534,0.4858631,0.6331111,0.6328654,0.6332259,0.6333601,0.6328674,0.6330359,0.6331649,0.6333493,0.6327616,0.63269,
0.6330149,0.6330255,0.6332713,0.03047762,0.6342718,0.6337333,0.6330808,0.6330786,0.6328261,0.6328135,0.6330278,0.6327308,0.6331165,0.6330248,0.6330575,0.6171531,0.6339046,0.6328239,0.08227541,0.6340691,0.6337661,0.6328094,0.6330229,0.6331581,0.6332843,0.6328628,0.6327043,0.6331146,0.6328423,0.6326971,
0.6333207,0.6335676,0.6330648,0.633066,0.6330027,0.6330636,0.6330724,0.6330802,0.6328285,0.6326895,0.6331126,0.6331251,0.633251,0.6332557,0.6332554,0.6331707,0.6332936,0.6327749,0.6331098,0.6332396,0.6328403,0.6330326,0.6331722,0.6331832,0.6333864,0.6327841,0.6327118,0.6331095,0.633014,0.6330637,
0.6331798,0.633395,0.633561,0.6334454,0.6328836,0.6327253,0.6328681,0.6326566,0.6333209,0.6330432,0.6330711,0.6328236,0.63303,0.6331615,0.6327568,0.6331186,0.6331311,0.6332593,0.6332634,0.6332629,0.632754,0.6325793,0.6331094,0.6332401,0.632842,0.6330318,0.633163,0.633175,0.6332967,0.6332022,
0.6333216,0.6332305,0.6332346,0.6332418,0.6328536,0.6331429,0.6331527,0.6332797,0.6332015,0.6331823,0.6333055,0.6332102,0.6333287,0.63324,0.6327689,0.6333178,0.6333311,0.6335719,0.6334717,0.6333301,0.6333061,0.6334209,0.6335752,0.6335679,0.02750612,0.6339504,0.6328279,0.6326158,0.6326396,0.6325233,
0.633001,0.6330117,0.6331531,0.6331645,0.6155825,0.6340215,0.6337474,0.6328126,0.632903,0.6330651,0.6327222,0.6326674,0.6331306,0.6331399,0.6331499,0.6331596,0.6332828,0.6332862,0.6333948,0.6336014,0.633602,0.6327962,0.6326827,0.6331208,0.6331829,0.6331788,0.6333927,0.6334038,0.6327876,0.6327146,
0.6331114,0.6332403,0.6332453,0.6331571,0.6332818,0.6331931,0.6333127,0.6333166,0.633222,0.6334026,0.632835,0.6327127,0.6326837,0.02944379,0.6340725,0.6340515,0.6327184,0.632876,0.6331437,0.6331884,0.6331089,0.6326331,0.03509738,0.6335261,0.6155858,0.06628498,0.6340639,0.6340414,0.6340198,0.6339973,
0.6339763,0.6339566,0.6339402,0.6326736,0.6331197,0.6331303,0.6332574,0.6331664,0.6331733,0.6331823,0.6332014,0.6331837,0.633193,0.63335,0.6332579,0.6331879,0.6330192,0.6331761,0.6331854,0.6327665,0.6331131,0.6331256,0.03147792,0.634275,0.05525538,0.6335685,0.6332707,0.6332802,0.6332843,0.6326761,
0.6333187,0.6335671,0.6335652,0.6332277,0.6331856,0.6331978,0.6332056,0.6332144,0.6326692,0.6331153,0.6331447,0.6331692,0.6331783,0.6331893,0.6331983,0.6332058,0.6332136,0.6332236,0.6332296,0.63324,0.6332462,0.6326536,0.6326395,0.6326749,0.633115,0.02967633,0.6340705,0.6336786,0.6336474,0.6336511,
0.6335285,0.633477,0.6336394,0.633635,0.6336311,0.633225,0.6331854,0.6331946,0.02717766,0.634285,0.6338754,0.6339474,0.6332414,0.6326469,0.6326228,0.6331052,0.6331183,0.6331817,0.02948637,0.6340731,0.6337682,0.2215921,0.632885,0.6331245,0.6331362,0.6331475,0.6331573,0.6331667,0.6331776,0.6331844,
0.6333897,0.6336038,0.6336004,0.6335968,0.6326024,0.6325929,0.6331026,0.6331156,0.6331287,0.6331391,0.6331487,0.6331578,0.02870566,0.6328875,0.6330297,0.6331608,0.633267,0.6333105,0.6333603,0.6334577,0.6333534,0.6333537,0.6333574,0.6331927,0.6331784,0.6331883,0.6331982,0.6332067,0.02871086,0.6340765,
0.6340539,0.6340304,0.6332529,0.6331916,0.6332011,0.04368296,0.6340753,0.6339458,0.6339261,0.633944,0.6339263,0.6339083,0.0510414,0.6329057,0.6331618,0.6333396,0.6332421,0.6332494,0.6332577,0.6332293,0.6332628,0.6332465,0.6331741,0.6331765,0.6332467,0.6332884,0.6334182,0.6333098,0.6334443,0.6334175,
0.6336172,0.6336131,0.6335753,0.6334118,0.6334474,0.6334618,0.6334133,0.6335069,0.6335028,0.633463,0.6332185,0.6331846,0.6332457,0.633289,0.6332985,0.6333992,0.6334007,0.6333258,0.6331934,0.6331802,0.633189,0.6331986,0.6332446,0.6332858,0.6333023,0.6333068,0.6334223,0.6332784,0.6333163,0.633449,
0.6333392,0.6333376,0.6333081,0.02734371,0.6341019,0.6339438,0.6339266,0.6337084,0.6335839,0.6335765,0.6332225,0.6331851,0.6332781,0.6333818,0.6333081,0.6327326,0.6331769,0.6332568,0.6332865,0.6332906,0.6332933,0.6332988,0.6333049,0.6332524,0.02851026,0.6340775,0.634054,0.633258,0.6331918,0.6332023,
0.6332481,0.6332921,0.632855,0.6331208,0.6329538,0.6331369,0.6331486,0.6332526,0.6333555,0.6333254,0.6332861,0.6333494,0.6333733,0.6331825,0.6331762,0.6331851,0.6331947,0.6332036,0.6333739,0.6335743,0.6335065,0.6335529,0.6331977,0.633118,0.633176,0.633184,0.6331937,0.6332034,0.06385456,0.6340736,
0.6340505,0.6340279,0.6336511,0.6337236,0.6330126,0.6331465,0.6331577,0.6331686,0.6331776,0.6331863,0.6331938,0.6332332,0.6333779,0.633571,0.633569,0.633567,0.6334988,0.1518194,0.6340573,0.6332591,0.6331918,0.6331725,0.6330997,0.6331744,0.6331844,0.6328509,0.6331198,0.6331194,0.633232,0.633182,
0.6331733,0.633182,0.6332779,0.6333923,0.6335811,0.6334925,0.6334759,0.6334829,0.6332254,0.6331859,0.633159,0.6331725,0.6331828,0.6331933,0.6332008,0.6332077,0.6329721,0.6331411,0.6332145,0.6332058,0.6331889,0.6328507,0.6331307,0.6331425,0.6331526,0.6331711,0.6331806,0.6331907,0.6332288,0.6331965,
0.6332055,0.6332884,0.6333901,0.6333909,0.6333905,0.6333939,0.6333982,0.6332549,0.6332025,0.6332857,0.6332951,0.6334012,0.6334093,0.6335468,0.6332119,0.6331986,0.6333472,0.6335588,0.02722026,0.6340622,0.6340393,0.6340196,0.633251,0.6331907,0.6332006,0.6332115,0.6331661,0.6331727,0.6331815,0.6332274,
0.6331938,0.6332028,0.6331761,0.633244,0.6331735,0.196791,0.6334619,0.633233,0.633298,0.6331846,0.6331788,0.6331879,0.6331995,0.6332298,0.6332642,0.6333866,0.6335795,0.6335781,0.6332186,0.6332053,0.6331814,0.6331903,0.6332009,0.6332778,0.6327801,0.6331108,0.6331261,0.6331484,0.6330764,0.6333396,
0.6335555,0.633553,0.6335562,0.6332121,0.6331995,0.6331867,0.6333452,0.633357,0.6332092,0.6333496,0.6335611,0.6332162,0.6331837,0.6331932,0.6332031,0.6332117,0.6331669,0.6331563,0.6331459,0.6330749,0.6331764,0.6331569,0.6331723,0.6331676,0.6331748,0.6331841,0.6332787,0.6333927,0.6335815,0.632782,
0.6331118,0.6331241,0.6333606,0.6335618,0.6332142,0.6332017,0.6331893,0.6331865,0.6332269,0.6327419,0.6326482,0.6331103,0.6331236,0.6332385,0.6332483,0.6333248,0.6331886,0.6331766,0.6331641,0.6331714,0.6327567,0.633177,0.6331615,0.6333427,0.035617,0.03290571,0.6342199,0.6338426,0.6338316,0.632812,
0.633306,0.6335402,0.6327929,0.6326149,0.6327503,0.03632839,0.633451,0.6334292,0.6332313,0.6331693,0.6333442,0.633557,0.6332159,0.6331835,0.6331928,0.6332285,0.6331437,0.6331689,0.6331791,0.6331602,0.6331491,0.6333416,0.6327889,0.6331802,0.6332607,0.6331757,0.6327227,0.6327087,0.6331829,0.6333579,
0.6335654,0.633563,0.03261552,0.6341372,0.6338915,0.6332554,0.6327558,0.6333004,0.6335304,0.6332081,0.6333374,0.6335528,0.6335508,0.6327931,0.6331138,0.6327512,0.6326461,0.6326522,0.6326593,0.6331133,0.6333531,0.6335639,0.6327953,0.6326608,0.6331127,0.6332432,0.6327745,0.6331794,0.6331742,0.6329092,
0.6332079,0.6332871,0.6327718,0.632758,0.6324092,0.633276,0.06669175,0.6329913,0.6327961,0.6332009,0.6329564,0.6327605,0.4852979,0.63223,0.6330621,0.6331448,0.6331699,0.6327581,0.6221486,0.6341121,0.6332714,0.6331949,0.633161,0.6331506,0.6331702,0.6331798,0.6327603,0.6331779,0.6331872,0.6330677,
0.6332515,0.6333287,0.6327765,0.6326604,0.6331115,0.6327499,0.632737,0.6331176,0.6332457,0.6331863,0.02755976,0.633003,0.6327252,0.6329734,0.632722,0.6331723,0.6327662,0.02713064,0.6334542,0.6332857,0.6333893,0.6331956,0.6330727,0.6331176,0.6331062,0.6330987,0.6331678,0.6332718,0.6331912,0.6327255,
0.6326436,0.6331108,0.6331561,0.6332397,0.6327743,0.6331784,0.6334051,0.632782,0.6331095,0.6327516,0.6331082,0.6331421,0.6331319,0.6331235,0.6331129,0.6330484,0.6327217,0.1718415,0.6341254,0.6338894,0.6338748,0.6337578,0.0312263,0.6340699,0.6328186,0.6331963,0.6327684,0.6327559,0.6334867,0.6328106,
0.6331838,0.6332648,0.6332942,0.6335312,0.6337187,0.6337099,0.6337024,0.6336945,0.6336873,0.6329455,0.633198,0.6331642,0.6327335,0.6326404,0.6326457,0.6328574,0.63314,0.6331608,0.6334442,0.6332161,0.6332028,0.03083911,0.6329911,0.6329685,0.6329919,0.6335229,0.6337591,0.6337049,0.6336293,0.6332492,
0.6332471,0.6333238,0.6327743,0.6331787,0.6332878,0.6332924,0.6335415,0.6337215,0.6337115,0.6335693,0.6328155,0.6328056,0.6329703,0.633508,0.6337144,0.6335761,0.6335097,0.633686,0.6336801,0.02803195,0.6344398,0.6344196,0.6338555,0.633234,0.6327361,0.6334845,0.6336176,0.6332239,0.6335124,0.6332254,
0.6335135,0.6335254,0.6335925,0.6335781,0.6337044,0.6337087,0.6328411,0.6331861,0.6331982,0.6334713,0.6332198,0.02963925,0.6339033,0.6332508,0.6334538,0.6336685,0.6336086,0.6337259,0.633717,0.6327977,0.6334912,0.6337488,0.6328184,0.633492,0.6337119,0.633575,0.633401,0.633198,0.6331851,0.6331763,
0.6333513,0.6332876,0.6331949,0.6330764,0.1753498,0.6344427,0.6338449,0.6332479,0.6335132,0.6335251,0.6332558,0.63319,0.6335333,0.6335936,0.633578,0.6337295,0.6332134,0.6331834,0.6335328,0.6332287,0.6335126,0.632835,0.6334171,0.6336581,0.6336054,0.04539879,0.6343747,0.6338409,0.6336464,0.6336086,
0.633581,0.6337078,0.6336144,0.6336188,0.6337438,0.6332401,0.6330355,0.04688109,0.02952671,0.6330232,0.6334947,0.6335069,0.6335909,0.6334153,0.6333942,0.6334899,0.6335337,0.6337163,0.6336294,0.6337308,0.6332275,0.05148356,0.6341283,0.6332927,0.6335183,0.6335294,0.6337122,0.6337039,0.6336292,0.6336393,
0.633782,0.6336122,0.633683,0.6336403,0.6337195,0.6336152,0.6332265,0.6335123,0.6337149,0.6335953,0.6335771,0.6335877,0.6335989,0.6336083,0.633241,0.6335142,0.6335887,0.6334144,0.6335639,0.6335742,0.05148052,0.6344501,0.6338625,0.6338485,0.633618,0.6335181,0.6332251,0.6331861,0.6335314,0.6335421,
0.6335535,0.6337178,0.633618,0.633727,0.6337186,0.6336427,0.6335751,0.04030838,0.6344492,0.6325357,0.6331075,0.6333848,0.6335698,0.633718,0.633617,0.6337408,0.6337836,0.6337219,0.6335772,0.633405,0.6332097,0.6331827,0.6335329,0.6337108,0.6335734,0.03574552,0.6340629,0.6336901,0.6337423,0.6335857,
0.6335769,0.6337202,0.6335767,0.6335666,0.6335732,0.6337192,0.6337107,0.6337025,0.6336218,0.02628678,0.6344498,0.6338463,0.633248,0.633513,0.63359,0.6334623,0.6336423,0.6336008,0.6332372,0.6330907,0.6330965,0.6335124,0.6332254,0.6331856,0.6334742,0.6335868,0.6331316,0.6330442,0.6332361,0.6333403,
0.63354,0.6337109,0.6335385,0.6336229,0.6336332,0.6336426,0.6332438,0.6332538,0.6332631,0.6334444,0.6334271,0.6336266,0.6335977,0.6336083,0.6337269,0.6337176,0.633618,0.6337835,0.6337171,0.6337083,0.6326258,0.6331106,0.6333073,0.6327093,0.6331138,0.6331266,0.6332394,0.6335497,0.6337155,0.6337071,
0.6336312,0.6336719,0.6335419,0.6336817,0.633525,0.6336594,0.6336694,0.6335729,0.6336367,0.6336522,0.6336457,0.6326346,0.6333345,0.6335919,0.6335891,0.6335847,0.6335863,0.6337218,0.6337128,0.6336151,0.6336253,0.6338117,0.6338108,0.6336998,0.6337357,0.6337156,0.6338012,0.6337248,0.6337166,0.6336399,
0.6335381,0.6335433,0.6336778,0.6335263,0.6337158,0.6336183,0.6337274,0.633718,0.6335607,0.6336996,0.6336243,0.6336637,0.0295636,0.6340476,0.6340247,0.6336811,0.6337413,0.6336232,0.02734398,0.63406,0.02777803,0.634465,0.6341088,0.6338019,0.6337891,0.6335774,0.02856654,0.0332367,0.6342903,0.02856679,
0.6344605,0.6341081,0.6340942,0.6338905,0.6336824,0.6336854,0.6337197,0.6336187,0.04475205,0.6344534,0.6341058,0.6338125,0.6338003,0.6337878,0.6337757,0.6337642,0.6336866,0.6337266,0.6335592,0.6336813,0.6335283,0.6337178,0.6336792,0.03045557,0.6343049,0.633936,0.6337888,0.6336349,0.6338014,0.6337276,
0.6336214,0.6336309,0.6337309,0.6337206,0.6335441,0.633676,0.6336077,0.633803,0.6337317,0.6336544,0.6336208,0.6338096,0.6337881,0.6337188,0.6335656,0.6337042,0.6335359,0.6336734,0.6335252,0.6336188,0.6338086,0.6338072,0.633731,0.6337216,0.6337128,0.6336374,0.6335421,0.6335469,0.6335482,0.6336823,
0.6335288,0.6335344,0.6336236,0.6337294,0.63372,0.6337101,0.633625,0.6337296,0.6336263,0.6335446,0.6336769,0.6336215,0.63363,0.6337474,0.6337327,0.6336225,0.6337301,0.6335473,0.6335766,0.6336515,0.6336088,0.6337451,0.6334901,0.6335475,0.6337603,0.6337247,0.6336192,0.6337282,0.6337203,0.6337118,
0.6335422,0.6335762,0.633638,0.6337323,0.6337234,0.6337144,0.6336243,0.6338127,0.6337345,0.6336313,0.6337312,0.6335476,0.6336777,0.6334751,0.6334312,0.6334395,0.6336356,0.6336308,0.6336086,0.6338031,0.6336963,0.6337458,0.6335742,0.6336364,0.6338172,0.6337267,0.633702,0.6337449,0.6337349,0.6335691,
0.6336715,0.6336739,0.6337069,0.6336987,0.6336899,0.03972131,0.6336139,0.6333106,0.6333149,0.6334266,0.63265,0.6334853,0.6337021,0.6335347,0.6335709,0.6336368,0.02962555,0.6340709,0.6339419,0.6335661,0.6333298,0.6335586,0.6336843,0.6337277,0.6334758,0.6332982,0.0436847,0.6344347,0.6344132,0.6340931,
0.6338592,0.6338571,0.6326861,0.6327487,0.6334922,0.6335058,0.0395117,0.6340687,0.6334408,0.633478,0.6336783,0.6336719,0.6335233,0.6336683,0.6333717,0.6332411,0.6326813,0.6334825,0.2540001,0.6340663,0.6336778,0.633661,0.6337945,0.6336523,0.6336607,0.6337374,0.6336609,0.6335492,0.6336784,0.6335612,
0.6337048,0.6336977,0.6335658,0.6333117,0.6332139,0.6332948,0.6332191,0.6332969,0.6334646,0.6336755,0.633553,0.6336351,0.6337318,0.6337224,0.6337135,0.6336146,0.6326663,0.6331068,0.6331201,0.6335224,0.6333906,0.6333047,0.6334158,0.633561,0.6333966,0.6332505,0.6332582,0.633266,0.6335478,0.6335588,
0.6337181,0.6337097,0.633569,0.6333894,0.6332473,0.633543,0.02616775,0.6340686,0.6334266,0.6334854,0.6336039,0.6334025,0.6333902,0.6332467,0.6335425,0.6337202,0.6337119,0.6328294,0.6331155,0.6332652,0.633211,0.6334679,0.6336741,0.6336133,0.6336442,0.6336535,0.6332794,0.02901028,0.6336207,0.6335112,
0.6336884,0.6336829,0.6333733,0.6333908,0.6334938,0.632832,0.6334259,0.6335656,0.6337186,0.6333805,0.6332335,0.6335187,0.6337171,0.6333812,0.6332442,0.6335304,0.6335725,0.6335832,0.6337703,0.6337148,0.6333061,0.6332134,0.6332223,0.6332303,0.6332374,0.6332438,0.6332499,0.6332546,0.6332605,0.6332669,
0.6332921,0.6333511,0.6332344,0.632781,0.6331213,0.6333076,0.6331891,0.6332288,0.633291,0.6333139,0.6335407,0.6335506,0.6335781,0.6335776,0.6337214,0.6337127,0.6333798,0.6332438,0.6335424,0.633723,0.6337134,0.6337048,0.6336952,0.6336204,0.6334168,0.6332505,0.6332568,0.6333969,0.6332871,0.6332933,
0.6332995,0.6333037,0.6335444,0.6337126,0.6337042,0.6333276,0.6332248,0.6329863,0.6331366,0.6331601,0.6331602,0.02777815,0.6338543,0.6334888,0.6332675,0.6332018,0.6332913,0.6326836,0.6325186,0.6330988,0.6333181,0.02856684,0.6338516,0.6335229,0.6335188,0.6332723,0.6332031,0.6335356,0.6333942,0.6332479,
0.6333942,0.6333894,0.6333,0.6332209,0.6332297,0.6332206,0.6332108,0.04425589,0.6340734,0.6335858,0.6333454,0.6332367,0.6332387,0.6332569,0.6331045,0.06348693,0.04475115,0.6340723,0.6336433,0.6334251,0.6327195,0.6328659,0.6329965,0.633146,0.6327007,0.6331152,0.6332327,0.6332215,0.6331937,0.6334051,
0.6336216,0.6336176,0.6336133,0.633515,0.6333531,0.6333549,0.6332393,0.6330791,0.633083,0.6330999,0.6332007,0.6331915,0.6331545,0.6331764,0.6332068,0.6330773,0.6331962,0.633207,0.6333612,0.6332123,0.6330656,0.6331916,0.6334091,0.6336226,0.6324668,0.6328138,0.6331334,0.6326973,0.6333446,0.633495,
0.6333416,0.6333432,0.6332374,0.6330885,0.6331931,0.633357,0.6332527,0.6333952,0.6333911,0.633424,0.6334345,0.6324577,0.6329045,0.03295486,0.633567,0.6332732,0.6332788,0.6332195,0.6330705,0.6330762,0.6331962,0.6332063,0.6333703,0.6332756,0.6332811,0.6332865,0.6332916,0.633388,0.6333826,0.02722027,
0.6335769,0.6334339,0.6334731,0.6334141,0.6333038,0.6334233,0.6332212,0.6331925,0.6333526,0.6332565,0.6332638,0.6332705,0.6332202,0.6332101,0.04221142,0.6340584,0.6340356,0.6335729,0.6333414,0.6334484,0.6327687,0.6331111,0.6331232,0.6331357,0.6331465,0.633337,0.02913783,0.6338474,0.633521,0.6335169,
0.6335127,0.6335085,0.6334096,0.6332557,0.633261,0.6332675,0.6334242,0.6336307,0.02927794,0.6340748,0.6335853,0.6335218,0.6334482,0.6334731,0.6333042,0.6332244,0.6330835,0.6331998,0.6332089,0.6333714,0.6332706,0.6323797,0.6330851,0.633188,0.6333806,0.6336116,0.6335083,0.6333497,0.6333515,0.6334194,
0.6332794,0.6332854,0.6334133,0.6334288,0.6336298,0.6335112,0.6336638,0.6336584,0.03938838,0.6335378,0.6332642,0.6332707,0.633277,0.6332827,0.03111842,0.6343015,0.6341842,0.6335841,0.633347,0.633413,0.6332821,0.6332884,0.6333915,0.6333358,0.6332724,0.6332783,0.6332205,0.02969763,0.02737904,0.6340623,
0.6336722,0.6336392,0.633719,0.6337111,0.6335413,0.6332957,0.6332824,0.633206,0.6332146,0.6332235,0.633367,0.6334184,0.6334687,0.6333026,0.6334893,0.633494,0.6333082,0.6332268,0.6331927,0.6332023,0.6333672,0.6333621,0.6334175,0.03030379,0.634068,0.6340446,0.6340215,0.6339985,0.6339777,0.6335591,
0.6333357,0.6333392,0.633414,0.6334072,0.6334249,0.633629,0.6335393,0.6336082,0.1665869,0.6338501,0.6335225,0.6334812,0.6334795,0.6332507,0.6331995,0.6334675,0.6336746,0.6335298,0.6333601,0.6332405,0.633197,0.6332124,0.63319,0.6332005,0.6332108,0.6332188,0.6332253,0.6334745,0.6336798,0.6336739,
0.6335275,0.6333597,0.6334471,0.6334738,0.6332362,0.6334484,0.6336694,0.6332856,0.6332075,0.6332166,0.6334119,0.6336241,0.6336203,0.6336154,0.633516,0.6333541,0.6332376,0.6332405,0.633456,0.6336738,0.633668,0.633662,0.633656,0.6335084,0.6333337,0.6334945,0.6336783,0.6336721,0.6336652,0.02782143,
0.6340569,0.6340351,0.6340131,0.633991,0.6336319,0.6334187,0.6334171,0.6335067,0.6332831,0.6332049,0.6332135,0.6332223,0.6332299,0.6333735,0.6332753,0.6332804,0.6332865,0.6332921,0.6332253,0.6330735,0.6331967,0.6332067,0.6333711,0.6334723,0.5366353,0.6337506,0.6334167,0.6327213,0.6331171,0.6327261,
0.6331127,0.633126,0.6333317,0.6332527,0.6332598,0.6332667,0.6332731,0.6332781,0.6332815,0.6333879,0.6332725,0.6334066,0.6332915,0.6332973,0.6333035,0.6333091,0.6332285,0.6331955,0.6334664,0.6336752,0.6336692,0.6335254,0.6327628,0.6326768,0.1305273,0.6340746,0.04147105,0.6337625,0.6334184,0.6334168,
0.6334149,0.6334409,0.633293,0.6332983,0.6333041,0.6334801,0.63368,0.6336736,0.6336665,0.6327766,0.6331181,0.6331315,0.6331429,0.6333367,0.6332431,0.6332499,0.632742,0.6328704,0.6331355,0.6331457,0.6331577,0.6331949,0.6331853,0.6324292,0.6330984,0.6331117,0.6331683,0.6331428,0.6334534,0.633672,
0.6336662,0.6336595,0.6334803,0.6333098,0.6333992,0.6332767,0.6332822,0.6332887,0.6332941,0.6327829,0.6331204,0.6333269,0.6332397,0.6332474,0.6334757,0.6336787,0.6336722,0.633666,0.632408,0.6328151,0.632829,0.6331272,0.6331385,0.6331505,0.6333393,0.6332444,0.6332508,0.6332594,0.6327295,0.6331123,
0.633125,0.6331371,0.6331478,0.6331562,0.6331658,0.6331746,0.6333498,0.6332508,0.6334741,0.633679,0.6336727,0.6336654,0.6335868,0.633713,0.6337045,0.03528414,0.634065,0.6340415,0.634019,0.6339964,0.6335639,0.03972113,0.6340672,0.6324049,0.6331028,0.6332179,0.6332937,0.6333938,0.6329472,0.6331359,
0.6331472,0.6331591,0.6331692,0.6331782,0.6331859,0.6331927,0.6332623,0.6333383,0.6333647,0.6323684,0.632353,0.6330817,0.6330964,0.6331093,0.6331209,0.6331315,0.6331415,0.6331512,0.6331612,0.633172,0.6331815,0.6331902,0.6330787,0.6331581,0.6329261,0.6329141,0.6331285,0.6329229,0.6331314,0.6331435,
0.6331551,0.6331649,0.6329293,0.6326998,0.6331123,0.6331251,0.6331367,0.6334449,0.6323963,0.6330869,0.6329165,0.6331308,0.6332416,0.6323639,0.6323229,0.6323314,0.6330894,0.6331043,0.6331159,0.6331254,0.6331359,0.6331465,0.6323617,0.6330839,0.6323706,0.6334627,0.6331648,0.6331741,0.6331841,0.633194,
0.633537,0.6336977,0.6324081,0.6330888,0.03088321,0.6340644,0.6340423,0.6330231,0.6331467,0.6323585,0.6334627,0.6324043,0.6330861,0.6329163,0.6331932,0.6329435,0.6329309,0.6331324,0.6331443,0.6334469,0.6336579,0.632409,0.6323369,0.6324001,0.6330996,0.6323555,0.633083,0.6330969,0.6331093,0.6331212,
0.6331326,0.6331427,0.632992,0.6331493,0.6329883,0.6331386,0.63315,0.6331614,0.6329276,0.633132,0.6329227,0.6334115,0.6336508,0.633645,0.6336399,0.6324068,0.6330873,0.6335188,0.6336815,0.6329845,0.6331406,0.6331523,0.6329258,0.6331323,0.6331438,0.6331559,0.6335292,0.6337121,0.6337038,0.6329699,
0.6331372,0.6331489,0.04617317,0.6340649,0.6340419,0.6336546,0.6330435,0.6331467,0.6334471,0.6336578,0.03354469,0.6340516,0.6330094,0.6334203,0.6336528,0.6329664,0.6329513,0.6331341,0.6331453,0.6331573,0.6331679,0.6331776,0.632995,0.6331401,0.6329461,0.6329436,0.6331369,0.6331489,0.6331601,0.6327078,
0.6331055,0.6331173,0.6331299,0.632925,0.6334104,0.6336504,0.6336447,0.6336403,0.6330304,0.6329164,0.6331296,0.6331418,0.6331536,0.6333279,0.6327169,0.6331049,0.6329417,0.6329029,0.6331265,0.6331373,0.6331497,0.6331618,0.6331711,0.6331792,0.6331867,0.6329351,0.6328852,0.6328644,0.6328154,0.633123,
0.6331345,0.6331462,0.6331564,0.6331665,0.6331754,0.6331831,0.6331911,0.6332013,0.633211,0.03695625,0.6340564,0.6340335,0.6340105,0.6330599,0.6331482,0.6329344,0.6331277,0.6329641,0.6328921,0.6331284,0.6329228,0.6331315,0.6326901,0.6325246,0.6325639,0.05780804,0.6332813,0.6331834,0.6331931,0.6332031,
0.6332106,0.6332165,0.6332229,0.6332296,0.6332372,0.6329855,0.6326712,0.6331115,0.6331236,0.6329233,0.6328734,0.6331305,0.6331416,0.03164189,0.6340613,0.6330104,0.6329567,0.6331421,0.6331539,0.6335534,0.6337298,0.03695624,0.6338702,0.6329854,0.6329419,0.6331378,0.6329244,0.6331322,0.6329856,0.6329826,
0.6331453,0.6333427,0.6329961,0.6331396,0.633151,0.6329689,0.6331422,0.6329663,0.6325386,0.6334957,0.6329804,0.6330737,0.6329678,0.6331451,0.6331573,0.633168,0.6329305,0.6331328,0.03015074,0.634449,0.6338497,0.6338344,0.6338218,0.633807,0.6336437,0.6337439,0.6337339,0.6330233,0.6331504,0.6333528,
0.6335848,0.6337357,0.6337258,0.6337168,0.6337076,0.633699,0.6336908,0.6336836,0.6336769,0.6335486,0.6333647,0.6325818,0.6331031,0.632961,0.6331393,0.6335644,0.6329724,0.6330711,0.6335517,0.6335791,0.6333898,0.6334528,0.02762536,0.6344638,0.6340271,0.6337925,0.6337796,0.6337683,0.6337573,0.6337458,
0.6336348,0.6338375,0.03972092,0.6344727,0.6338553,0.6329744,0.633082,0.6331758,0.6331859,0.6331964,0.6332043,0.6333898,0.6332201,0.6332234,0.6332324,0.633245,0.6332561,0.633561,0.6337305,0.6336338,0.6337438,0.6337345,0.6335666,0.6335225,0.6336253,0.6336346,0.633734,0.6337245,0.6329885,0.6331407,
0.6335499,0.6337292,0.6336254,0.6338335,0.04917806,0.633522,0.633257,0.6332632,0.6333163,0.6333345,0.6334034,0.6335635,0.6335744,0.6337331,0.6336265,0.6337411,0.6337322,0.6329743,0.6331376,0.6331495,0.6331614,0.6335555,0.6335691,0.6336833,0.6336126,0.6336884,0.6336778,0.6335535,0.6336566,0.6336038,
0.6334882,0.6336327,0.6335571,0.633708,0.6336442,0.6336074,0.6336881,0.6336332,0.6335605,0.6335891,0.6335857,0.6335928,0.6336027,0.6333053,0.6332104,0.6335619,0.63373,0.6336367,0.6337447,0.6336669,0.6336091,0.63361,0.6337379,0.6337283,0.6337188,0.6337095,0.6336275,0.6336916,0.03277972,0.633991,
0.6339687,0.6339008,0.632602,0.6334991,0.6336715,0.6336124,0.6333046,0.632846,0.6329635,0.6331611,0.6333584,0.6335859,0.633735,0.633552,0.6336203,0.6336132,0.6336063,0.6325318,0.6331105,0.6333421,0.6335522,0.6335987,0.6336873,0.6336164,0.6336259,0.6336349,0.6337368,0.03822478,0.634074,0.6338783,
0.6338162,0.6338363,0.633563,0.6328969,0.6328402,0.6333038,0.6335739,0.632651,0.6329312,0.6331502,0.6331617,0.6332186,0.6335571,0.6329054,0.6331266,0.6333584,0.6333691,0.6333797,0.6335828,0.03046896,0.6342295,0.6337837,0.6335385,0.6336221,0.6334795,0.6336085,0.6333039,0.6331102,0.6331642,0.6335535,
0.6338132,0.633682,0.6328847,0.6332995,0.6335723,0.6338177,0.6335814,0.6334383,0.6334441,0.6328854,0.633299,0.04167346,0.6339974,0.6336111,0.03006286,0.6340056,0.6339821,0.6336795,0.6335446,0.6335959,0.6338245,0.6338195,0.6338158,0.6338131,0.6328716,0.6330669,0.633346,0.6335825,0.6336837,0.6334998,
0.6336087,0.6336009,0.6334755,0.6328561,0.6330028,0.04271187,0.6342408,0.6342179,0.6338252,0.6339034,0.6338953,0.6338879,0.6337129,0.6337178,0.6335832,0.6335909,0.6338232,0.632894,0.6332988,0.6333122,0.6335762,0.633683,0.02667393,0.6344699,0.634029,0.6328805,0.6333067,0.03093127,0.6339769,0.6336033,
0.6336392,0.6338388,0.6338336,0.6336858,0.6336755,0.6336119,0.6336209,0.6338327,0.6328949,0.633065,0.6333457,0.02660278,0.6330664,0.03422104,0.6342323,0.6325024,0.6332722,0.6335264,0.6333733,0.6335664,0.6335721,0.6334337,0.03145846,0.6338191,0.6336237,0.02751014,0.6339958,0.6336446,0.6334515,0.6335837,
0.6334679,0.6335966,0.6334743,0.6334783,0.6336104,0.6334169,0.6333803,0.6335653,0.6335997,0.633687,0.6328544,0.6335165,0.6336735,0.6336635,0.6334925,0.6324887,0.4436093,0.6336482,0.6334561,0.6334795,0.6336253,0.6336174,0.6336097,0.6334774,0.6336073,0.6338274,0.6334197,0.6332379,0.6328279,0.633302,
0.633316,0.6335413,0.6334511,0.6336,0.6328728,0.6330668,0.4436053,0.6344696,0.6344501,0.6335077,0.6333976,0.6335722,0.6335657,0.6334599,0.6335215,0.6335442,0.6325691,0.6330255,0.633334,0.633482,0.633413,0.6328481,0.6330519,0.6330633,0.6324508,0.6326309,0.6335072,0.6335215,0.6338063,0.63368,
0.6336128,0.6336222,0.6336909,0.6336148,0.6338292,0.6335782,0.6334349,0.6334409,0.6335016,0.6335802,0.6330478,0.6327901,0.6335106,0.6335251,0.6336754,0.6336119,0.6333413,0.6331258,0.6335429,0.02777611,0.6328138,0.6328689,0.6327618,0.44361,0.6330556,0.6330819,0.6324515,0.6330077,0.6325815,0.6330258,
0.6333337,0.6335489,0.6335578,0.63354,0.6335912,0.6336849,0.6328546,0.6327342,0.6330594,0.6328033,0.6328753,0.6329537,0.6325819,0.6332774,0.6334267,0.6334171,0.6331301,0.63353,0.6336765,0.6336676,0.6336582,0.6336495,0.6330323,0.6329802,0.6335332,0.6336773,0.6336678,0.6334931,0.03624689,0.6330612,
0.6330925,0.6331021,0.6332645,0.6332908,0.632976,0.6333069,0.6334328,0.6333742,0.6332723,0.6333902,0.3182952,0.6338175,0.09091398,0.633072,0.6333259,0.632855,0.6329556,0.6333195,0.6335362,0.6334447,0.6334497,0.6336005,0.6336731,0.6334818,0.6332988,0.6328251,0.6328801,0.6329748,0.6335236,0.6331723,
0.6330273,0.6331152,0.6329761,0.6329345,0.6329867,0.6330135,0.6329182,0.6329089,0.6328003,0.6333122,0.6335353,0.6335856,0.633049,0.6329832,0.6330477,0.6330821,0.6333478,0.6335549,0.6334557,0.632854,0.6330529,0.6333413,0.6333516,0.6334447,0.6333918,0.6335699,0.02897901,0.6330759,0.633325,0.6328396,
0.6335145,0.6336726,0.6334942,0.6333203,0.6333314,0.6333295,0.633085,0.6329712,0.6331002,0.6333527,0.6334867,0.6335769,0.6336852,0.6335337,0.6333804,0.6330206,0.6329773,0.6331056,0.6332672,0.6332906,0.6330968,0.6333257,0.633096,0.6329541,0.6328413,0.6327977,0.633296,0.6333092,0.6335751,0.6335859,
0.6336858,0.6336747,0.6330383,0.6330248,0.6329004,0.6329758,0.6329842,0.6333278,0.6335396,0.6330249,0.6333136,0.6334348,0.6333898,0.6334949,0.6334864,0.6334137,0.633568,0.633462,0.6333014,0.6335742,0.6338207,0.6338145,0.6330443,0.6330804,0.6329697,0.6335162,0.633804,0.6336772,0.6335413,0.6334282,
0.6334344,0.6334398,0.6334445,0.6330326,0.6330965,0.6332741,0.6333582,0.6335495,0.6334551,0.6335862,0.6330264,0.633092,0.6329693,0.6335165,0.6335658,0.6335551,0.6334295,0.3771668,0.6339899,0.6336702,0.6338469,0.6337024,0.6338598,0.6335959,0.633455,0.6334352,0.6334402,0.6335079,0.6334214,0.6335036,
0.6333545,0.6334137,0.03013501,0.6344728,0.633802,0.6335448,0.6335465,0.6335482,0.6335323,0.6333973,0.6333788,0.6333646,0.6330119,0.6333115,0.6335413,0.6334845,0.6334765,0.6334689,0.6334624,0.6334555,0.6332185,0.6333376,0.6334823,0.6334747,0.6334104,0.6334177,0.6335634,0.6335332,0.6334579,0.6334624,
0.6336045,0.633687,0.6335367,0.633526,0.6335159,0.6335078,0.6333588,0.6334186,0.6334258,0.6335853,0.6335717,0.6334918,0.6334326,0.6335144,0.6334208,0.6335028,0.6334199,0.6334938,0.633486,0.6334787,0.6334725,0.6333261,0.6334102,0.6334176,0.6334444,0.6333978,0.633436,0.6335747,0.6334906,0.6333431,
0.6333426,0.6335685,0.633572,0.6335607,0.6335489,0.633495,0.6334554,0.6333923,0.6335682,0.6334409,0.6333773,0.633353,0.6333457,0.633342,0.6332649,0.6333871,0.6334937,0.6334167,0.6335706,0.6334967,0.6334178,0.6334254,0.6334316,0.6335695,0.6334981,0.633418,0.633425,0.633432,0.6335001,0.6335805,
0.633591,0.6335762,0.6335902,0.6338239,0.6336938,0.6335908,0.6330868,0.6329998,0.6330087,0.6333331,0.6333441,0.6334843,0.6335779,0.6335741,0.6334351,0.6335071,0.6334994,0.6334298,0.6332693,0.6334094,0.6334037,0.6333804,0.6333744,0.6333703,0.633234,0.6333794,0.6333884,0.633495,0.6334184,0.6335022,
0.633419,0.6336021,0.6335163,0.6334505,0.6334758,0.6334779,0.6334023,0.633411,0.63359,0.6338225,0.6335759,0.6334155,0.6335411,0.6335307,0.6335194,0.03137803,0.634249,0.6336353,0.6335998,0.6335761,0.6335639,0.6334014,0.6335636,0.6334864,0.6334785,0.6333353,0.6334686,0.6334597,0.6333975,0.6333367,
0.6333848,0.6333945,0.6334509,0.633387,0.633568,0.633499,0.633486,0.6334736,0.04549676,0.6342295,0.6342075,0.6335618,0.6334929,0.6335162,0.6335286,0.2673302,0.2632004,0.6330726,0.6330948,0.6334231,0.6332782,0.6333919,0.6334931,0.6334853,0.633414,0.633274,0.6333427,0.6333547,0.6333653,0.6334448,
0.6333981,0.633407,0.633453,0.6333916,0.6334009,0.6334496,0.6330627,0.6329973,0.633523,0.6333144,0.6331093,0.6331121,0.6331124,0.6331686,0.6333261,0.6334339,0.6333961,0.6335956,0.633503,0.04875922,0.6342403,0.2605568,0.6342191,0.6341971,0.6331568,0.6330197,0.6330774,0.6333365,0.6333479,0.6334415,
0.6333982,0.6334074,0.6334148,0.6334454,0.6334346,0.6333954,0.6334497,0.6333995,0.6334086,0.6335003,0.6334328,0.6333945,0.6330863,0.6324552,0.6328182,0.6333004,0.6334736,0.04875914,0.6342174,0.633825,0.6338064,0.633597,0.6334399,0.6326577,0.632842,0.6328529,0.6328636,0.6333106,0.633458,0.6334431,
0.6333965,0.6335953,0.6335762,0.6334668,0.6335882,0.633503,0.6334903,0.6333989,0.6326538,0.633275,0.6326576,0.633289,0.6333036,0.6333173,0.6333298,0.6334398,0.6333878,0.633494,0.6334162,0.633601,0.03095938,0.6337699,0.6336102,0.6336572,0.6338529,0.6335163,0.6326588,0.6329063,0.6333218,0.6335984,
0.6338439,0.6335142,0.6335765,0.6335871,0.6338253,0.6337005,0.6337308,0.6337466,0.6338727,0.63371,0.633863,0.6327153,0.632852,0.6335253,0.6338067,0.6335074,0.6334945,0.6335737,0.6338191,0.6336978,0.6335185,0.6335051,0.6326574,0.6328421,0.632854,0.6328643,0.633541,0.6338228,0.6336926,0.6338564,
0.6338502,0.6338436,0.633704,0.03794091,0.6345023,0.6340269,0.6335382,0.6335958,0.6335046,0.6335744,0.6338196,0.6336979,0.6335317,0.6335183,0.6326599,0.6332748,0.6335666,0.6335772,0.6335878,0.6335024,0.633402,0.6335958,0.633516,0.6335031,0.6335732,0.6338198,0.6338145,0.6338102,0.633693,0.6337245,
0.6337151,0.633871,0.6338634,0.633857,0.6337073,0.6335316,0.6334096,0.6336164,0.633507,0.6334934,0.6334079,0.6334159,0.633601,0.6336117,0.6327056,0.6332783,0.6335676,0.6335104,0.6333421,0.6335772,0.6335883,0.6338205,0.6336975,0.6337096,0.6338759,0.633521,0.6334071,0.6334152,0.6334215,0.6336111,
0.6338456,0.6338393,0.6336973,0.6337164,0.6335211,0.6334063,0.633616,0.6336263,0.6335222,0.6335766,0.6335008,0.6334885,0.6335715,0.6338187,0.633814,0.6336889,0.6338536,0.6337101,0.6338693,0.6337147,0.6337205,0.6337485,0.6327087,0.6328499,0.6333072,0.633594,0.6338415,0.6338356,0.6336971,0.6338569,
0.6338504,0.6338443,0.6335126,0.6335765,0.6334997,0.6335735,0.6335852,0.6335015,0.6335738,0.6338198,0.6336983,0.6335194,0.6334137,0.6336076,0.6338437,0.6335027,0.6335923,0.6336255,0.04530925,0.634231,0.6335661,0.6334171,0.6336072,0.6335178,0.6335056,0.6333998,0.633409,0.6335891,0.6338212,0.6336995,
0.6338665,0.6338599,0.6335165,0.6334068,0.6336159,0.6338406,0.6338356,0.6335129,0.6330946,0.6333258,0.6335994,0.6335178,0.6335756,0.6338198,0.6338147,0.6338103,0.6335076,0.6334014,0.6336151,0.633519,0.6335071,0.6334031,0.0688327,0.6337634,0.6337416,0.6337225,0.6334519,0.02828454,0.6344603,0.6340261,
0.6337651,0.6338748,0.6335188,0.6335937,0.6335167,0.6334069,0.633615,0.6335074,0.6334028,0.6336145,0.6331335,0.6329749,0.2571838,0.6342463,0.6342235,0.6342012,0.6325355,0.6328086,0.6328481,0.6328592,0.6333091,0.6333215,0.6335974,0.6338423,0.6338356,0.6335128,0.6334047,0.6334508,0.63344,0.6335834,
0.6338376,0.6338319,0.6337015,0.6337096,0.6327174,0.6332834,0.6332974,0.6333123,0.6333262,0.6333373,0.633443,0.6334334,0.633423,0.6326476,0.6324162,0.6328101,0.633299,0.6335931,0.6336045,0.6338454,0.6324929,0.6334928,0.6335014,0.63349,0.6333275,0.6334071,0.6335794,0.6335016,0.6334021,0.6335958,
0.6338234,0.6338189,0.6335101,0.6335933,0.6335049,0.6324865,0.6328214,0.6335479,0.6338205,0.6325281,0.6332789,0.6335884,0.6335161,0.03344717,0.6327057,0.6332749,0.6326737,0.6328496,0.6335362,0.6335488,0.6335104,0.6335931,0.6338418,0.6335153,0.6335022,0.6335916,0.6336026,0.6335875,0.6334581,0.6334466,
0.633396,0.633405,0.6336191,0.6328049,0.633543,0.6334968,0.6334084,0.6336061,0.6338444,0.6337069,0.6335198,0.6335944,0.02899224,0.6337814,0.633465,0.04537431,0.634494,0.6335798,0.6334271,0.6334547,0.6333918,0.6334368,0.6335831,0.6335158,0.6335029,0.6335919,0.6335161,0.6335034,0.6334903,0.633478,
0.6335875,0.6338378,0.633706,0.6337135,0.633522,0.6335945,0.6338422,0.6335155,0.6335029,0.6334012,0.6334091,0.6334167,0.6336095,0.6335183,0.633504,0.6334915,0.6334068,0.6334413,0.6334311,0.6335811,0.6335148,0.6335946,0.6336057,0.6335072,0.6335917,0.6335031,0.6334898,0.6335887,0.6336,0.6335065,
0.633402,0.63341,0.6334424,0.6334318,0.633422,0.6334122,0.6335774,0.633836,0.6335016,0.06922072,0.6337646,0.6337409,0.6337216,0.6337027,0.6177379,0.6337249,0.6336198,0.6336305,0.6335093,0.6334957,0.6335898,0.6335036,0.6334895,0.6334767,0.6335874,0.6335162,0.6334057,0.6334504,0.6335846,0.6335144,
0.633406,0.6334499,0.6334399,0.6334298,0.6334198,0.6335794,0.6335925,0.6335042,0.6334918,0.6334786,0.6334668,0.6334558,0.6334454,0.6334363,0.06217895,0.6345046,0.6335789,0.6336012,0.6338378,0.6335141,0.6335923,0.6336122,0.6335062,0.6334023,0.63345,0.6333996,0.6334504,0.6335865,0.6335976,0.6335179,
0.6335951,0.6338426,0.6335027,0.6334887,0.6334763,0.02587794,0.02731793,0.6337675,0.4465004,0.6337528,0.6337325,0.6336206,0.6335196,0.6335946,0.6335045,0.6334916,0.6334786,0.6334671,0.6334037,0.632633,0.6335236,0.6338199,0.6334979,0.6334847,0.6334717,0.6334998,0.6334823,0.6335905,0.6331601,0.6329864,
0.6333312,0.6333424,0.6334318,0.6334218,0.6334116,0.6334008,0.6335779,0.6335135,0.6334054,0.6334512,0.6334407,0.6334299,0.6334201,0.63341,0.4464995,0.6337517,0.6336249,0.6335081,0.6334946,0.6335915,0.03441919,0.6337532,0.6337332,0.633604,0.6334488,0.6331459,0.6329761,0.03920435,0.6344971,0.6340262,
0.6337662,0.6338865,0.6335216,0.6335093,0.6334964,0.6334834,0.633471,0.63346,0.6333978,0.6331353,0.4465013,0.6337528,0.488429,0.6321365,0.6327562,0.6327718,0.6327875,0.6333113,0.6334339,0.6335832,0.6338317,0.6337413,0.6335617,0.6334339,0.6334458,0.6333979,0.6336024,0.6335174,0.6335045,0.6334905,
0.6333985,0.6334066,0.6334149,0.6334431,0.633433,0.6333948,0.6334488,0.6334387,0.6334281,0.633418,0.6334085,0.6331071,0.6329708,0.6333298,0.6333405,0.6334408,0.633431,0.6334221,0.6331099,0.6333341,0.6335525,0.6334457,0.2247662,0.6342309,0.6335651,0.6334162,0.02981518,0.6342317,0.4942276,0.6325601,
0.6332599,0.6332748,0.6334249,0.6331028,0.6333324,0.6331251,0.6333221,0.633123,0.6329748,0.63333,0.6334368,0.03035173,0.494237,0.6325603,0.633275,0.6335233,0.6334471,0.6333906,0.6331334,0.6333364,0.6334381,0.6334286,0.6334188,0.6333904,0.6334494,0.6334394,0.4942446,0.6325366,0.63256,0.6325821,
0.6330923,0.6333134,0.6330877,0.6329639,0.6329691,0.632974,0.6333328,0.6333437,0.6336035,0.6335129,0.6334127,0.6334417,0.6334312,0.6331047,0.6327035,0.6328456,0.4917915,0.6330759,0.6325676,0.6328298,0.6333031,0.6333156,0.6334352,0.6334256,0.6331011,0.4918209,0.6330757,0.6333764,0.6331018,0.633005,
0.6335644,0.6335087,0.6331238,0.6333221,0.6325902,0.6325788,0.6325291,0.6328349,0.6333159,0.6333286,0.6331276,0.6334074,0.6335346,0.633144,0.63298,0.6330197,0.6329387,0.633006,0.6329323,0.633004,0.6335511,0.6331631,0.6333283,0.03109729,0.63377,0.6334636,0.6334528,0.6326921,0.6328464,0.6328577,
0.6328682,0.633548,0.6335058,0.6334016,0.6334507,0.6333909,0.6331353,0.6329728,0.632978,0.6330185,0.6330096,0.633317,0.6333292,0.6334388,0.6334293,0.04478183,0.634232,0.633828,0.6335319,0.6334687,0.6335938,0.6334978,0.6331576,0.6329799,0.6330168,0.6333203,0.6331236,0.6333285,0.6334388,0.6333888,
0.6333973,0.633613,0.1941221,0.6342368,0.6331991,0.6329983,0.6334074,0.6334596,0.6334488,0.6333898,0.6334466,0.6332822,0.6330785,0.633322,0.6333405,0.633441,0.6331052,0.6329702,0.6330183,0.632938,0.6335526,0.6335061,0.6334144,0.6334458,0.6334354,0.6333938,0.6334496,0.6333891,0.6334132,0.6334464,
0.6333895,0.6336108,0.633515,0.6331258,0.6329758,0.633331,0.6334372,0.6334534,0.6334689,0.6331137,0.6331027,0.02795918,0.6337638,0.6334618,0.6334622,0.6334582,0.633583,0.6336303,0.6338609,0.6335187,0.6335055,0.6334916,0.6334785,0.6334043,0.6334112,0.03996358,0.6337738,0.6334639,0.6336258,0.6338531,
0.6338463,0.6338409,0.6337073,0.6337147,0.6335308,0.6335992,0.6331677,0.6331521,0.6329818,0.6333311,0.6334362,0.6333959,0.03578238,0.6333944,0.6333562,0.6333682,0.6331315,0.6334067,0.6335343,0.6335387,0.6334728,0.6334611,0.633585,0.633589,0.6334922,0.633479,0.6334683,0.6333933,0.6334027,0.63345,
0.6333994,0.6334088,0.6334519,0.6333922,0.6334471,0.6334372,0.6334533,0.6331494,0.6329762,0.6329813,0.6335576,0.6335063,0.6335978,0.6331671,0.6334113,0.6335378,0.6335418,0.6334498,0.6336306,0.1610467,0.0274734,0.6342455,0.6342232,0.634201,0.6335441,0.6334705,0.6331526,0.3153564,0.6337488,0.6334591,
0.6334655,0.63347,0.03101906,0.6345052,0.6341356,0.05655745,0.6345157,0.6341265,0.633976,0.6338519,0.6338437,0.6338406,0.6337375,0.6335328,0.6335194,0.6335973,0.6335124,0.6334667,0.6334714,0.6335927,0.633849,0.6331601,0.6335641,0.6335083,0.6334958,0.6333988,0.6334877,0.6334952,0.6336409,0.6338568,
0.6337095,0.6337163,0.6331807,0.6334523,0.6336222,0.05655728,0.6343203,0.2179109,0.6337625,0.63351,0.6334792,0.6334687,0.6331136,0.6333214,0.6334344,0.6335881,0.6335986,0.6338469,0.6337355,0.6335326,0.6336004,0.6336106,0.6336212,0.6335035,0.6334023,0.6334952,0.6336172,0.6336419,0.6338578,0.6335172,
0.6334674,0.6335917,0.6335954,0.6336452,0.6336555,0.6335287,0.6336026,0.6335127,0.633598,0.632488,0.03944979,0.6337528,0.6335148,0.6336487,0.6335196,0.6331272,0.633116,0.632971,0.6330064,0.6335521,0.6335645,0.6334957,0.6335956,0.6335113,0.6334133,0.6336181,0.02595745,0.634316,0.6342937,0.6335691,
0.6334755,0.6334843,0.6336082,0.6336406,0.04271277,0.6344969,0.6325159,0.6328195,0.6333903,0.6334578,0.6334567,0.6334671,0.6336322,0.6335168,0.6334671,0.6334894,0.6334594,0.6336284,0.03224808,0.6342415,0.6335678,0.633604,0.6338462,0.6324825,0.6324947,0.6335232,0.05655744,0.6333826,0.633362,0.6335822,
0.6335931,0.6338438,0.6337047,0.6338897,0.6338754,0.6335254,0.6335141,0.6336005,0.03054374,0.6337492,0.6324862,0.6335166,0.6335307,0.6335449,0.6335588,0.6338316,0.6337295,0.6335322,0.6324644,0.6333621,0.6334213,0.6334018,0.6334587,0.6336024,0.6331534,0.6335638,0.6331645,0.3035877,0.6343229,0.633558,
0.6334732,0.633481,0.6334901,0.633477,0.6334612,0.6324777,0.6328135,0.6324155,0.6328057,0.633312,0.6334617,0.6336308,0.6324906,0.6335166,0.63352,0.02828011,0.6344978,0.634477,0.6344557,0.6340272,0.6331814,0.6329918,0.6335586,0.02733668,0.6337665,0.6337458,0.6335073,0.6334955,0.6334934,0.6335989,
0.633609,0.6336188,0.6338572,0.6337416,0.6335331,0.6334702,0.6336333,0.6338603,0.6335207,0.6324637,0.633514,0.6335004,0.6334649,0.05918456,0.6343111,0.6335714,0.2152111,0.03013873,0.6345101,0.6333005,0.6334243,0.6336204,0.6336297,0.6335246,0.6335205,0.6334551,0.6335943,0.6338424,0.6331704,0.6334114,
0.633617,0.633854,0.6338505,0.6325007,0.633517,0.6335316,0.6338189,0.6337902,0.6337235,0.2631792,0.6345002,0.02699076,0.634505,0.6341382,0.6335179,0.6336012,0.6338462,0.6338432,0.6324051,0.6335173,0.6335308,0.6338189,0.6335275,0.6335157,0.633466,0.6336312,0.6336417,0.633867,0.6335229,0.6335991,
0.6336088,0.6336192,0.6336292,0.6336397,0.6336485,0.2631774,0.6337593,0.6335106,0.6336358,0.6338636,0.632408,0.6335184,0.6324061,0.6327729,0.6334146,0.6336134,0.6338505,0.6337374,0.6337454,0.6339091,0.633904,0.633769,0.633525,0.6334671,0.633586,0.6335032,0.6335964,0.6338437,0.633841,0.6337308,
0.633909,0.6339038,0.6335284,0.6323925,0.633517,0.6335017,0.6334574,0.6334656,0.6336312,0.6337489,0.6338674,0.6335074,0.6334752,0.6334646,0.2631772,0.6344933,0.03336686,0.6343207,0.6342997,0.6339278,0.6339251,0.6339241,0.6339831,0.6339759,0.6335399,0.6334707,0.6334786,0.6334886,0.633631,0.6336643,
0.6336578,0.6338702,0.6338665,0.6338633,0.6335198,0.6334673,0.6334761,0.6334849,0.63363,0.6337484,0.6338655,0.6337447,0.2631847,0.6329769,0.6335478,0.6338244,0.6338233,0.6337242,0.6339034,0.6337646,0.6335376,0.6336002,0.6336116,0.633852,0.6337377,0.6339108,0.6337623,0.6337671,0.6337715,0.6339242,
0.6339188,0.6339136,0.6339075,0.6337702,0.6337612,0.6339122,0.633877,0.6337468,0.6330566,0.6335582,0.6335701,0.6338364,0.6328224,0.6335374,0.633819,0.02662005,0.6345078,0.6340553,0.633983,0.6337876,0.633927,0.6339206,0.6337683,0.633774,0.6339237,0.6335328,0.6335988,0.6336088,0.6336198,0.6335554,
0.6336079,0.6338563,0.6337922,0.6337135,0.6338963,0.6338919,0.6337575,0.63392,0.6337705,0.6339278,0.633922,0.6337705,0.6339269,0.6337674,0.6335776,0.6330894,0.6334084,0.6334215,0.6336212,0.6336318,0.6336412,0.6338663,0.6338629,0.6338593,0.6338077,0.6336744,0.6336836,0.6336923,0.6338879,0.633756,
0.6339204,0.6339156,0.6337672,0.633772,0.6337758,0.6339265,0.6337736,0.6339291,0.6339017,0.6337357,0.6339052,0.6327838,0.6335445,0.6338235,0.633822,0.633822,0.6338218,0.6338205,0.6337272,0.1257103,0.6345013,0.634054,0.6337874,0.6339284,0.0335328,0.6343207,0.6339376,0.6338679,0.6336449,0.6337082,
0.6336842,0.6338827,0.6338791,0.6338785,0.6327909,0.6335459,0.6338245,0.6338496,0.6337844,0.6338242,0.6337123,0.6337191,0.6337268,0.6339024,0.6338982,0.6338193,0.6336766,0.6338853,0.6338788,0.06216421,0.6344978,0.6328079,0.6333774,0.6333922,0.6334629,0.6336153,0.6329163,0.633549,0.6338261,0.6334618,
0.6335969,0.6338444,0.6338412,0.633733,0.04459236,0.634318,0.6340939,0.6338256,0.6337863,0.02583637,0.63296,0.529802,0.6329374,0.6335424,0.633821,0.6336703,0.6335218,0.6336493,0.6338107,0.633802,0.6336723,0.03162747,0.6341367,0.6338223,0.6337075,0.6337144,0.6338952,0.6337579,0.6336983,0.03712099,
0.6343257,0.633922,0.6336847,0.6336915,0.6327846,0.6334074,0.6336349,0.6336342,0.6336361,0.6336747,0.03712077,0.6343262,0.6339418,0.633994,0.6338484,0.6336831,0.6338828,0.6327987,0.6333783,0.6336095,0.6336194,0.6338549,0.6338094,0.6338021,0.6336508,0.6338311,0.6336738,0.6334833,0.6336286,0.6336395,
0.6338658,0.6338621,0.63278,0.6327643,0.6335419,0.6335554,0.6338298,0.6338024,0.6327804,0.6331933,0.6335283,0.6337048,0.6336511,0.6338684,0.6338654,0.6337227,0.6338167,0.1025204,0.6341184,0.6337407,0.6339114,0.633907,0.633822,0.6338124,0.6336248,0.6327789,0.6333905,0.6334045,0.6334233,0.6334306,
0.6336521,0.6335577,0.6336574,0.6337323,0.6338121,0.6338045,0.6336511,0.6338127,0.6337963,0.6327909,0.6333776,0.03588282,0.1434762,0.6341258,0.6341039,0.6340829,0.6337551,0.6337548,0.6337477,0.3005545,0.6341136,0.6337454,0.6334672,0.6334512,0.5268776,0.6329696,0.6333854,0.633399,0.6327582,0.6335272,
0.6337833,0.6337758,0.6336265,0.6336479,0.6338082,0.633797,0.1438248,0.6327688,0.6331792,0.6331919,0.0322479,0.6330215,0.6335543,0.6334553,0.5268735,0.6343097,0.6342882,0.6342686,0.6339202,0.6336699,0.5347037,0.63445,0.1297937,0.633283,0.6334185,0.143819,0.634513,0.6339418,0.6336791,0.6336799,
0.6336882,0.6337634,0.1438241,0.6338437,0.633543,0.5347061,0.6343176,0.1113933,0.6341217,0.6337476,0.6337162,0.6337945,0.1460213,0.6343362,0.6339267,0.03375757,0.6341271,0.6341043,0.5412183,0.6342013,0.6338862,0.6338789,0.632843,0.6328275,0.6331871,0.6334359,0.6334911,0.6335233,0.6335402,0.6325457,
0.6333625,0.6333761,0.6335601,0.63379,0.6336275,0.6336498,0.6336517,0.6338095,0.5412055,0.6343512,0.6328506,0.1497917,0.1054526,0.6343046,0.6328535,0.632948,0.6334031,0.541216,0.6341116,0.5239517,0.6341023,0.6328421,0.6333864,0.6333966,0.6336378,0.6335509,0.6337136,0.6335422,0.6333705,0.6334981,
0.6335073,0.6335381,0.6335537,0.6337165,0.1054492,0.6329979,0.6332057,0.6335405,0.6337841,0.6336219,0.5264593,0.6341205,0.03167171,0.634203,0.6338865,0.6338139,0.6338624,0.6328299,0.5298016,0.6341144,0.6336319,0.6335146,0.632809,0.6331859,0.6334359,0.6336559,0.03179449,0.6343296,0.6343076,0.6339867,
0.6337975,0.6337775,0.6337752,0.529802,0.6341125,0.6340894,0.6328416,0.6331886,0.6334356,0.6336184,0.6328045,0.633262,0.6334517,0.6336645,0.6335611,0.6337296,0.6337271,0.6336079,0.633752,0.6337458,0.6328037,0.6333865,0.6335629,0.6337687,0.5268754,0.6329923,0.6333874,0.6333994,0.6334662,0.6336766,
0.6337011,0.6336977,0.6334086,0.6333792,0.533773,0.6341927,0.632843,0.5298097,0.6341143,0.6337277,0.6330943,0.6331483,0.6334245,0.6334938,0.6335034,0.6335989,0.6337801,0.633609,0.6336336,0.633686,0.633791,0.6337672,0.6327025,0.6331764,0.6334328,0.6334438,0.6327922,0.6331838,0.6333532,0.6332246,
0.633325,0.6333912,0.633472,0.6335939,0.6337791,0.6333714,0.6332075,0.6332881,0.6332969,0.6333058,0.6333128,0.6327723,0.6331804,0.6331934,0.633517,0.6335746,0.529803,0.6341137,0.6340907,0.6338537,0.6336636,0.6328167,0.6333877,0.6336333,0.6336142,0.6337786,0.05448257,0.6343265,0.6343046,0.529803,
0.6343044,0.6342838,0.6339114,0.4936524,0.6329497,0.6329706,0.6335028,0.6337489,0.6325785,0.5298019,0.6342042,0.6341821,0.6331996,0.6334127,0.6334167,0.6336473,0.6336453,0.6336434,0.6336416,0.02712636,0.6341406,0.634119,0.634097,0.6327443,0.6331881,0.6331999,0.6332126,0.6332247,0.6335373,0.6335476,
0.6337232,0.6337279,0.6337719,0.6337662,0.6336036,0.6337413,0.633735,0.6337274,0.63372,0.6337139,0.6337101,0.6337058,0.6337007,0.6335761,0.6335806,0.03840649,0.6341288,0.6341065,0.6337478,0.6338053,0.6336538,0.6338145,0.6337991,0.5249953,0.6341236,0.6340446,0.6340639,0.6327637,0.6331883,0.6332006,
0.6332126,0.6332236,0.6333135,0.6333807,0.6334069,0.6334116,0.6333599,0.6334077,0.6334752,0.6334911,0.6335006,0.6336871,0.6335841,0.6337485,0.6335927,0.6335973,0.6336014,0.6337344,0.6337275,0.6337204,0.6335838,0.6337302,0.633724,0.6337185,0.6337126,0.6337078,0.6335766,0.03840627,0.6344346,0.03840622,
0.6344593,0.6339276,0.6339139,0.1431947,0.634318,0.6339198,0.6339064,0.6336611,0.6337588,0.6337521,0.6337451,0.6337385,0.633734,0.6336027,0.6337517,0.6337448,0.6337371,0.6337306,0.6337261,0.6337214,0.6337155,0.6337091,0.6337035,0.1945727,0.6341252,0.6341034,0.6337253,0.6338024,0.6337946,0.6336146,
0.6336522,0.6338131,0.6329772,0.6332065,0.6332185,0.6332293,0.6332396,0.6332501,0.6332605,0.6332695,0.6332778,0.1431957,0.6341256,0.1860987,0.6341404,0.6337388,0.6337989,0.6337919,0.633784,0.6337752,0.6336056,0.63361,0.6337437,0.6336055,0.6337584,0.6336102,0.6337547,0.6337479,0.6337409,0.6337343,
0.6337303,0.6337239,0.1902342,0.6341346,0.6341121,0.6340912,0.6337208,0.6337712,0.633797,0.6337889,0.6336191,0.6337569,0.63375,0.633743,0.6337365,0.6329578,0.6332027,0.6332154,0.6332279,0.6332372,0.03122696,0.6341398,0.6341175,0.6340955,0.6337219,0.6337718,0.6337863,0.6329541,0.633212,0.6334435,
0.6336597,0.6336566,0.6335593,0.6337181,0.6336038,0.6336089,0.6337469,0.6337349,0.6335904,0.6328094,0.6331925,0.6334363,0.6336582,0.6329179,0.6331922,0.633436,0.6329176,0.6332048,0.6332167,0.6333945,0.6335727,0.6335701,0.6335697,0.6335703,0.6335706,0.6335724,0.633572,0.6335618,0.6335251,0.6335872,
0.6337221,0.6337122,0.6335834,0.6329321,0.632763,0.6331848,0.6331972,0.6332096,0.6334956,0.6329337,0.6334054,0.6334177,0.6334304,0.6335858,0.6329049,0.6332031,0.6332161,0.6332285,0.6334379,0.6335702,0.6335617,0.6334502,0.6336246,0.6327977,0.02752515,0.6329867,0.6332063,0.6334456,0.6335794,0.6335347,
0.6337306,0.6337188,0.03171605,0.6343387,0.6339263,0.6336401,0.6336014,0.6334247,0.6329254,0.6334374,0.6335025,0.6337005,0.6336142,0.6335036,0.6329322,0.6331955,0.6334075,0.6328933,0.63274,0.6331925,0.6328868,0.6333783,0.6336287,0.633577,0.6335674,0.6329145,0.6333963,0.6336463,0.6336437,0.633642,
0.6335546,0.6337122,0.6335798,0.633727,0.6337211,0.6329232,0.6329084,0.6328954,0.6331888,0.6334107,0.6333297,0.633488,0.6335959,0.6337866,0.6336104,0.6336142,0.6333026,0.633259,0.6334438,0.6328971,0.6328851,0.6330032,0.632852,0.6328433,0.6333957,0.6334076,0.04677179,0.634111,0.633743,0.6337415,
0.6337882,0.6337798,0.6336066,0.6336005,0.04677149,0.6331416,0.6332313,0.6328911,0.6327388,0.6330214,0.6332315,0.6328886,0.6328449,0.6332098,0.6332226,0.6334472,0.05894373,0.6331345,0.6334124,0.6336398,0.6336399,0.6329285,0.6333926,0.6336361,0.633577,0.6335689,0.6333962,0.6334876,0.6329214,0.633213,
0.6332285,0.6332406,0.6332434,0.633445,0.633404,0.633292,0.6328951,0.6331878,0.6331998,0.6328873,0.6333923,0.6334895,0.6334729,0.6335811,0.6329052,0.6332376,0.6334442,0.6336673,0.6329182,0.6329057,0.6332024,0.6334478,0.6336592,0.6336561,0.6332907,0.6328765,0.6331971,0.6334106,0.6333241,0.6333311,
0.6333333,0.6333371,0.6329048,0.6335301,0.6337752,0.6337693,0.6329291,0.633381,0.632912,0.632899,0.6333929,0.6336344,0.6329137,0.6332392,0.6334237,0.6329215,0.6333804,0.04256947,0.6331495,0.633415,0.03786226,0.6341312,0.6329662,0.6329494,0.633198,0.6332097,0.6332266,0.6332949,0.6333534,0.6334628,
0.6336704,0.6336678,0.6329172,0.6329037,0.6328918,0.6332353,0.6332958,0.6333222,0.6333322,0.6328915,0.6333599,0.6335337,0.6329119,0.6328997,0.6328881,0.6333573,0.6334229,0.6336477,0.6336234,0.6337982,0.6336178,0.6336212,0.6337901,0.6336108,0.6329454,0.6331972,0.6332102,0.6328877,0.6332005,0.6334398,
0.6336578,0.6336067,0.6335605,0.6337192,0.6335808,0.6329321,0.6330317,0.63286,0.6328493,0.6333545,0.6335937,0.6335304,0.6329253,0.6331941,0.632887,0.6328744,0.633357,0.6335317,0.6335416,0.6336113,0.6335629,0.6335959,0.632912,0.6332119,0.6332223,0.6334376,0.6336296,0.6329141,0.6333812,0.6336299,
0.6336283,0.633627,0.633588,0.6329045,0.633393,0.6336344,0.6329287,0.632914,0.6333812,0.6336339,0.6335968,0.6335383,0.63357,0.6335237,0.6335302,0.6336817,0.6336898,0.633687,0.6329197,0.1294178,0.1767905,0.1767212,0.1767055,0.1752537,0.1752946,0.1752362,0.1763128,0.1752507,0.1583298,0.174832,
0.176319,0.17633,0.1762841,0.1763433,0.1767455,0.1762468,0.1767468,0.1767252,0.1767466,0.1766979,0.4005034,0.1771052,0.1770955,0.1583344,0.1763336,0.1763437,0.1764432,0.1767433,0.1767547,0.1752447,0.175234,0.1763139,0.1752509,0.1764211,0.1764341,0.1764358,0.176687,0.1752476,0.1763165,0.1766854,
0.4004866,0.1771052,0.176389,0.1417752,0.1767245,0.1767063,0.1583314,0.1763335,0.1766905,0.1584167,0.1767102,0.1767201,0.1767701,0.1767454,0.1767778,0.03214678,0.6331499,0.6331281,0.633403,0.6334348,0.6334532,0.6336141,0.6336522,0.633548,0.6336982,0.6329222,0.6331935,0.6332625,0.6332626,0.6334521,
0.633351,0.6333569,0.6334759,0.633594,0.632918,0.6329048,0.6333475,0.6334428,0.6336581,0.6335511,0.6335566,0.6337022,0.6333526,0.6334114,0.6336253,0.6336228,0.6335737,0.6335309,0.6336161,0.6334319,0.6334319,0.6333197,0.6332755,0.6328973,0.6333595,0.6333725,0.6336044,0.6336035,0.6336036,0.6336041,
0.633557,0.6335905,0.6335237,0.6329296,0.6329163,0.632678,0.632524,0.633168,0.6332605,0.03022943,0.6328086,0.6331842,0.6331964,0.6334028,0.6336188,0.6335275,0.6336882,0.6336861,0.6336831,0.6336799,0.6336766,0.6336743,0.6336719,0.6336084,0.633429,0.6334976,0.6336898,0.6335668,0.6335722,0.6336202,
0.6334354,0.6334308,0.6334361,0.6327162,0.6332256,0.6334393,0.6326125,0.6324327,0.6331968,0.6333976,0.6336163,0.0403918,0.6341422,0.6337826,0.6338156,0.6338072,0.6337988,0.6336218,0.633624,0.0294662,0.6330642,0.633273,0.6328957,0.6333461,0.633292,0.6328825,0.6326635,0.6331661,0.6331783,0.6328852,
0.6331878,0.6332,0.6332119,0.6332231,0.6328312,0.6333514,0.6335338,0.0868866,0.6331481,0.6332217,0.6328892,0.6332297,0.6332837,0.6329007,0.02932517,0.632814,0.6333809,0.6329117,0.6329905,0.6331407,0.633285,0.03109984,0.634141,0.6329681,0.6331999,0.6332934,0.6329096,0.6325437,0.6331555,0.6331702,
0.633185,0.6332595,0.6334529,0.6329184,0.6329051,0.6331894,0.632884,0.6328719,0.6328614,0.6332235,0.633288,0.6334767,0.6333531,0.6334745,0.6328967,0.6328851,0.6331987,0.6325644,0.6324034,0.6324065,0.6324336,0.633349,0.632909,0.6325423,0.6323978,0.6331942,0.6332492,0.6332733,0.6326142,0.6324329,
0.6329371,0.6329481,0.6332567,0.6333093,0.632889,0.6331891,0.633307,0.633462,0.6336673,0.02712636,0.6331315,0.6331111,0.6332557,0.6326027,0.6333658,0.6335384,0.6335579,0.6337569,0.632928,0.6329137,0.6331931,0.03385229,0.6341733,0.6326491,0.632952,0.6332579,0.633271,0.6329048,0.6325571,0.6329428,
0.6332532,0.6333068,0.6332893,0.03245224,0.6331495,0.6330278,0.6335011,0.6336465,0.6326262,0.6329387,0.06313635,0.6338899,0.6335115,0.6335008,0.6335576,0.6335358,0.6335635,0.6329225,0.6329928,0.6330016,0.6328589,0.6325279,0.6333715,0.6335418,0.6335334,0.03538888,0.6339006,0.6335164,0.6335053,0.6326127,
0.632948,0.6329589,0.6332487,0.6334591,0.6326119,0.6329488,0.1294934,0.175915,0.1748439,0.1763138,0.03686868,0.6338944,0.6326261,0.1780087,0.6343254,0.6336827,0.6334458,0.6329089,0.6328968,0.6332595,0.6328948,0.6334884,0.6335947,0.6334099,0.633512,0.6334777,0.6329218,0.6329084,0.6332318,0.6334539,
0.6334653,0.6335632,0.633554,0.6329072,0.6332317,0.6329,0.6329882,0.6332221,0.03155021,0.6334683,0.632616,0.6332036,0.6332538,0.6334637,0.6334581,0.6334537,0.6326079,0.6329469,0.6333974,0.6329134,0.6332327,0.6334543,0.6333668,0.6334977,0.633491,0.6334848,0.6334792,0.6333788,0.1319141,0.6343186,
0.634297,0.6336781,0.6329255,0.6332349,0.6328995,0.6329876,0.6329963,0.632858,0.06034583,0.63313,0.6330234,0.6332787,0.6332891,0.03545603,0.6339017,0.6326446,0.6333691,0.03646391,0.6338962,0.6338741,0.6338525,0.04538664,0.6339048,0.6335177,0.6335574,0.6335495,0.6334116,0.6335139,0.6335072,0.6333824,
0.6334924,0.6335823,0.6335731,0.6329122,0.632991,0.6328544,0.6333894,0.6335449,0.6335375,0.6335295,0.6335213,0.633515,0.6335093,0.6335037,0.6334976,0.6334905,0.6334837,0.6334791,0.6334714,0.6335655,0.6335561,0.6329082,0.6329906,0.03224798,0.633893,0.6338723,0.6329497,0.6329973,0.6328581,0.05859071,
0.6339044,0.6338814,0.6329507,0.633384,0.6335424,0.6334851,0.6334934,0.6329229,0.6329914,0.6334164,0.6335515,0.6335433,0.6335344,0.6329182,0.6329932,0.6328567,0.6329802,0.6329894,0.6329982,0.6330087,0.6330177,0.6330249,0.6334135,0.6335489,0.6335404,0.03243468,0.6338931,0.6338714,0.6335528,0.6335847,
0.6335744,0.6335634,0.6335529,0.6334858,0.6334935,0.633572,0.6335629,0.633553,0.6329065,0.6332888,0.6334799,0.6334738,0.6334684,0.6335737,0.6335629,0.6336043,0.6334997,0.6329226,0.6329939,0.6330024,0.6330118,0.6328612,0.6333905,0.6329139,0.6329918,0.6330003,0.6334062,0.633419,0.6335521,0.6334872,
0.6335796,0.6335703,0.6335602,0.6328661,0.6333786,0.6333931,0.6335472,0.633539,0.6334841,0.6334918,0.6335727,0.6335635,0.6335534,0.6335434,0.6329076,0.6332834,0.6334795,0.6334738,0.6334684,0.02763815,0.6343287,0.6341402,0.632965,0.6329481,0.6329958,0.6330053,0.6334081,0.6335476,0.632907,0.6329905,
0.6334161,0.6335639,0.6337267,0.6335977,0.6329343,0.6328275,0.6329793,0.6334014,0.6334144,0.6335514,0.6335427,0.633534,0.6329036,0.6329887,0.6329973,0.03804158,0.6343233,0.6336833,0.6335179,0.6335247,0.6335808,0.6335708,0.6328985,0.04126425,0.6338981,0.6338764,0.6329494,0.6333978,0.6334109,0.6335521,
0.6334894,0.6335704,0.633561,0.6335518,0.6335672,0.6337299,0.633615,0.6335019,0.6335093,0.6335769,0.6335673,0.63349,0.6335804,0.6334876,0.6335942,0.6336033,0.6329371,0.6329947,0.6328571,0.6333889,0.6329136,0.02697152,0.6339001,0.6335659,0.6335719,0.03382145,0.6338859,0.632962,0.6330038,0.6330138,
0.6330226,0.6330307,0.633413,0.6335497,0.6335583,0.6336034,0.6329157,0.6334475,0.6329322,0.6329945,0.6330033,0.633407,0.6335477,0.6329078,0.6328856,0.6333938,0.6335449,0.6335375,0.6335292,0.6335219,0.6335619,0.6337242,0.6329452,0.6329967,0.633006,0.6331761,0.6334161,0.6335499,0.633487,0.6335799,
0.6334945,0.6335719,0.4925596,0.03102784,0.6339013,0.09432519,0.6338978,0.6338753,0.6338537,0.6329457,0.6333841,0.633398,0.632929,0.6329964,0.6330051,0.6334966,0.6336038,0.6335943,0.4365155,0.6338953,0.6335608,0.6335866,0.6334951,0.06216412,0.02965512,0.6344278,0.6336933,0.6335194,0.632925,0.6329926,
0.6335076,0.6336073,0.6334997,0.6335843,0.6335748,0.6335623,0.6335714,0.6335821,0.63362,0.4365154,0.6338727,0.6327771,0.6333767,0.633542,0.6335342,0.633483,0.6334913,0.6334993,0.6335855,0.4892289,0.6332696,0.6335585,0.6332772,0.6334257,0.6335543,0.6335458,0.6335364,0.6335283,0.489226,0.6327029,
0.6327239,0.6327425,0.6327603,0.6333817,0.6332817,0.6331288,0.6335138,0.6336069,0.6335971,0.6335869,0.6332817,0.6334277,0.6334403,0.633558,0.63355,0.6335414,0.6334838,0.1425336,0.6344301,0.6336935,0.6336786,0.6335802,0.6336076,0.6334994,0.1185744,0.6344328,0.4448883,0.6344225,0.6336935,0.6336783,
0.6335817,0.6335902,0.6336207,0.6336101,0.6335998,0.6335889,0.6335788,0.6335669,0.6335566,0.6334839,0.6333098,0.6331381,0.633189,0.6334166,0.6335499,0.6335423,0.6335341,0.1425258,0.6344069,0.6336905,0.1893901,0.6344134,0.6336908,0.6336757,0.6336622,0.6336489,0.6336367,0.6336257,0.6336145,0.6332971,
0.6335161,0.633527,0.6335996,0.6335898,0.6335738,0.6336071,0.6335965,0.633586,0.6335753,0.07777765,0.6335684,0.6332284,0.633229,0.6332297,0.633529,0.6336089,0.6335691,0.6336159,0.6335708,0.6336061,0.6335957,0.6332864,0.6331283,0.6335135,0.6335956,0.6335856,0.633284,0.633125,0.02619288,0.633907,
0.6338847,0.633862,0.6338409,0.6338193,0.6337987,0.63378,0.6337621,0.6337453,0.6335956,0.6336039,0.6336114,0.6336009,0.633569,0.6336049,0.6335689,0.6335781,0.6333352,0.6331478,0.6331503,0.6335167,0.633597,0.6335863,0.6335759,0.633565,0.6335551,0.6335467,0.6335394,0.6332791,0.6331232,0.6331265,
0.6331306,0.6331345,0.6331392,0.6335163,0.633597,0.6335867,0.6335763,0.6335648,0.02750346,0.6338972,0.6332267,0.6330783,0.6330836,0.6330904,0.6335104,0.633521,0.6333278,0.6331442,0.6331461,0.633148,0.6331503,0.6331537,0.09352668,0.6335508,0.6332209,0.6332224,0.6335266,0.6335381,0.6336123,0.6335698,
0.6336159,0.633606,0.6335955,0.633584,0.6335729,0.6335629,0.6335666,0.633616,0.6336066,0.6335965,0.6335855,0.6335742,0.6335108,0.63354,0.6335497,0.6335443,0.6335325,0.6335624,0.6333337,0.633319,0.6331412,0.6331421,0.6331443,0.6331131,0.6330507,0.6335042,0.6335155,0.6335966,0.6335868,0.6335764,
0.6335668,0.6335582,0.6332856,0.6331297,0.633131,0.633134,0.03736378,0.6338927,0.6338709,0.633849,0.6338274,0.633807,0.6326725,0.632954,0.6329645,0.6329758,0.632986,0.632996,0.6330053,0.6331508,0.6330757,0.6330945,0.633042,0.06156441,0.6338943,0.6336242,0.633648,0.6336151,0.6336041,0.6335921,
0.6335807,0.63357,0.6335611,0.6335527,0.6335451,0.6335379,0.6335308,0.633525,0.6335185,0.6335755,0.6336065,0.6335966,0.6335858,0.6335745,0.6335635,0.6332732,0.6332611,0.6331207,0.6331243,0.633189,0.04285941,0.6338922,0.6338708,0.633849,0.6338274,0.6333775,0.6331773,0.6331798,0.6331824,0.6331846,
0.6331863,0.6331881,0.6331892,0.6331928,0.6331948,0.6331971,0.6331998,0.6332009,0.6332021,0.6332029,0.63354,0.6336017,0.6335923,0.6333614,0.6328668,0.6329873,0.6329964,0.6329903,0.6330084,0.6330182,0.6330273,0.6331543,0.6330772,0.6330832,0.6330909,0.633176,0.6330831,0.6330878,0.6330935,0.6331006,
0.6331064,0.633112,0.6332199,0.6331763,0.02923319,0.6338882,0.6338671,0.6338454,0.6338237,0.6333561,0.6331524,0.6333237,0.6334867,0.63348,0.633474,0.6334695,0.6333746,0.6335005,0.633338,0.6331685,0.6331708,0.6331741,0.6332434,0.633128,0.6331306,0.6333097,0.6334768,0.6335744,0.6336071,0.6332901,
0.6331294,0.6331314,0.633134,0.6332248,0.6333026,0.6334743,0.6334688,0.6334648,0.6334602,0.6334181,0.6335322,0.6335236,0.6335161,0.6335097,0.6335043,0.6334013,0.6335096,0.6335027,0.633496,0.6333991,0.6335111,0.03561503,0.6338997,0.6333771,0.6331584,0.6331612,0.6331652,0.6331677,0.6331692,0.633171,
0.633173,0.6331751,0.6331782,0.6331815,0.6331848,0.6333699,0.6335214,0.6333985,0.6335068,0.6334167,0.6335202,0.6334553,0.6333597,0.6331812,0.6331836,0.6332476,0.6331277,0.03878179,0.6339086,0.6338862,0.129278,0.1755207,0.1758897,0.1759004,0.1759107,0.17592,0.1764668,0.1763697,0.1762989,0.1758193,
0.1758946,0.1759331,0.1759422,0.1759507,0.1759586,0.1759659,0.1759729,0.1759795,0.1759857,0.1759916,0.1764353,0.1763458,0.1762908,0.1765128,0.175919,0.1759703,0.1759819,0.1759902,0.1759969,0.1760029,0.176511,0.176312,0.1759166,0.02859468,0.6338915,0.6338696,0.6334279,0.633212,0.6332696,0.6331382,
0.6331394,0.633142,0.1504085,0.6336182,0.6335987,0.6332826,0.6332807,0.633303,0.03275524,0.6338925,0.6334481,0.02736899,0.6338999,0.6323969,0.6332147,0.633455,0.6334494,0.6334445,0.6334413,0.6334369,0.6334339,0.6334313,0.6333851,0.6335185,0.6335115,0.633339,0.6331694,0.6331724,0.6333309,0.6334885,
0.6334799,0.6334739,0.6334704,0.6333215,0.6331629,0.6331654,0.6323402,0.6328026,0.6329779,0.6323203,0.6329151,0.6323128,0.6329132,0.632927,0.6329406,0.6332766,0.6333266,0.6331659,0.6333153,0.6333561,0.6335087,0.6335012,0.6334952,0.6333315,0.6333269,0.02736891,0.6338993,0.03404255,0.6327967,0.6329677,
0.6329767,0.6329859,0.6332882,0.6325837,0.6329431,0.6332741,0.0292328,0.6336324,0.6332977,0.6333901,0.6332804,0.6332734,0.6325771,0.6329416,0.6329515,0.6329623,0.6329738,0.6329845,0.6331074,0.6323262,0.6329162,0.6329296,0.6332729,0.6334704,0.6325693,0.6327193,0.6329669,0.6329769,0.6323193,0.6332082,
0.6333122,0.6331579,0.6325588,0.6329399,0.6329495,0.6329601,0.6331532,0.6325446,0.6329376,0.6329477,0.6330619,0.6329888,0.6329959,0.6331702,0.6333032,0.6334788,0.6334717,0.6325698,0.03062052,0.6339014,0.6334507,0.6332267,0.6330903,0.6330948,0.6333103,0.6333201,0.6334857,0.6333919,0.6335134,0.6335069,
0.6335005,0.633494,0.6334887,0.6334418,0.6333317,0.6333286,0.632576,0.6325616,0.6329398,0.6329508,0.6329618,0.6329722,0.6329827,0.6331608,0.6330414,0.6325492,0.633221,0.6333053,0.6332965,0.6332886,0.6331483,0.63315,0.6325605,0.6329389,0.6325303,0.6325186,0.632933,0.6331373,0.6330714,0.6333035,
0.6334788,0.6334721,0.6334674,0.6333234,0.6325548,0.632542,0.6327124,0.6325036,0.6324918,0.6329299,0.6329406,0.6331415,0.6325419,0.6327139,0.6329751,0.6329835,0.6329929,0.6330028,0.6330119,0.6325436,0.632937,0.6330502,0.6325441,0.6325321,0.6327103,0.6327221,0.632969,0.6331543,0.6330834,0.6330879,
0.6330945,0.6330994,0.633104,0.6331092,0.633215,0.6332088,0.6325527,0.6329384,0.6329497,0.6325462,0.6329371,0.6331397,0.633072,0.633078,0.6330835,0.6330903,0.6331178,0.6332132,0.6332071,0.6332014,0.08348578,0.0364889,0.6338955,0.6338739,0.6338534,0.6338325,0.6338107,0.6335955,0.6334741,0.6334647,
0.6334586,0.6334528,0.6334181,0.6334307,0.6334347,0.6333498,0.6333392,0.6333296,0.633159,0.6332392,0.6332328,0.633227,0.6331201,0.6325547,0.6327162,0.6325039,0.6329315,0.6331365,0.6331352,0.6330685,0.6330748,0.6332049,0.6331062,0.6331101,0.6332211,0.633215,0.6331117,0.129278,0.1755204,0.1758898,
0.1759005,0.1759106,0.1758517,0.1748367,0.1754701,0.1754365,0.1758777,0.175889,0.1758997,0.1759098,0.175918,0.1759251,0.175865,0.05773424,0.6339067,0.6334386,0.6332216,0.633339,0.6333435,0.6333337,0.6331663,0.6332423,0.6331275,0.6331312,0.6332228,0.6331174,0.6332222,0.6332165,0.6332105,0.6331104,
0.6331135,0.6332202,0.6331128,0.1681662,0.05972766,0.6338999,0.6334363,0.6334222,0.6334073,0.6332006,0.6332017,0.6332036,0.4448824,0.6339158,0.6328557,0.6329769,0.633296,0.6333334,0.6331673,0.6331699,0.03504911,0.6339025,0.633437,0.6328951,0.6328098,0.03380934,0.6336294,0.633608,0.633589,0.6332735,
0.6332752,0.6333003,0.632777,0.632765,0.4448948,0.03878197,0.03307443,0.6338898,0.04825068,0.03953515,0.6339062,0.6334524,0.6332239,0.6334091,0.6335459,0.6335387,0.6335054,0.6335161,0.6333412,0.6333315,0.6331657,0.6331676,0.6331698,0.633172,0.6331739,0.6332462,0.6323846,0.6327022,0.6329609,0.6331497,
0.633081,0.6330861,0.6330933,0.6331003,0.6331112,0.63323,0.6331201,0.6331236,0.6323924,0.6329172,0.6329296,0.633011,0.633189,0.6331,0.6323881,0.6323736,0.6326871,0.6326999,0.63297,0.6329786,0.6331592,0.6330808,0.633086,0.6330098,0.6328727,0.02830262,0.4445542,0.6338856,0.6334336,0.6335677,
0.6336168,0.6336091,0.633395,0.04029479,0.6340395,0.6337476,0.6324371,0.6324198,0.6333251,0.6335233,0.6330659,0.6330213,0.6330298,0.6331865,0.6330975,0.6331022,0.6331091,0.6331557,0.0358042,0.6338997,0.6338521,0.6324503,0.6327013,0.6329602,0.6329705,0.632979,0.0275814,0.6326176,0.6329443,0.6323704,
0.6330864,0.633264,0.6323953,0.6323425,0.63293,0.6331385,0.6330714,0.6330768,0.2617195,0.6338906,0.6333005,0.6333971,0.6335396,0.6333501,0.632416,0.6329201,0.6331394,0.6333141,0.6324005,0.6329182,0.6323677,0.6323528,0.6323388,0.6329238,0.6329368,0.6329497,0.6331454,0.6330762,0.6331095,0.6333886,
0.6335354,0.6335281,0.6335202,0.6324682,0.6323526,0.6333196,0.6324429,0.6329251,0.6330077,0.6330441,0.6330614,0.6333808,0.6324307,0.6330938,0.6323833,0.6334962,0.633601,0.6335906,0.6324248,0.6323712,0.6326932,0.6323416,0.6323272,0.6329237,0.2735843,0.6340587,0.6325019,0.6323759,0.6329156,0.6329288,
0.6331326,0.6333071,0.6333042,0.6323949,0.6326906,0.6329668,0.6329755,0.6334296,0.6335595,0.6335506,0.632439,0.09795216,0.6326101,0.6329437,0.6329772,0.6330085,0.6323786,0.6326889,0.6331182,0.6324025,0.63309,0.6331041,0.6332789,0.6332863,0.6332893,0.6323925,0.632376,0.6330869,0.6332646,0.03673397,
0.6338958,0.6338738,0.6334435,0.632408,0.03126894,0.6338989,0.03610682,0.633898,0.6324525,0.6329267,0.6323687,0.6329278,0.6331434,0.633155,0.6333259,0.6333204,0.6331869,0.6324014,0.6329191,0.6331315,0.633433,0.633558,0.6335502,0.6335423,0.6333465,0.6331162,0.6330433,0.6330519,0.6323848,0.6330878,
0.6332657,0.6332754,0.6332803,0.632461,0.6329302,0.6329417,0.6323715,0.6324841,0.6323147,0.6324756,0.6327098,0.6331111,0.6334558,0.6324305,0.6329235,0.6329362,0.6329494,0.6329614,0.6331519,0.6330746,0.6155974,0.6338848,0.6334351,0.6332145,0.6332157,0.6332172,0.6332763,0.6323905,0.6323753,0.03476546,
0.6339054,0.6335741,0.6335946,0.6331491,0.6330525,0.6330599,0.6330745,0.6323727,0.6206905,0.6325863,0.6329402,0.6323684,0.6333776,0.6333647,0.6331816,0.6331828,0.6328804,0.6328037,0.2281556,0.6326009,0.6329414,0.6331432,0.6323859,0.6326904,0.6331184,0.6327775,0.6329674,0.6331561,0.6323743,0.6326885,
0.6329654,0.6329742,0.6329839,0.6331636,0.6331608,0.6334411,0.6324457,0.6324905,0.6326102,0.2281549,0.6326005,0.6327283,0.632971,0.6327771,0.6327628,0.6329883,0.6323906,0.6326919,0.6326957,0.6323156,0.6329222,0.6331338,0.6330701,0.6334466,0.6336728,0.6335509,0.6335909,0.6324254,0.6329213,0.6331335,
0.6331739,0.633343,0.6324027,0.6333816,0.6335537,0.6335458,0.6324195,0.6329211,0.6329337,0.6323848,0.6322437,0.6329219,0.6329344,0.6334397,0.6336639,0.6324338,0.6324123,0.6329216,0.6323676,0.6329274,0.6332853,0.6333252,0.6331641,0.633242,0.632386,0.6326898,0.6329666,0.6329756,0.6331503,0.6331028,
0.633158,0.6333309,0.633322,0.6332889,0.6331487,0.632393,0.6329182,0.6331385,0.6334608,0.6335737,0.6334039,0.633551,0.6335429,0.6333707,0.6324045,0.6329198,0.6329328,0.6323845,0.6329306,0.6332736,0.6334722,0.6324117,0.6326936,0.6323416,0.6324684,0.6329445,0.6331471,0.6324038,0.6329205,0.6323693,
0.6329291,0.6329423,0.6323866,0.632917,0.6331386,0.6333125,0.6333289,0.6334898,0.6324138,0.6333818,0.6330655,0.632378,0.6329322,0.6332875,0.6324251,0.6329235,0.6330853,0.6331419,0.6333157,0.05624541,0.6340728,0.6324646,0.6327023,0.63287,0.6332678,0.633453,0.6334757,0.6334686,0.6334636,0.6334587,
0.6333064,0.633463,0.6323929,0.6330901,0.6332672,0.6332732,0.6333245,0.6334873,0.6331105,0.633038,0.6332999,0.6324229,0.6329229,0.6329354,0.6332459,0.6333689,0.6332521,0.6333439,0.6332017,0.6332016,0.6324008,0.6326934,0.632706,0.6332523,0.6334715,0.6323967,0.6324749,0.633384,0.6324438,0.6329252,
0.6329377,0.6329501,0.6329614,0.6332549,0.6333913,0.6333224,0.6323957,0.6324746,0.63323,0.6334569,0.6324103,0.03264717,0.6340525,0.6336944,0.6335151,0.6335022,0.6336335,0.633564,0.6328045,0.633258,0.6331019,0.6330878,0.6330319,0.632381,0.6330884,0.6331031,0.6331161,0.6332875,0.6332937,0.02840333,
0.6340516,0.6336946,0.6335149,0.6336488,0.6336385,0.6334553,0.6334153,0.6331156,0.6330395,0.6331851,0.6330816,0.6331549,0.6333278,0.6333207,0.6333219,0.6333423,0.6335174,0.6334948,0.6329892,0.6330016,0.6331698,0.6332965,0.6324088,0.6331888,0.632399,0.6322495,0.632921,0.6329333,0.6331465,0.6333194,
0.6331771,0.6333471,0.6323867,0.6330891,0.6331031,0.6332762,0.6332846,0.6333925,0.6336008,0.6335316,0.6335244,0.6335167,0.6335106,0.6335051,0.6333472,0.6333671,0.633512,0.6334661,0.6328053,0.6332209,0.6327932,0.6329711,0.6329799,0.6327645,0.6329654,0.6329747,0.6332849,0.6324232,0.6329232,0.6329353,
0.6331345,0.6333071,0.6333062,0.6331716,0.633341,0.6335517,0.6336139,0.63344,0.6334437,0.6335823,0.6335121,0.6327984,0.633219,0.6335749,0.6328218,0.6329736,0.6329821,0.6331532,0.6333242,0.6333168,0.6333185,0.6333202,0.6332505,0.6327923,0.6329704,0.6331571,0.6331679,0.6333912,0.6335301,0.6335222,
0.6335154,0.633509,0.6335031,0.6333458,0.6334975,0.6334898,0.6334813,0.6334364,0.6335448,0.6335358,0.6335271,0.6327981,0.6335327,0.633129,0.6330374,0.6330463,0.6327749,0.6329679,0.6331571,0.6333275,0.6335556,0.6337218,0.6337135,0.6337048,0.633588,0.6335772,0.6334073,0.6334155,0.633557,0.6335006,
0.6333444,0.6333653,0.6335115,0.6334648,0.6333127,0.6335906,0.6338356,0.1176599,0.4340397,0.1762912,0.1754962,0.1758821,0.1761675,0.1761785,0.1761612,0.1751159,0.1751047,0.1758778,0.175889,0.1758998,0.1759101,0.1766119,0.1763131,0.1763018,0.1762914,0.1763105,0.1762677,0.1762559,0.1766135,0.1763145,
0.1766162,0.1771336,0.1763185,0.1763069,0.1763238,0.1762784,0.1762659,0.1762571,0.1762492,0.1762744,0.1762388,0.1762616,0.1762751,0.175769,0.1771418,0.1765982,0.1763112,0.1763002,0.1766102,0.1763131,0.1763018,0.1763192,0.1763297,0.1762779,0.1762651,0.1762562,0.1762807,0.1751147,0.1758805,0.1758916,
0.1771421,0.1771532,0.1765902,0.1757692,0.1761614,0.1761727,0.174685,0.1758705,0.1758822,0.1758932,0.17616,0.1761456,0.03527509,0.6342809,0.633696,0.6336803,0.6335025,0.6336365,0.6336271,0.6334463,0.6335854,0.6335774,0.6336039,0.633609,0.6328124,0.632973,0.6331478,0.6331581,0.633168,0.633338,
0.6333897,0.6335295,0.6335977,0.6336104,0.6335986,0.633431,0.6334361,0.6336047,0.6338405,0.6337435,0.6337349,0.6335893,0.6334181,0.6334262,0.6335384,0.6337111,0.6337032,0.6336964,0.6336879,0.6336809,0.6336737,0.6335826,0.633607,0.633611,0.6335996,0.6335884,0.632807,0.6331221,0.6332965,0.6332965,
0.6333956,0.6335983,0.6335946,0.6335915,0.6335887,0.6334839,0.633557,0.633414,0.6335198,0.6326472,0.6329486,0.6329585,0.04654353,0.6336946,0.6333766,0.6333075,0.6333122,0.6333158,0.6334647,0.6334274,0.6335918,0.6337338,0.6335995,0.6335425,0.6336686,0.6336107,0.03074318,0.03805279,0.6342897,0.6338468,
0.6335948,0.6336877,0.6335739,0.6333968,0.6332492,0.6334069,0.6333816,0.633357,0.6334888,0.6334822,0.633329,0.6334829,0.6334771,0.6333146,0.633343,0.02846623,0.6338918,0.6334902,0.6332808,0.6332859,0.633135,0.6330463,0.6330542,0.6330629,0.0292829,0.6340479,0.6336759,0.6336083,0.6334394,0.633443,
0.6334417,0.6335788,0.6334038,0.6335459,0.6337332,0.6336094,0.6334348,0.6335786,0.6334075,0.03633427,0.6338964,0.6338748,0.6338531,0.6335937,0.633602,0.6337188,0.6335372,0.6336664,0.6335663,0.6333988,0.6335468,0.02846636,0.6338912,0.6338692,0.6335838,0.6335768,0.6336079,0.6334352,0.63346,0.6334668,
0.6335523,0.6335428,0.633535,0.6333733,0.6335236,0.6335043,0.03043506,0.633903,0.6338816,0.6335281,0.6336638,0.6335555,0.6333891,0.6335366,0.6335302,0.633538,0.6337034,0.6335967,0.6336099,0.6334364,0.6334407,0.6335809,0.6335184,0.6333591,0.6333777,0.6333798,0.6335244,0.6334723,0.6335284,0.633756,
0.6336103,0.6335999,0.6334279,0.6335722,0.6335641,0.6333897,0.6335356,0.6335901,0.6334176,0.633562,0.6335545,0.6335437,0.030435,0.6339023,0.6336034,0.6337189,0.6335842,0.6334126,0.6335589,0.6334791,0.6334181,0.6333196,0.633471,0.6323655,0.6330802,0.6330953,0.6334841,0.6336002,0.6330594,0.6330211,
0.6330307,0.6331709,0.6333413,0.6331972,0.6333629,0.6332186,0.6333824,0.6332369,0.6330127,0.6331398,0.633314,0.6335028,0.6335934,0.6335837,0.6335719,0.6323691,0.6330826,0.6332607,0.1295378,0.1759149,0.1759223,0.1761719,0.1761825,0.1761923,0.1761727,0.1745877,0.1761569,0.1761684,0.176153,0.1769237,
0.1763119,0.1763007,0.1763181,0.1763287,0.176277,0.1761701,0.174591,0.1761579,0.1761693,0.1754369,0.1758723,0.1758839,0.175895,0.1759055,0.1769217,0.1763115,0.1769329,0.1763147,0.236324,0.174822,0.1758817,0.1758927,0.1769314,0.1763138,0.1763294,0.1763393,0.1752997,0.1758786,0.1761653,0.1761506,
0.2363375,0.1773545,0.1769678,0.1766029,0.02817423,0.6338922,0.6335968,0.6329587,0.4448826,0.6338832,0.633683,0.4448935,0.6338871,0.4448934,0.632573,0.6329345,0.6325306,0.6325173,0.6331083,0.6333186,0.6330009,0.6330093,0.633019,0.632332,0.632917,0.6329309,0.6331444,0.6331556,0.6333265,0.6333198,
0.633321,0.6333248,0.6332538,0.4448889,0.6338884,0.6336877,0.6335942,0.6325978,0.6324278,0.6329354,0.2636459,0.6330392,0.6334251,0.6334208,0.6332737,0.6334338,0.4526049,0.6338934,0.6338708,0.6338494,0.4448902,0.6340423,0.6331046,0.6330462,0.6331795,0.6333479,0.6332025,0.633369,0.6332235,0.6333873,
0.6332412,0.6334019,0.6332535,0.6334141,0.4448929,0.2669632,0.6327109,0.4526054,0.4451115,0.6340413,0.6329958,0.6330079,0.6330177,0.6330285,0.6328417,0.6331872,0.6332558,0.6332805,0.6334085,0.632941,0.6329972,0.6330067,0.02874406,0.6342551,0.6338595,0.6338449,0.6338302,0.4427858,0.6325402,0.6331084,
0.633332,0.6335385,0.444892,0.6338833,0.6338617,0.6338407,0.6335117,0.4526046,0.6340537,0.6340316,0.6336923,0.4448921,0.6338816,0.633859,0.6335818,0.6335737,0.6336067,0.6335966,0.6329553,0.6330006,0.6330093,0.63302,0.633028,0.6331744,0.4448947,0.6340426,0.02831122,0.6331837,0.4427802,0.6338853,
0.6336855,0.6335926,0.444893,0.6338879,0.6336883,0.6337817,0.6337618,0.4427839,0.4442285,0.6340688,0.6340464,0.04618042,0.4424387,0.4442597,0.6338857,0.6338631,0.6338414,0.6338207,0.4427759,0.4442246,0.6338856,0.6338632,0.6329858,0.4448861,0.6342224,0.6338489,0.6329778,0.633003,0.6330125,0.6330218,
0.6333272,0.633538,0.6335153,0.6333552,0.633508,0.6335021,0.6329402,0.6331314,0.6333055,0.6333073,0.6333085,0.6333095,0.633311,0.6329221,0.632993,0.4448848,0.6331787,0.6330382,0.6330475,0.6333321,0.6335027,0.6334959,0.6334893,0.6333343,0.6334886,0.6334829,0.4448935,0.6339058,0.6338832,0.02793632,
0.6338937,0.6338722,0.6335861,0.6336139,0.6336026,0.6334382,0.6335379,0.6335297,0.6333691,0.6335206,0.6335139,0.633345,0.6334967,0.6334915,0.04010087,0.6338801,0.6329889,0.6330056,0.6330149,0.6333245,0.6335374,0.6335301,0.6335142,0.6329446,0.6331301,0.6331408,0.6333151,0.6333363,0.6333119,0.6332585,
0.6334164,0.6333895,0.633387,0.6333851,0.633383,0.6334029,0.6333864,0.6329321,0.6329944,0.6330042,0.6333212,0.6333302,0.6335402,0.6335218,0.6335149,0.6335089,0.6335026,0.6334959,0.6333381,0.6334147,0.6335293,0.6335219,0.6333619,0.6334165,0.6335043,0.6334755,0.6334619,0.6334084,0.6335798,0.63357,
0.6335721,0.6335677,0.05598262,0.6338901,0.6338686,0.6338468,0.6338255,0.6338045,0.6338084,0.6334919,0.02813167,0.6338398,0.6335004,0.632956,0.6329787,0.0276385,0.6338969,0.6338747,0.6335856,0.633613,0.633602,0.6334391,0.6335389,0.633531,0.6335235,0.6335163,0.6335106,0.6333525,0.6335284,0.6334986,
0.6334836,0.6334757,0.633469,0.6334624,0.6333427,0.6334474,0.6334179,0.6333945,0.6334984,0.6334917,0.6334627,0.6334055,0.6334118,0.6335279,0.6334904,0.6334831,0.6334125,0.6334195,0.633533,0.6334958,0.633392,0.6334856,0.05798873,0.6339066,0.6338842,0.05371563,0.6342393,0.6336721,0.6329657,0.6331343,
0.6333401,0.6335044,0.02656569,0.632852,0.632946,0.6333141,0.6333251,0.6333357,0.04319331,0.6338384,0.6338155,0.6337723,0.6337426,0.6337497,0.6337196,0.6337203,0.6334649,0.6335192,0.633489,0.6334751,0.6334702,0.6334907,0.6334964,0.6334062,0.6335247,0.6334203,0.6335053,0.633412,0.6335194,0.6334924,
0.6334841,0.6334773,0.6334701,0.6334432,0.633453,0.6334553,0.6334293,0.6334001,0.6334075,0.6335036,0.6334108,0.6334171,0.6334239,0.6335019,0.6334106,0.632629,0.6329259,0.6329378,0.6329491,0.6329593,0.6329688,0.6333116,0.6334787,0.6334506,0.6333272,0.6331701,0.6331905,0.6331764,0.6333498,0.6333594,
0.6334893,0.6334825,0.6334755,0.6334008,0.6334519,0.6335255,0.6335188,0.6335106,0.6335033,0.03373832,0.6338871,0.6335241,0.6335272,0.6335297,0.6335314,0.6335308,0.6335222,0.633514,0.6335058,0.6334977,0.6334115,0.6335031,0.6334962,0.6334087,0.6334149,0.6333653,0.6331847,0.6332052,0.6332128,0.6332138,
0.6331914,0.6333541,0.6333519,0.6331545,0.6333598,0.6335114,0.6334796,0.6334059,0.6335014,0.6333389,0.6331672,0.6331688,0.6333544,0.6333512,0.6333573,0.6334876,0.6334805,0.6334737,0.6330129,0.6323872,0.6329206,0.6333102,0.6334797,0.6334738,0.6334668,0.6334072,0.6335264,0.6334227,0.6335065,0.6334124,
0.6335278,0.6335194,0.633492,0.6334082,0.6335026,0.6334116,0.6335036,0.6333404,0.6331671,0.6331694,0.6324092,0.632923,0.6331335,0.6333228,0.633481,0.6334058,0.6335011,0.6334947,0.6333339,0.6331639,0.6332581,0.6331346,0.6333491,0.6335092,0.6324219,0.6329244,0.6331335,0.6330505,0.6333364,0.6333469,
