39.37538,41.5111,74.63798,42.54824,36.66879,74.98579,16.51133,54.88466,26.76302,96.58424,16.3139,67.99877,99.21564,31.50035,98.89435,52.6465,91.38911,62.38464,14.39225,55.08045,53.72455,66.18914,39.38753,16.83171,51.86414,52.50815,67.33459,98.365,69.29446,88.72274,
14.39225,16.51133,16.3139,16.51133,56.01584,14.39225,14.39225,67.33459,67.33459,16.3139,16.83171,14.39225,52.6465,16.51133,31.50035,55.08045,74.43144,91.38911,55.08045,16.51133,16.3139,67.99877,16.51133,14.39225,16.3139,14.39225,16.51133,16.83171,16.3139,16.83171,
14.39225,14.39225,14.39225,16.83171,14.39225,14.39225,14.39225,16.83171,16.51133,16.3139,16.3139,16.51133,14.39225,16.51133,14.39225,16.51133,16.3139,14.39225,16.3139,16.3139,14.39225,16.51133,16.51133,16.51133,16.83171,11.83762,16.83171,16.3139,16.51133,16.3139,
14.39225,14.39225,14.39225,14.39225,16.83171,16.3139,16.3139,16.3139,16.51133,16.3139,16.51133,16.51133,16.3139,14.39225,14.39225,16.83171,16.51133,14.39225,16.51133,14.39225,14.39225,16.51133,16.51133,14.39225,16.51133,16.3139,14.39225,16.19334,16.51133,77.87524,
16.3139,16.19334,14.39225,16.19334,16.3139,16.3139,82.33572,16.51133,16.51133,16.3139,14.39225,16.51133,56.17693,14.39225,14.39225,14.39225,14.39225,16.3139,14.39225,16.19334,16.51133,79.5602,16.51133,65.64904,16.51133,16.3139,16.19334,16.51133,16.51133,16.3139,
14.39225,14.39225,16.51133,16.51133,16.3139,16.19334,14.39225,14.39225,14.39225,14.39225,16.51133,16.3139,16.51133,16.51133,14.39225,16.3139,14.39225,16.3139,16.51133,14.39225,14.39225,14.39225,16.51133,16.51133,69.21316,14.39225,16.3139,16.19334,14.39225,14.39225,
14.39225,14.39225,14.39225,16.3139,14.39225,14.39225,16.51133,14.39225,14.39225,14.39225,16.3139,14.39225,16.51133,14.39225,16.3139,14.39225,14.39225,16.3139,16.3139,16.3139,14.39225,16.51133,16.51133,16.19334,16.51133,16.51133,16.51133,16.19334,16.51133,16.3139,
14.39225,14.39225,16.51133,16.19334,14.39225,14.39225,52.6363,14.39225,16.3139,58.2198,14.39225,14.39225,16.51133,14.39225,16.19334,16.3139,16.51133,16.19334,16.51133,14.39225,14.39225,16.3139,14.39225,16.51133,16.51133,16.3139,14.39225,14.39225,14.39225,49.17213,
14.39225,14.39225,14.39225,16.3139,88.09449,16.3139,14.39225,89.25249,14.39225,16.51133,16.51133,14.39225,16.51133,14.39225,16.19334,14.39225,16.3139,14.39225,16.51133,14.39225,14.39225,14.39225,14.39225,16.19334,14.39225,16.3139,16.3139,16.19334,16.51133,16.51133,
14.39225,14.39225,16.51133,16.19334,14.39225,14.39225,14.39225,16.3139,64.91007,16.3139,16.19334,14.39225,14.39225,16.51133,14.39225,16.19334,14.39225,14.39225,16.3139,14.39225,14.39225,16.19334,16.51133,14.39225,16.19334,16.19334,22.73224,16.3139,14.39225,14.39225,
14.39225,14.39225,14.39225,16.3139,14.39225,14.39225,14.39225,14.39225,16.3139,16.51133,26.70713,16.51133,16.19334,14.39225,16.19334,16.3139,14.39225,14.39225,14.39225,16.19334,14.39225,14.39225,16.51133,14.39225,14.39225,66.79842,16.3139,14.39225,14.39225,14.39225,
14.39225,14.39225,16.3139,16.51133,16.19334,16.3139,14.39225,16.3139,14.39225,14.39225,16.51133,16.3139,98.86543,89.05814,14.39225,16.19334,14.39225,16.3139,42.31755,14.39225,14.39225,14.39225,16.19334,16.19334,14.39225,14.39225,14.39225,14.39225,14.39225,14.39225,
14.39225,14.39225,16.19334,14.39225,14.39225,14.39225,14.39225,14.39225,16.19334,14.39225,14.39225,14.39225,14.39225,14.39225,16.19334,14.39225,14.39225,14.39225,16.51133,16.3139,16.3139,14.39225,16.19334,14.39225,16.51133,16.51133,16.3139,16.19334,14.39225,14.39225,
14.39225,14.39225,14.39225,14.39225,14.39225,14.39225,16.51133,16.19334,14.39225,14.39225,16.51133,14.39225,14.39225,14.39225,14.39225,14.39225,16.3139,14.39225,16.3139,14.39225,16.19334,16.19334,14.39225,16.19334,14.39225,16.3139,16.3139,16.51133,14.39225,14.39225,
14.39225,14.39225,14.39225,14.39225,16.19334,16.19334,14.39225,16.51133,16.3139,14.39225,14.39225,16.3139,14.39225,14.39225,14.39225,16.3139,14.39225,14.39225,14.39225,14.39225,14.39225,14.39225,14.39225,14.39225,16.19334,14.39225,14.39225,93.05262,16.19334,14.39225,
14.39225,14.39225,14.39225,14.39225,14.39225,14.39225,16.3139,14.39225,16.3139,14.39225,14.39225,14.39225,14.39225,14.39225,32.75831,14.39225,16.3139,14.39225,14.39225,14.39225,14.39225,16.3139,14.39225,14.39225,14.39225,14.39225,14.39225,16.19334,14.39225,16.19334,
14.39225,14.39225,14.39225,14.39225,14.39225,14.39225,14.39225,14.39225,14.39225,81.81726,14.39225,14.39225,16.3139,14.39225,14.39225,14.39225,14.39225,14.39225,14.39225,14.39225,14.39225,14.39225,14.39225,16.19334,14.39225,14.39225,14.39225,14.39225,16.19334,16.3139,
14.39225,14.39225,14.39225,14.39225,14.39225,14.39225,14.39225,14.39225,14.39225,16.19334,80.59585,14.39225,14.39225,14.39225,14.39225,12.57058,14.39225,14.39225,14.39225,14.39225,14.39225,14.39225,14.39225,14.39225,14.39225,14.39225,14.39225,14.39225,14.39225,14.39225,
14.39225,14.39225,14.39225,14.39225,16.19334,12.57058,14.39225,14.39225,14.39225,14.39225,14.39225,14.39225,14.39225,14.39225,14.39225,14.39225,14.39225,14.39225,14.39225,14.39225,14.39225,14.39225,20.48098,14.39225,14.39225,14.39225,14.39225,14.39225,14.39225,12.57058,
14.39225,14.39225,14.39225,14.39225,14.39225,14.39225,14.39225,14.39225,14.39225,14.39225,14.39225,14.39225,14.39225,14.39225,14.39225,14.39225,14.39225,14.39225,14.39225,37.88757,14.39225,14.39225,14.39225,14.39225,14.39225,14.39225,14.39225,14.39225,14.39225,14.39225,
14.39225,14.39225,14.39225,14.39225,62.9313,14.39225,14.39225,14.39225,14.39225,14.39225,14.39225,14.39225,14.39225,14.39225,14.39225,14.39225,14.39225,14.39225,14.39225,14.39225,14.39225,14.39225,14.39225,14.39225,14.39225,14.39225,14.39225,14.39225,14.39225,14.39225,
14.39225,14.39225,14.39225,14.39225,14.39225,14.39225,14.39225,14.39225,14.39225,14.39225,14.39225,14.39225,71.59605,14.39225,14.39225,14.39225,14.39225,14.39225,14.39225,14.39225,14.39225,14.39225,14.39225,14.39225,14.39225,14.39225,14.39225,14.39225,14.39225,14.39225,
14.39225,14.39225,14.39225,14.39225,14.39225,14.39225,14.39225,14.39225,14.39225,14.39225,14.39225,14.39225,14.39225,14.39225,14.39225,14.39225,59.73042,14.39225,18.59608,14.39225,60.4439,14.39225,14.39225,14.39225,14.39225,14.39225,14.39225,14.39225,14.39225,14.39225,
14.39225,14.39225,14.39225,14.39225,14.39225,14.39225,14.39225,14.39225,14.39225,14.39225,14.39225,14.39225,14.39225,89.27126,14.39225,14.39225,14.39225,14.39225,14.39225,14.39225,14.39225,14.39225,14.39225,14.39225,14.39225,14.39225,14.39225,14.39225,14.39225,14.39225,
14.39225,14.39225,14.39225,14.39225,14.39225,14.39225,14.39225,14.39225,14.39225,14.39225,14.39225,31.20514,14.39225,14.39225,14.39225,14.39225,14.39225,14.39225,14.39225,14.39225,14.39225,14.39225,14.39225,14.39225,14.39225,14.39225,14.39225,14.39225,14.39225,14.39225,
14.39225,14.39225,14.39225,14.39225,14.39225,14.39225,14.39225,14.39225,14.39225,14.39225,14.39225,14.39225,14.39225,14.39225,14.39225,14.39225,14.39225,14.39225,14.39225,14.39225,14.39225,14.39225,14.39225,14.39225,14.39225,61.27571,14.39225,14.39225,14.39225,14.39225,
14.39225,14.39225,14.39225,14.39225,14.39225,14.39225,14.39225,14.39225,14.39225,14.39225,45.37253,14.39225,14.39225,14.39225,14.39225,14.39225,14.39225,14.39225,14.39225,14.39225,14.39225,14.39225,14.39225,14.39225,14.39225,14.39225,14.39225,14.39225,14.39225,14.39225,
14.39225,14.39225,14.39225,14.39225,14.39225,15.50558,14.39225,14.39225,14.39225,14.39225,14.39225,14.39225,14.39225,14.39225,14.39225,14.39225,29.8518,14.39225,61.97305,14.39225,14.39225,14.39225,14.39225,14.39225,60.53953,14.39225,14.39225,14.39225,14.39225,14.39225,
14.39225,14.39225,14.39225,14.39225,14.39225,14.39225,29.8518,14.39225,14.39225,14.39225,14.39225,14.39225,14.39225,14.39225,14.39225,14.39225,14.39225,14.39225,34.96775,84.32304,14.39225,14.39225,14.39225,14.39225,14.39225,14.39225,14.39225,15.50558,14.39225,14.39225,
14.39225,14.39225,14.39225,14.39225,14.39225,14.39225,14.39225,14.39225,14.39225,14.39225,14.39225,14.39225,14.39225,14.39225,14.39225,14.39225,14.39225,14.39225,14.39225,14.39225,14.39225,14.39225,14.39225,14.39225,14.39225,15.50558,14.39225,84.86473,14.39225,14.39225,
14.39225,14.39225,14.39225,14.39225,14.39225,14.39225,14.39225,14.39225,14.39225,14.39225,14.39225,14.39225,14.39225,14.39225,49.84444,14.39225,14.39225,14.39225,14.39225,14.39225,14.39225,49.93725,14.39225,14.39225,14.39225,94.58313,14.39225,14.39225,14.39225,14.39225,
14.39225,14.39225,14.39225,14.39225,14.39225,14.39225,14.39225,14.39225,14.39225,14.39225,14.39225,14.39225,14.39225,14.39225,14.39225,14.39225,14.39225,14.39225,14.39225,14.39225,14.39225,14.39225,14.39225,14.39225,14.39225,14.39225,14.39225,49.93725,14.39225,14.39225,
14.39225,14.39225,14.39225,95.27918,14.39225,14.39225,14.39225,14.39225,14.39225,14.39225,74.59683,14.39225,14.39225,14.39225,14.39225,14.39225,14.39225,14.39225,14.39225,14.39225,14.39225,14.39225,14.39225,14.39225,14.39225,14.39225,14.39225,14.39225,14.39225,14.39225,
14.39225,14.39225,14.39225,14.39225,14.39225,14.39225,14.39225,14.39225,14.39225,14.39225,14.39225,14.39225,14.39225,14.39225,14.39225,14.39225,14.39225,14.39225,14.39225,14.39225,14.39225,53.7281,14.39225,14.39225,14.39225,63.93215,14.39225,14.39225,14.39225,14.39225,
14.39225,14.39225,14.39225,14.39225,14.39225,14.39225,14.39225,14.39225,14.39225,14.39225,14.39225,14.39225,14.39225,14.39225,14.39225,14.39225,14.39225,14.39225,14.39225,14.39225,14.39225,14.39225,33.3044,14.39225,14.39225,14.39225,14.39225,14.39225,14.39225,14.39225,
14.39225,14.39225,52.6336,14.39225,14.39225,14.39225,14.39225,14.39225,14.39225,14.39225,14.39225,14.39225,14.39225,14.39225,14.39225,14.39225,14.39225,14.39225,47.26611,14.39225,14.39225,14.39225,14.39225,14.39225,14.39225,45.70734,14.39225,14.39225,14.39225,14.39225,
14.39225,14.39225,14.39225,14.39225,14.39225,14.39225,14.39225,14.39225,14.39225,14.39225,14.39225,14.39225,43.66954,14.39225,14.39225,14.39225,14.39225,14.39225,14.39225,14.39225,65.53524,14.39225,14.39225,14.39225,14.39225,14.39225,14.39225,14.39225,14.39225,14.39225,
14.39225,14.39225,14.39225,14.39225,14.39225,14.39225,14.39225,14.39225,14.39225,14.39225,14.39225,14.39225,14.39225,14.39225,14.39225,14.39225,14.39225,14.39225,14.39225,14.39225,14.39225,14.39225,14.39225,14.39225,14.39225,14.39225,14.39225,14.39225,14.39225,14.39225,
14.39225,14.39225,14.39225,14.39225,14.39225,14.39225,14.39225,14.39225,14.39225,14.39225,14.39225,14.39225,14.39225,14.39225,14.39225,14.39225,14.39225,14.39225,14.39225,14.39225,14.39225,14.39225,25.29534,14.39225,14.39225,14.39225,14.39225,14.39225,14.39225,14.39225,
14.39225,14.39225,14.39225,14.39225,14.39225,14.39225,14.39225,14.39225,14.39225,14.39225,14.39225,14.39225,14.39225,14.39225,14.39225,14.39225,14.39225,14.39225,14.39225,14.39225,14.39225,14.39225,14.39225,14.39225,14.39225,14.39225,14.39225,14.39225,14.39225,14.39225,
14.39225,14.39225,14.39225,14.39225,14.39225,14.39225,14.39225,14.39225,14.39225,14.39225,14.39225,14.39225,14.39225,14.39225,14.39225,97.34612,14.39225,14.39225,14.39225,86.67815,14.39225,14.39225,14.39225,14.39225,14.39225,14.39225,14.39225,14.39225,14.39225,14.39225,
14.39225,14.39225,14.39225,14.39225,14.39225,14.39225,14.39225,14.39225,14.39225,14.39225,14.39225,14.39225,14.39225,14.39225,14.39225,14.39225,14.39225,14.39225,14.39225,14.39225,14.39225,14.39225,14.39225,14.39225,14.39225,14.39225,14.39225,14.39225,14.39225,14.39225,
14.39225,14.39225,14.39225,14.39225,14.39225,14.39225,14.39225,14.39225,14.39225,14.39225,14.39225,14.39225,14.39225,14.39225,14.39225,14.39225,14.39225,14.39225,14.39225,14.39225,14.39225,14.39225,14.39225,14.39225,14.39225,14.39225,74.06036,14.39225,14.39225,14.39225,
14.39225,14.39225,14.39225,14.39225,14.39225,14.39225,14.39225,75.12856,14.39225,14.39225,14.39225,14.39225,14.39225,14.39225,14.39225,14.39225,14.39225,14.39225,14.39225,14.39225,14.39225,14.39225,14.39225,14.39225,14.39225,14.39225,14.39225,14.39225,14.39225,14.39225,
14.39225,14.39225,14.39225,14.39225,14.39225,14.39225,14.39225,14.39225,14.39225,14.39225,14.39225,14.39225,14.39225,14.39225,14.39225,14.39225,14.39225,14.39225,14.39225,14.39225,14.39225,14.39225,14.39225,14.39225,14.39225,14.39225,14.39225,14.39225,14.39225,14.39225,
14.39225,14.39225,14.39225,14.39225,14.39225,14.39225,14.39225,14.39225,14.39225,14.39225,14.39225,14.39225,14.39225,14.39225,14.39225,14.39225,14.39225,14.39225,14.39225,14.39225,14.39225,14.39225,14.39225,14.39225,69.32369,14.39225,53.36856,72.59223,14.39225,14.39225,
14.39225,14.39225,14.39225,14.39225,14.39225,14.39225,14.39225,14.39225,14.39225,14.39225,14.39225,14.39225,14.39225,14.39225,14.39225,14.39225,14.39225,14.39225,16.81025,14.39225,14.39225,14.39225,14.39225,14.39225,14.39225,14.39225,14.39225,14.39225,14.39225,14.39225,
14.39225,14.39225,14.39225,53.86639,14.39225,14.39225,20.56013,14.39225,14.39225,16.81025,14.39225,14.39225,14.39225,14.39225,14.39225,14.39225,56.26328,14.39225,14.39225,14.39225,14.39225,14.39225,14.39225,14.39225,14.39225,14.39225,14.39225,14.39225,14.39225,14.39225,
14.39225,14.39225,14.39225,14.39225,16.81025,14.39225,14.39225,14.39225,14.39225,14.39225,14.39225,14.39225,14.39225,14.39225,14.39225,14.39225,20.56013,27.77464,14.39225,14.39225,14.39225,14.39225,14.39225,14.39225,14.39225,14.39225,13.86994,14.39225,14.39225,14.39225,
14.39225,14.39225,14.39225,14.39225,14.39225,14.39225,14.39225,14.39225,14.39225,14.39225,14.39225,14.39225,14.39225,14.39225,14.39225,14.39225,14.39225,14.39225,14.39225,14.39225,14.39225,14.39225,14.39225,14.39225,14.39225,14.39225,14.39225,14.39225,14.39225,14.39225,
14.39225,14.39225,14.39225,14.39225,14.39225,14.39225,14.39225,14.39225,14.39225,14.39225,14.39225,14.39225,14.39225,14.39225,14.39225,14.39225,14.39225,14.39225,14.39225,14.39225,14.39225,14.39225,14.39225,14.39225,14.39225,14.39225,14.39225,14.39225,14.39225,14.39225,
14.39225,14.39225,31.09697,97.09834,14.39225,14.39225,14.39225,14.39225,14.39225,14.39225,14.39225,14.39225,14.39225,14.39225,14.39225,14.39225,14.39225,14.39225,14.39225,14.39225,14.39225,14.39225,14.39225,14.39225,14.39225,14.39225,14.39225,14.39225,14.39225,14.39225,
14.39225,14.39225,14.39225,14.39225,14.39225,14.39225,14.39225,14.39225,14.39225,14.39225,14.39225,14.39225,14.39225,14.39225,14.39225,14.39225,14.39225,14.39225,14.39225,14.39225,14.39225,14.39225,14.39225,14.39225,14.39225,14.39225,14.39225,14.39225,14.39225,14.39225,
14.39225,14.39225,14.39225,14.39225,14.39225,14.39225,14.39225,14.39225,14.39225,14.39225,14.39225,13.814,14.39225,14.39225,14.39225,14.39225,14.39225,79.06661,14.39225,14.39225,14.39225,14.39225,14.39225,14.39225,14.39225,14.39225,14.39225,14.39225,14.39225,14.39225,
14.39225,14.39225,14.39225,14.39225,14.39225,14.39225,14.39225,14.39225,14.39225,79.67355,14.39225,14.39225,14.39225,14.39225,14.39225,14.39225,14.39225,14.39225,14.39225,14.39225,98.93143,14.39225,13.814,14.39225,14.39225,14.39225,14.39225,14.39225,14.39225,14.39225,
14.39225,14.39225,14.39225,14.39225,14.39225,14.39225,14.39225,14.39225,14.39225,14.39225,14.39225,14.39225,14.39225,14.39225,14.39225,14.39225,14.39225,14.39225,14.39225,14.39225,14.39225,14.39225,14.39225,13.814,19.06279,14.39225,14.39225,14.39225,14.39225,14.39225,
14.39225,14.39225,14.39225,14.39225,14.39225,14.39225,14.39225,14.39225,14.39225,14.39225,14.39225,14.39225,65.77544,14.39225,14.39225,14.39225,13.814,19.6699,14.39225,14.39225,14.39225,89.00632,14.39225,14.39225,14.39225,14.39225,14.39225,14.39225,14.39225,14.39225,
14.39225,14.39225,65.17774,14.39225,14.39225,14.39225,14.39225,14.39225,48.13093,63.82269,14.39225,14.39225,14.39225,14.39225,14.39225,14.39225,14.39225,43.45032,19.6699,14.39225,14.39225,14.39225,14.39225,14.39225,14.39225,14.39225,14.39225,14.39225,14.39225,14.39225,
14.39225,14.39225,14.39225,14.39225,14.39225,14.39225,14.39225,14.39225,14.39225,14.39225,14.39225,14.39225,14.39225,14.39225,14.39225,14.39225,14.39225,14.39225,14.39225,14.39225,14.39225,14.39225,14.39225,14.39225,19.6699,36.77118,14.39225,56.85253,14.39225,14.39225,
14.39225,14.39225,14.39225,14.39225,65.1125,14.39225,14.39225,14.39225,14.39225,14.39225,14.39225,14.39225,14.39225,14.39225,14.39225,14.39225,14.39225,14.39225,14.39225,14.39225,14.39225,14.39225,14.39225,14.39225,14.39225,14.39225,97.77149,14.39225,14.39225,14.39225,
14.39225,14.39225,14.39225,14.39225,14.39225,14.39225,14.39225,14.39225,14.39225,14.39225,14.39225,14.39225,14.39225,14.39225,43.3142,14.39225,14.39225,14.39225,14.39225,14.39225,14.39225,14.39225,14.39225,14.39225,14.39225,14.39225,14.39225,14.39225,14.39225,14.39225,
14.39225,14.39225,14.39225,14.39225,14.39225,14.39225,14.39225,14.39225,14.39225,14.39225,63.86965,14.39225,14.39225,14.39225,14.39225,14.39225,14.39225,14.39225,14.39225,84.14824,14.39225,14.39225,14.39225,14.39225,89.91294,14.39225,14.39225,14.39225,14.39225,14.39225,
14.39225,14.39225,14.39225,14.39225,95.41167,14.39225,14.39225,14.39225,14.39225,14.39225,14.39225,94.60656,14.39225,14.39225,14.39225,14.39225,14.39225,14.39225,14.39225,14.39225,14.39225,14.39225,14.39225,14.39225,14.39225,14.39225,14.39225,14.39225,14.39225,14.39225,
14.39225,14.39225,14.39225,55.98666,14.39225,14.39225,14.39225,14.39225,14.39225,14.39225,14.39225,14.39225,14.39225,14.39225,14.39225,14.39225,14.39225,14.39225,14.39225,14.39225,14.39225,14.39225,14.39225,14.39225,14.39225,14.39225,14.39225,14.39225,37.39659,14.39225,
14.39225,14.39225,14.39225,58.89292,14.39225,14.39225,14.39225,14.39225,14.39225,14.39225,14.39225,14.39225,14.39225,14.39225,14.39225,14.39225,14.39225,14.39225,14.39225,14.39225,14.39225,14.39225,14.39225,14.39225,14.39225,14.39225,14.39225,14.39225,14.39225,14.39225,
14.39225,14.39225,46.91071,14.39225,14.39225,14.39225,14.39225,14.39225,14.39225,14.39225,14.39225,14.39225,14.39225,14.39225,14.39225,58.89292,14.39225,14.39225,14.39225,14.39225,14.39225,25.6051,14.39225,14.39225,14.39225,14.39225,14.39225,14.39225,14.39225,14.39225,
14.39225,14.39225,14.39225,14.39225,14.39225,14.39225,14.39225,14.39225,14.39225,14.39225,14.39225,14.39225,14.39225,14.39225,14.39225,14.39225,14.39225,14.39225,14.39225,14.39225,14.39225,14.39225,14.39225,14.39225,14.39225,14.39225,14.39225,14.39225,14.39225,14.39225,
14.39225,14.39225,14.39225,14.39225,14.39225,14.39225,13.45878,23.08858,14.39225,14.39225,14.39225,14.39225,14.39225,14.39225,14.39225,14.39225,14.39225,14.39225,14.39225,14.39225,14.39225,14.39225,14.39225,14.39225,14.39225,14.39225,14.39225,14.39225,14.39225,14.39225,
14.39225,14.39225,14.39225,14.39225,14.39225,14.39225,14.39225,13.45878,28.56287,14.39225,14.39225,14.39225,14.39225,14.39225,14.39225,14.39225,14.39225,82.50752,14.39225,14.39225,14.39225,14.39225,19.78711,14.81897,14.39225,14.39225,14.39225,14.39225,14.39225,14.39225,
14.39225,14.39225,14.39225,14.39225,14.39225,14.39225,14.39225,14.39225,14.39225,14.39225,14.39225,59.55188,14.39225,14.81897,14.39225,14.39225,14.39225,14.39225,14.39225,13.45878,14.39225,14.39225,14.39225,14.39225,14.39225,14.39225,14.39225,14.39225,14.39225,14.39225,
14.39225,14.39225,14.39225,72.30906,14.39225,14.39225,14.39225,14.39225,14.39225,14.39225,14.39225,14.39225,14.39225,14.39225,14.39225,15.23575,14.39225,14.39225,31.6998,14.39225,14.39225,14.39225,14.39225,14.39225,14.39225,14.81897,14.39225,14.39225,14.39225,14.39225,
14.39225,14.39225,14.39225,14.39225,14.39225,14.39225,14.39225,14.39225,14.81897,14.39225,14.39225,14.39225,14.39225,14.39225,14.39225,14.39225,14.39225,14.39225,14.39225,14.39225,14.39225,14.39225,14.39225,14.39225,14.39225,14.39225,14.39225,14.39225,14.39225,14.39225,
14.39225,14.39225,14.39225,14.39225,14.39225,14.39225,14.39225,14.39225,14.39225,14.39225,14.39225,14.39225,14.39225,14.39225,14.39225,14.39225,14.39225,14.39225,14.39225,14.39225,14.39225,14.39225,14.39225,14.39225,14.81897,14.39225,14.39225,14.39225,14.39225,14.39225,
14.39225,14.39225,14.39225,14.39225,14.39225,14.39225,14.39225,14.39225,14.81897,14.39225,14.39225,14.39225,14.39225,14.39225,14.39225,14.39225,14.39225,14.39225,14.39225,14.39225,14.39225,14.39225,14.39225,14.39225,94.70628,14.39225,14.39225,14.39225,14.39225,14.39225,
14.39225,14.39225,14.39225,14.39225,15.50267,14.81897,14.39225,14.81897,14.39225,14.39225,14.39225,14.39225,14.39225,14.39225,14.39225,14.39225,14.39225,14.39225,14.39225,14.39225,14.39225,14.39225,14.39225,14.39225,14.81897,14.39225,14.39225,14.39225,14.39225,14.39225,
14.81897,14.39225,14.39225,14.39225,14.39225,14.39225,14.39225,14.81897,14.39225,14.39225,14.39225,14.39225,14.81897,78.98685,14.81897,14.39225,14.39225,14.39225,14.39225,14.39225,14.39225,14.39225,59.70938,14.39225,15.50267,33.58678,14.39225,14.39225,14.39225,14.39225,
14.81897,14.39225,14.39225,14.39225,14.81897,14.81897,14.39225,14.39225,14.39225,14.39225,14.39225,14.81897,14.39225,14.39225,14.39225,14.81897,14.39225,14.39225,14.39225,14.39225,14.39225,14.39225,66.57969,14.39225,38.43684,14.39225,14.39225,14.39225,14.39225,14.39225,
14.39225,14.81897,14.81897,14.81897,14.39225,14.39225,14.81897,14.39225,14.39225,14.39225,14.39225,14.39225,14.39225,14.39225,14.81897,14.39225,14.39225,14.39225,14.39225,14.39225,14.39225,14.39225,14.39225,14.81897,14.39225,79.52605,14.39225,14.39225,14.39225,14.39225,
14.39225,14.39225,14.81897,14.81897,14.39225,14.39225,14.81897,14.39225,88.93136,14.39225,14.39225,14.39225,14.39225,14.81897,14.81897,14.39225,14.39225,14.39225,87.33884,14.39225,14.39225,21.2718,14.81897,14.39225,14.39225,14.39225,14.39225,14.39225,14.39225,14.81897,
14.39225,14.39225,14.81897,14.81897,14.39225,14.81897,14.39225,14.39225,14.39225,14.39225,14.81897,14.81897,98.8328,14.81897,14.39225,14.39225,14.39225,14.39225,14.39225,14.39225,14.39225,14.81897,14.81897,14.39225,14.81897,14.81897,14.81897,14.81897,81.63069,14.39225,
14.39225,14.39225,14.81897,14.39225,14.39225,44.35025,14.39225,14.39225,14.39225,14.81897,14.39225,14.81897,39.53134,14.81897,14.39225,14.81897,14.81897,14.81897,14.81897,14.39225,14.81897,14.39225,14.39225,14.81897,14.39225,14.39225,14.39225,14.81897,14.39225,14.39225,
14.39225,14.39225,14.39225,14.39225,14.39225,14.39225,14.39225,14.81897,14.81897,14.39225,14.81897,14.39225,14.39225,14.39225,14.39225,14.39225,14.39225,14.81897,14.39225,14.39225,14.81897,14.39225,14.81897,14.81897,14.39225,14.39225,14.81897,14.39225,14.39225,14.81897,
14.39225,14.39225,14.81897,95.62321,14.39225,14.39225,14.81897,14.81897,14.81897,14.39225,14.39225,14.39225,14.81897,14.81897,14.39225,14.39225,14.39225,14.39225,14.39225,14.39225,14.39225,14.39225,14.39225,14.39225,99.11838,14.39225,14.81897,14.39225,14.81897,14.81897,
14.39225,14.39225,14.81897,14.81897,14.39225,14.81897,14.39225,14.39225,14.81897,14.81897,14.39225,14.81897,14.39225,14.39225,14.39225,14.81897,14.39225,14.81897,14.39225,14.81897,14.81897,14.39225,14.39225,14.39225,14.81897,14.39225,14.39225,14.39225,34.32758,14.39225,
14.39225,14.81897,14.39225,14.39225,14.39225,14.81897,14.39225,14.81897,14.39225,14.39225,14.81897,14.81897,14.39225,14.39225,14.39225,14.81897,14.39225,24.0814,14.39225,14.39225,14.81897,14.39225,14.81897,14.39225,14.81897,14.81897,14.81897,14.39225,14.39225,14.81897,
14.39225,14.39225,14.39225,14.81897,14.81897,14.39225,14.39225,14.39225,14.39225,14.81897,14.39225,14.81897,14.81897,14.81897,14.81897,14.81897,14.39225,14.39225,14.81897,14.81897,14.39225,14.81897,14.81897,14.81897,14.39225,14.81897,14.39225,14.81897,14.81897,14.39225,
14.81897,14.39225,14.39225,14.81897,14.81897,14.39225,14.81897,14.81897,14.39225,14.39225,14.39225,14.39225,14.39225,14.39225,14.39225,14.39225,14.39225,14.39225,97.49871,14.39225,14.39225,14.39225,14.39225,14.81897,14.39225,14.81897,14.81897,14.39225,14.81897,14.81897,
14.39225,14.39225,14.39225,14.81897,14.39225,22.05161,14.39225,14.39225,14.39225,14.81897,14.81897,14.39225,14.81897,14.81897,14.39225,14.39225,14.39225,14.81897,14.39225,14.39225,14.39225,14.39225,14.39225,14.39225,14.39225,14.81897,14.39225,14.81897,14.81897,14.39225,
14.39225,14.81897,14.39225,14.39225,14.39225,14.39225,14.81897,14.39225,14.81897,14.39225,14.81897,14.81897,14.81897,14.39225,14.39225,14.39225,14.39225,14.39225,14.81897,14.81897,14.39225,14.39225,14.39225,14.39225,14.81897,14.39225,14.81897,14.39225,14.39225,14.39225,
14.39225,14.81897,14.81897,14.81897,14.81897,14.39225,14.81897,14.39225,14.81897,14.39225,14.39225,14.39225,14.39225,14.81897,14.81897,14.81897,14.39225,14.39225,14.39225,14.39225,14.39225,14.81897,14.81897,14.81897,53.91299,61.74015,14.81897,14.81897,14.39225,14.39225,
14.81897,14.81897,14.39225,14.39225,14.39225,53.91299,14.81897,14.81897,14.39225,14.81897,14.81897,14.81897,14.39225,14.81897,14.81897,14.39225,14.39225,14.81897,14.39225,14.81897,14.81897,14.39225,14.39225,14.39225,14.39225,14.81897,14.39225,14.39225,14.81897,14.81897,
14.81897,14.81897,74.11298,14.39225,14.81897,14.81897,14.81897,14.81897,14.39225,14.81897,14.81897,14.81897,14.81897,14.81897,14.81897,14.81897,14.81897,14.39225,14.81897,14.81897,14.81897,14.39225,14.39225,14.39225,14.81897,14.39225,14.39225,14.81897,14.81897,14.39225,
14.39225,14.81897,14.39225,14.81897,14.81897,14.81897,34.67478,14.81897,14.81897,14.39225,14.39225,14.81897,13.74404,14.39225,14.81897,14.81897,14.81897,14.39225,15.48634,14.81897,14.81897,14.81897,14.39225,14.81897,14.81897,14.81897,14.81897,14.81897,14.81897,14.39225,
14.81897,14.81897,14.81897,14.81897,14.81897,14.39225,14.81897,14.81897,14.81897,14.81897,93.03596,14.81897,14.39225,14.81897,14.39225,14.39225,14.39225,96.25355,14.39225,14.39225,14.39225,14.81897,14.81897,14.81897,14.81897,14.81897,14.81897,14.39225,14.81897,14.81897,
14.39225,14.39225,14.81897,14.39225,14.39225,14.81897,14.39225,14.81897,14.39225,14.81897,14.81897,14.81897,14.81897,14.81897,14.81897,14.81897,14.39225,23.41202,14.39225,14.81897,14.81897,14.39225,81.13667,14.81897,14.81897,14.39225,14.39225,14.81897,14.39225,14.81897,
14.39225,14.81897,14.81897,14.81897,14.81897,14.81897,14.81897,14.39225,14.81897,14.81897,14.39225,14.39225,14.39225,14.39225,14.81897,14.39225,14.39225,14.81897,14.81897,14.81897,14.81897,85.19895,14.81897,14.81897,14.81897,14.81897,14.81897,14.81897,14.81897,14.81897,
14.81897,14.81897,14.81897,14.81897,14.39225,14.81897,14.81897,14.81897,14.39225,14.39225,14.81897,14.81897,14.81897,14.39225,14.81897,14.81897,14.81897,14.81897,14.39225,87.61343,14.81897,14.81897,14.81897,14.81897,14.39225,14.81897,14.81897,14.81897,14.81897,14.81897,
14.81897,14.81897,14.81897,14.81897,14.81897,14.39225,14.81897,14.81897,14.81897,14.81897,14.81897,97.25477,14.81897,14.81897,14.39225,14.81897,14.81897,14.81897,14.81897,14.81897,14.81897,14.81897,14.81897,14.39225,14.81897,14.81897,14.39225,14.81897,14.81897,14.81897,
14.81897,14.81897,14.81897,14.81897,23.9507,14.81897,14.81897,14.81897,14.81897,14.81897,14.81897,14.81897,14.81897,14.81897,14.81897,14.81897,14.39225,14.81897,14.81897,14.81897,14.81897,14.81897,14.39225,14.81897,14.81897,43.10099,14.81897,14.81897,14.81897,14.81897,
14.81897,14.81897,14.81897,14.81897,14.81897,14.81897,14.81897,43.65313,88.6956,14.81897,14.39225,14.81897,14.81897,14.81897,14.81897,14.81897,14.81897,14.81897,14.81897,14.81897,14.81897,40.98427,14.81897,14.81897,14.81897,14.81897,14.81897,14.81897,14.81897,14.81897,
14.81897,14.81897,14.81897,14.81897,14.81897,14.81897,14.81897,14.81897,14.81897,14.81897,14.81897,14.81897,14.81897,14.81897,14.81897,14.81897,14.81897,14.81897,14.81897,14.81897,40.98427,14.81897,14.81897,14.81897,14.81897,14.81897,14.81897,14.81897,14.81897,14.81897,
14.81897,14.81897,14.81897,14.81897,14.81897,14.81897,14.81897,48.64029,14.81897,14.81897,14.81897,14.81897,14.81897,14.81897,14.81897,14.81897,14.81897,14.81897,14.81897,14.81897,14.81897,14.81897,14.81897,14.81897,14.81897,52.64735,14.81897,14.81897,14.81897,14.81897,
14.81897,14.81897,14.81897,14.81897,14.81897,14.81897,14.81897,14.81897,14.81897,94.59192,14.81897,14.81897,14.81897,14.81897,14.81897,14.81897,14.81897,14.81897,14.81897,14.81897,14.81897,14.81897,14.81897,14.81897,14.81897,14.81897,14.81897,14.81897,14.81897,14.81897,
14.81897,14.81897,14.81897,14.81897,14.81897,14.81897,14.81897,14.81897,14.81897,14.81897,14.81897,14.81897,14.81897,14.81897,14.81897,14.81897,14.81897,14.81897,14.81897,14.81897,14.81897,14.81897,14.81897,14.81897,14.81897,14.81897,14.81897,14.81897,14.81897,14.81897,
14.81897,14.81897,14.81897,14.81897,14.81897,14.81897,14.81897,14.81897,14.81897,14.81897,14.81897,14.81897,14.81897,14.81897,14.81897,14.81897,14.81897,14.81897,14.81897,14.81897,14.81897,14.81897,14.81897,14.81897,14.81897,14.81897,14.81897,14.81897,14.81897,14.81897,
14.81897,14.81897,14.81897,14.81897,14.81897,14.81897,14.81897,14.81897,14.81897,14.81897,14.81897,14.81897,68.67432,14.81897,14.81897,14.81897,14.81897,14.81897,95.3254,14.81897,91.40315,14.81897,14.81897,14.81897,14.81897,14.81897,82.09081,60.82473,14.81897,82.50171,
14.81897,14.81897,14.81897,14.81897,14.81897,14.81897,14.81897,14.81897,43.40094,14.81897,14.81897,14.81897,14.81897,14.81897,14.81897,14.81897,14.81897,14.81897,14.81897,14.81897,14.81897,14.81897,14.81897,68.67432,14.81897,14.81897,14.81897,14.81897,14.81897,14.81897,
14.81897,14.81897,14.81897,14.81897,14.81897,14.81897,14.81897,14.81897,14.81897,14.81897,14.81897,14.81897,14.81897,14.81897,14.81897,14.81897,14.81897,14.81897,14.81897,14.81897,14.81897,14.81897,14.81897,14.81897,14.81897,14.81897,14.81897,14.81897,14.81897,14.81897,
14.81897,14.81897,14.81897,14.81897,14.81897,14.81897,14.81897,14.81897,14.81897,14.81897,14.81897,14.81897,14.81897,14.81897,14.81897,14.81897,14.81897,14.81897,14.81897,14.81897,14.81897,14.81897,14.81897,14.81897,14.81897,14.81897,14.81897,14.81897,14.81897,14.81897,
14.81897,14.81897,14.81897,14.81897,14.81897,14.81897,14.81897,14.81897,14.81897,14.81897,14.81897,14.81897,14.81897,14.81897,14.81897,14.81897,14.81897,14.81897,14.81897,14.81897,14.81897,14.81897,14.81897,14.81897,14.81897,14.81897,14.81897,14.81897,14.81897,14.81897,
14.81897,14.81897,14.81897,14.81897,14.81897,48.2937,14.81897,14.81897,14.81897,14.81897,14.81897,14.81897,14.81897,14.81897,14.81897,14.81897,80.79658,14.81897,14.81897,14.81897,14.81897,14.81897,14.81897,14.81897,14.81897,14.81897,44.22762,14.81897,14.81897,14.81897,
14.81897,14.81897,14.81897,14.81897,14.81897,14.81897,47.97301,14.81897,14.81897,14.81897,14.81897,14.81897,14.81897,14.81897,14.81897,14.81897,14.81897,14.81897,20.00294,14.81897,14.81897,14.81897,14.81897,14.81897,14.81897,14.81897,14.81897,14.81897,14.81897,14.81897,
14.81897,14.81897,14.81897,14.81897,14.81897,14.81897,14.81897,14.81897,14.81897,14.81897,14.81897,14.81897,14.81897,14.81897,14.81897,14.81897,14.81897,14.81897,14.81897,14.81897,14.81897,14.81897,14.81897,14.81897,14.81897,14.81897,14.81897,14.81897,14.81897,14.81897,
14.81897,14.81897,14.81897,14.81897,14.81897,14.81897,96.33842,14.81897,14.81897,14.81897,14.81897,14.81897,14.81897,14.81897,14.81897,14.81897,14.81897,14.81897,14.81897,14.81897,14.81897,14.81897,14.81897,14.81897,14.81897,14.81897,14.81897,77.20909,14.81897,14.81897,
14.81897,14.81897,14.81897,14.81897,14.81897,14.81897,14.81897,14.81897,14.81897,14.81897,14.81897,14.81897,14.81897,14.81897,14.81897,14.81897,14.81897,14.81897,14.81897,14.81897,14.81897,14.81897,14.81897,14.81897,14.81897,14.81897,14.81897,14.81897,14.81897,14.81897,
14.81897,14.81897,14.81897,14.81897,14.81897,14.81897,14.81897,14.81897,14.81897,14.81897,14.81897,14.81897,14.81897,14.81897,14.81897,14.81897,14.81897,14.81897,14.81897,14.81897,14.81897,14.81897,14.81897,14.81897,14.81897,14.81897,14.81897,14.81897,14.81897,14.81897,
14.81897,14.81897,14.81897,14.81897,14.81897,14.81897,14.81897,14.81897,14.81897,14.81897,14.81897,91.35165,14.81897,14.81897,14.81897,14.81897,14.81897,14.81897,14.81897,14.81897,14.81897,82.95177,14.81897,14.81897,14.81897,14.81897,14.81897,14.81897,14.81897,14.81897,
14.81897,14.81897,14.81897,14.81897,14.81897,14.81897,14.81897,45.23565,14.81897,14.81897,14.81897,14.81897,14.81897,14.81897,14.81897,34.53237,43.31983,14.81897,14.81897,14.81897,14.81897,14.81897,14.81897,14.81897,14.81897,14.81897,14.81897,14.81897,14.81897,14.81897,
14.81897,14.81897,14.81897,14.81897,14.81897,14.81897,14.81897,14.81897,14.81897,14.81897,14.81897,14.81897,14.81897,14.81897,14.81897,14.81897,14.81897,14.81897,14.81897,14.81897,14.81897,14.81897,14.81897,14.81897,14.81897,14.81897,14.81897,14.81897,14.81897,14.81897,
14.81897,14.81897,14.81897,14.81897,14.81897,14.81897,14.81897,14.81897,14.81897,14.81897,14.81897,14.81897,14.81897,65.48076,14.81897,14.81897,14.81897,14.81897,14.81897,14.81897,14.81897,14.81897,14.81897,14.81897,14.81897,14.81897,14.81897,14.81897,14.81897,97.04269,
14.81897,14.81897,14.81897,14.81897,14.81897,14.81897,14.81897,14.81897,14.81897,14.81897,14.81897,14.81897,14.81897,14.81897,46.94159,14.81897,14.81897,14.81897,14.81897,14.81897,14.81897,14.81897,14.81897,14.81897,14.81897,14.81897,78.92244,14.81897,14.81897,14.81897,
14.81897,14.81897,14.81897,14.81897,14.81897,14.81897,14.81897,14.81897,77.21962,14.81897,14.81897,14.81897,14.81897,14.81897,14.81897,14.81897,14.81897,14.81897,14.81897,14.81897,14.81897,14.81897,14.81897,14.81897,14.81897,14.81897,14.81897,14.81897,14.81897,14.81897,
14.81897,14.81897,14.81897,14.81897,14.81897,14.81897,14.81897,14.81897,52.14906,14.81897,14.81897,14.81897,14.81897,14.81897,81.29951,14.81897,14.81897,14.81897,14.81897,14.81897,14.81897,14.81897,14.81897,14.81897,14.81897,14.81897,14.81897,78.42377,96.33683,14.81897,
14.81897,14.81897,14.81897,14.81897,14.81897,14.81897,14.81897,14.81897,14.81897,14.81897,14.81897,14.81897,14.81897,14.81897,14.81897,14.81897,14.81897,14.81897,14.81897,14.81897,14.81897,14.81897,14.81897,79.52686,14.81897,14.81897,14.81897,14.81897,14.81897,14.81897,
14.81897,14.81897,14.81897,14.81897,14.81897,14.81897,14.81897,14.81897,23.28585,14.81897,14.81897,14.81897,14.81897,14.81897,14.81897,14.81897,14.81897,14.81897,14.81897,14.81897,14.81897,14.81897,14.81897,14.81897,14.81897,14.81897,14.81897,14.81897,14.81897,14.81897,
14.81897,14.81897,14.81897,14.81897,14.81897,14.81897,14.81897,14.81897,14.81897,14.81897,14.81897,14.81897,14.81897,14.81897,14.81897,14.81897,14.81897,14.81897,14.81897,14.81897,14.81897,14.81897,14.81897,14.81897,14.81897,14.81897,14.81897,14.81897,14.81897,98.61337,
14.81897,14.81897,14.81897,14.81897,14.81897,14.81897,14.81897,14.81897,14.81897,14.81897,14.81897,14.81897,14.81897,14.81897,14.81897,14.81897,14.81897,14.81897,14.81897,14.81897,14.81897,14.81897,14.81897,14.81897,16.60658,14.81897,14.81897,14.81897,14.81897,14.81897,
14.81897,14.81897,14.81897,14.81897,14.81897,14.81897,14.81897,14.81897,14.81897,14.81897,14.81897,14.81897,14.81897,14.81897,14.81897,14.81897,14.81897,14.81897,14.81897,14.81897,14.81897,14.81897,14.81897,14.81897,25.97443,14.81897,46.9744,14.81897,14.81897,14.81897,
14.81897,14.81897,14.81897,14.81897,14.81897,14.81897,14.81897,14.81897,14.81897,14.81897,14.81897,14.81897,14.81897,14.81897,14.81897,14.81897,14.81897,14.81897,14.81897,14.81897,14.81897,14.81897,14.81897,14.81897,14.81897,14.81897,14.81897,14.81897,14.81897,14.81897,
14.81897,14.81897,14.81897,14.81897,14.81897,14.81897,14.81897,14.81897,14.81897,14.81897,14.81897,14.81897,14.81897,14.81897,14.81897,14.81897,14.81897,14.81897,14.81897,14.81897,14.81897,14.81897,14.81897,14.81897,14.81897,14.81897,14.81897,14.81897,14.81897,14.81897,
14.81897,14.81897,14.81897,14.81897,14.81897,14.81897,14.81897,14.81897,14.81897,14.81897,14.81897,14.81897,14.81897,14.81897,14.81897,55.40308,14.81897,14.81897,14.81897,14.81897,14.81897,48.28959,14.81897,14.81897,14.81897,14.81897,14.81897,14.81897,14.81897,14.81897,
14.81897,14.81897,14.81897,14.81897,14.81897,14.81897,14.81897,14.81897,14.81897,14.81897,14.81897,14.81897,14.81897,14.81897,14.81897,14.81897,14.81897,14.81897,14.81897,14.81897,14.81897,14.81897,14.81897,14.81897,14.81897,14.81897,14.81897,14.81897,14.81897,14.81897,
14.81897,14.81897,14.81897,14.81897,14.81897,14.81897,14.81897,14.81897,14.81897,14.81897,14.81897,14.81897,14.81897,14.81897,14.81897,14.81897,14.81897,14.81897,14.81897,14.81897,14.81897,14.81897,14.81897,14.81897,14.81897,14.81897,14.81897,14.81897,14.81897,14.81897,
14.81897,14.81897,14.81897,14.81897,68.59917,14.81897,14.81897,14.81897,14.81897,14.81897,14.81897,14.81897,14.81897,14.81897,14.81897,14.81897,14.81897,14.81897,14.81897,14.81897,14.81897,14.81897,14.81897,14.81897,14.81897,14.81897,14.81897,14.81897,14.81897,14.81897,
14.81897,14.81897,14.81897,14.81897,14.81897,14.81897,14.81897,14.81897,14.81897,14.81897,14.81897,14.81897,14.81897,14.81897,14.81897,14.81897,14.81897,14.81897,14.81897,14.81897,14.81897,14.81897,14.81897,14.81897,14.81897,14.81897,14.81897,14.81897,14.81897,14.81897,
14.81897,14.81897,42.44881,14.81897,14.81897,14.81897,14.81897,14.81897,14.81897,14.81897,59.59158,14.81897,14.81897,14.81897,14.81897,14.81897,14.81897,14.81897,14.81897,14.81897,14.81897,14.81897,14.81897,14.81897,14.81897,14.81897,14.81897,14.81897,14.81897,14.81897,
14.81897,14.81897,14.81897,14.81897,14.81897,14.81897,14.81897,14.81897,14.81897,14.81897,14.81897,14.81897,14.81897,14.81897,14.81897,14.81897,14.81897,14.81897,14.81897,14.81897,14.81897,14.81897,14.81897,14.81897,14.81897,14.81897,14.81897,14.81897,14.81897,14.81897,
14.81897,14.81897,14.81897,14.81897,14.81897,14.81897,14.81897,14.81897,14.81897,52.96785,14.81897,14.81897,14.81897,14.81897,14.81897,14.81897,14.81897,14.81897,14.81897,14.81897,14.81897,14.81897,14.81897,14.81897,14.81897,36.89626,14.81897,14.81897,14.81897,14.81897,
14.81897,14.81897,14.81897,14.81897,14.81897,14.81897,14.81897,14.81897,14.81897,14.81897,14.81897,14.81897,14.81897,65.25065,14.81897,14.81897,14.81897,14.81897,14.81897,14.81897,14.81897,52.96785,14.81897,14.81897,14.81897,14.81897,14.81897,14.81897,14.81897,14.81897,
14.81897,14.81897,14.81897,14.81897,14.81897,14.81897,14.81897,14.81897,14.81897,14.81897,14.81897,14.81897,14.81897,14.81897,14.81897,14.81897,14.81897,14.81897,72.41034,14.81897,14.81897,14.81897,14.81897,14.81897,14.81897,14.81897,14.81897,14.81897,14.81897,14.81897,
14.81897,14.81897,14.81897,14.81897,14.81897,14.81897,14.81897,14.81897,14.81897,14.81897,14.81897,14.81897,14.81897,14.81897,14.81897,14.81897,14.81897,14.81897,14.81897,14.81897,14.81897,14.81897,92.81658,14.81897,14.81897,14.81897,14.81897,14.81897,14.81897,14.81897,
14.81897,14.81897,48.04251,14.81897,14.81897,14.81897,14.81897,14.81897,14.81897,14.81897,14.81897,14.81897,14.81897,14.81897,14.81897,14.81897,14.81897,14.81897,14.81897,14.81897,14.81897,14.81897,14.81897,14.81897,14.81897,14.81897,14.81897,14.81897,14.81897,14.81897,
14.81897,14.81897,14.81897,14.81897,40.27437,14.81897,14.81897,14.81897,14.81897,14.81897,14.81897,14.81897,14.81897,14.81897,14.81897,14.81897,14.81897,14.81897,14.81897,14.81897,14.81897,14.81897,14.81897,14.81897,14.81897,14.81897,14.81897,14.81897,14.81897,14.81897,
14.81897,14.81897,14.81897,14.81897,14.81897,14.81897,14.81897,14.81897,14.81897,14.81897,14.81897,14.81897,14.81897,14.81897,14.81897,14.81897,14.81897,14.81897,14.81897,14.81897,14.81897,14.81897,14.81897,14.81897,14.81897,14.81897,14.81897,14.81897,62.68013,14.81897,
14.81897,14.81897,14.81897,14.81897,14.81897,14.81897,14.81897,14.81897,14.81897,14.81897,14.81897,14.81897,14.81897,14.81897,14.81897,14.81897,14.81897,14.81897,14.81897,14.81897,14.81897,14.81897,14.81897,14.81897,14.81897,14.81897,14.81897,50.70347,14.81897,14.81897,
14.81897,14.81897,14.81897,14.81897,14.81897,14.81897,14.81897,14.81897,14.81897,14.81897,14.81897,14.81897,14.81897,14.81897,14.81897,14.81897,14.81897,14.81897,14.81897,70.68526,14.81897,14.81897,14.81897,14.81897,14.81897,14.81897,14.81897,14.81897,14.81897,14.81897,
14.81897,14.81897,14.81897,14.81897,14.81897,14.81897,14.81897,14.81897,14.81897,14.81897,14.81897,45.16073,14.81897,14.81897,81.69314,14.81897,14.81897,14.81897,14.81897,14.81897,14.81897,14.81897,14.81897,14.81897,14.81897,14.81897,14.81897,14.81897,14.81897,14.81897,
14.81897,14.81897,14.81897,14.81897,14.81897,45.16073,14.81897,14.81897,14.81897,14.81897,14.81897,14.81897,14.81897,14.81897,14.81897,14.81897,14.81897,14.81897,14.81897,14.81897,14.81897,14.81897,97.29308,14.81897,14.81897,14.81897,14.81897,69.08746,14.81897,14.81897,
14.81897,14.81897,14.81897,14.81897,14.81897,14.81897,14.81897,14.81897,14.81897,14.81897,14.81897,89.43291,14.81897,58.30835,14.81897,14.81897,14.81897,14.81897,14.81897,14.81897,14.81897,14.81897,78.29739,14.81897,14.81897,95.24815,14.81897,14.81897,14.81897,14.81897,
14.81897,14.81897,14.81897,14.81897,14.81897,14.81897,14.81897,14.81897,14.81897,14.81897,14.81897,14.81897,14.81897,14.81897,14.81897,14.81897,17.34446,14.81897,14.81897,14.81897,14.81897,14.81897,14.81897,14.81897,14.81897,14.81897,14.81897,14.81897,14.81897,14.81897,
14.81897,14.81897,14.81897,14.81897,14.81897,14.81897,17.34446,14.81897,14.81897,14.81897,14.81897,14.81897,14.81897,14.81897,14.81897,14.81897,14.81897,14.81897,14.81897,14.81897,14.81897,14.81897,14.81897,14.81897,14.81897,14.81897,14.81897,14.81897,14.81897,14.81897,
14.81897,14.81897,14.81897,14.81897,14.81897,14.81897,14.81897,14.81897,14.81897,14.81897,14.81897,14.81897,14.81897,14.81897,14.81897,14.81897,14.81897,14.81897,14.81897,93.53512,14.81897,14.81897,14.81897,17.34446,14.81897,14.81897,14.81897,14.81897,14.81897,14.81897,
14.81897,14.81897,14.81897,14.81897,14.81897,14.81897,14.81897,14.81897,14.81897,14.81897,14.81897,14.81897,14.81897,14.81897,14.81897,14.81897,14.81897,14.81897,14.81897,14.81897,14.81897,14.81897,14.81897,14.81897,14.81897,14.81897,14.81897,14.81897,52.61107,14.81897,
14.81897,14.81897,14.81897,14.81897,14.81897,14.81897,14.81897,14.81897,14.81897,14.81897,19.37575,14.81897,29.25882,14.81897,14.81897,14.81897,14.81897,14.81897,14.81897,14.81897,14.81897,14.81897,14.81897,14.81897,14.81897,14.81897,14.81897,14.81897,14.81897,14.81897,
14.81897,14.81897,14.81897,14.81897,14.81897,14.81897,14.81897,14.81897,14.81897,14.81897,14.81897,14.81897,14.81897,14.81897,14.81897,14.81897,14.81897,14.81897,14.81897,14.81897,14.81897,14.81897,14.81897,14.81897,14.81897,14.81897,75.31953,14.81897,14.81897,14.81897,
14.81897,14.81897,14.81897,14.81897,14.81897,14.81897,14.81897,14.81897,14.81897,14.81897,14.81897,14.81897,14.81897,14.81897,14.81897,14.81897,14.81897,14.81897,14.81897,14.81897,14.81897,14.81897,14.81897,14.81897,14.81897,14.81897,14.81897,14.81897,14.81897,14.81897,
14.81897,14.81897,14.81897,14.81897,14.81897,14.81897,14.81897,14.81897,14.81897,14.81897,14.81897,14.81897,14.81897,14.81897,14.81897,14.81897,14.81897,14.81897,14.81897,14.81897,14.81897,14.81897,14.81897,14.81897,14.81897,14.81897,14.81897,14.81897,14.81897,14.81897,
14.81897,14.81897,14.81897,14.81897,14.81897,14.81897,14.81897,14.81897,14.81897,14.81897,14.81897,14.81897,14.81897,14.81897,14.81897,14.81897,14.81897,18.58306,14.81897,14.81897,14.81897,14.81897,14.81897,14.81897,14.81897,14.81897,14.81897,14.81897,14.81897,14.81897,
14.81897,14.81897,69.80869,14.81897,14.81897,14.81897,14.81897,14.81897,14.81897,14.81897,14.81897,14.81897,14.81897,14.81897,14.81897,14.81897,14.81897,14.81897,14.81897,14.81897,14.81897,14.81897,14.81897,14.81897,14.81897,14.81897,14.81897,14.81897,14.81897,14.81897,
14.81897,14.81897,14.81897,14.81897,14.81897,14.81897,14.81897,14.81897,14.81897,14.81897,14.81897,14.81897,14.81897,14.81897,14.81897,14.81897,14.81897,14.81897,14.81897,14.81897,14.81897,14.81897,14.81897,14.81897,14.81897,14.81897,14.81897,14.81897,14.81897,14.81897,
14.81897,14.81897,14.81897,14.81897,14.81897,14.81897,14.81897,14.81897,14.81897,14.81897,14.81897,14.81897,14.81897,14.81897,14.81897,14.81897,14.81897,14.81897,14.81897,14.81897,14.81897,14.81897,14.81897,14.81897,14.81897,14.81897,14.81897,14.81897,14.81897,14.81897,
14.81897,14.81897,14.81897,14.81897,14.81897,14.81897,14.81897,14.81897,14.81897,14.81897,14.81897,14.81897,14.81897,14.81897,14.81897,14.81897,14.81897,14.81897,14.81897,14.81897,14.81897,14.81897,14.81897,14.81897,14.81897,14.81897,14.81897,14.81897,14.81897,14.81897,
14.81897,14.81897,14.81897,14.81897,14.81897,14.81897,14.81897,14.81897,14.81897,14.81897,14.81897,14.81897,14.81897,14.81897,14.81897,67.26597,14.81897,14.81897,14.81897,14.81897,14.81897,14.81897,14.81897,14.81897,14.81897,14.81897,14.81897,14.81897,14.81897,14.81897,
14.81897,14.81897,14.81897,14.81897,14.81897,14.81897,14.81897,14.81897,41.87305,14.81897,14.81897,14.81897,14.81897,14.81897,14.81897,20.97987,12.834,14.81897,14.81897,14.81897,14.81897,14.81897,14.81897,14.81897,14.81897,14.81897,14.81897,14.81897,14.81897,14.81897,
14.81897,14.81897,14.81897,14.81897,14.81897,14.81897,14.81897,14.81897,14.81897,14.81897,14.81897,14.81897,14.81897,14.81897,14.81897,14.81897,14.81897,14.81897,14.81897,41.87305,14.81897,20.97987,14.81897,14.81897,14.81897,14.81897,14.81897,14.81897,14.81897,14.81897,
14.81897,14.81897,14.81897,14.81897,14.81897,14.81897,14.81897,14.81897,14.81897,14.81897,14.81897,14.81897,14.81897,14.81897,14.81897,14.81897,14.81897,41.33341,14.81897,14.81897,14.81897,14.81897,14.81897,14.81897,14.81897,14.81897,14.81897,14.81897,14.81897,14.81897,
14.81897,14.81897,14.81897,14.81897,14.81897,14.81897,14.81897,14.81897,14.81897,14.81897,14.81897,14.81897,14.81897,14.81897,14.81897,14.81897,14.81897,14.81897,14.81897,14.81897,72.40342,14.81897,14.81897,14.81897,14.81897,14.81897,14.81897,14.81897,14.81897,14.81897,
14.81897,14.81897,14.81897,14.81897,14.81897,14.81897,14.81897,14.81897,14.81897,14.81897,14.81897,14.81897,14.81897,14.81897,14.81897,14.81897,14.81897,14.81897,14.81897,14.81897,14.81897,14.81897,14.81897,14.81897,14.81897,14.81897,14.81897,14.81897,14.81897,14.81897,
14.81897,14.81897,14.81897,48.81578,14.81897,14.81897,14.81897,14.81897,14.38371,14.81897,14.81897,14.81897,14.81897,14.81897,14.81897,14.81897,14.81897,14.81897,14.81897,14.81897,14.81897,14.81897,14.81897,14.81897,14.81897,14.81897,14.81897,14.81897,14.81897,14.81897,
14.81897,14.81897,14.81897,14.81897,14.81897,14.81897,14.81897,14.81897,14.81897,14.81897,14.81897,14.81897,14.81897,14.81897,14.81897,14.81897,14.81897,14.81897,14.81897,14.81897,14.81897,14.81897,14.81897,14.81897,14.81897,14.81897,14.81897,14.81897,14.81897,14.81897,
14.81897,14.81897,14.81897,14.81897,14.81897,14.81897,14.81897,14.81897,14.81897,14.81897,14.81897,14.81897,14.81897,14.81897,14.81897,14.81897,14.81897,14.81897,14.81897,14.81897,14.81897,14.81897,14.81897,14.81897,14.81897,14.81897,14.81897,14.81897,14.81897,14.81897,
14.81897,14.81897,14.81897,14.81897,14.81897,14.81897,14.81897,14.81897,14.81897,14.81897,14.81897,14.81897,14.81897,14.81897,14.81897,14.81897,14.81897,14.81897,42.21197,14.81897,14.81897,14.81897,14.81897,14.81897,14.81897,14.81897,14.81897,14.81897,14.81897,14.81897,
14.81897,14.81897,14.81897,14.81897,14.81897,14.81897,14.81897,14.81897,14.81897,14.81897,14.81897,14.81897,14.81897,14.81897,14.81897,14.81897,14.81897,14.81897,14.81897,14.81897,14.81897,14.81897,32.48301,14.81897,14.81897,14.81897,14.81897,80.56371,14.81897,14.81897,
14.81897,14.81897,14.81897,14.81897,14.81897,14.81897,14.81897,14.81897,14.81897,14.81897,14.81897,14.81897,20.90702,14.81897,14.81897,14.81897,14.81897,14.81897,14.81897,14.81897,14.81897,14.81897,14.81897,14.81897,14.81897,14.81897,14.81897,14.81897,14.81897,14.81897,
14.81897,14.81897,14.81897,14.81897,14.81897,14.81897,14.81897,14.81897,14.81897,14.81897,14.81897,14.81897,14.81897,14.81897,14.81897,14.81897,14.81897,14.81897,14.81897,14.81897,14.81897,14.81897,14.81897,14.81897,14.81897,14.81897,14.81897,14.81897,14.81897,14.81897,
14.81897,14.81897,14.81897,14.81897,14.81897,14.81897,14.81897,14.81897,14.81897,14.81897,14.81897,14.81897,14.81897,62.44687,14.81897,14.81897,14.81897,14.81897,14.81897,14.81897,14.81897,14.81897,14.81897,14.81897,14.81897,14.81897,14.81897,14.81897,14.81897,14.81897,
14.81897,14.81897,14.81897,14.81897,14.81897,14.81897,14.81897,14.81897,14.81897,14.81897,14.81897,14.81897,70.13346,14.81897,14.81897,41.9414,14.81897,14.81897,14.81897,14.81897,14.81897,14.81897,14.81897,14.81897,14.81897,14.81897,14.81897,14.81897,14.81897,14.81897,
14.81897,14.81897,14.81897,14.81897,14.81897,14.81897,14.81897,14.81897,14.81897,14.81897,14.81897,14.81897,14.81897,14.81897,14.81897,14.81897,14.81897,14.81897,14.81897,14.81897,14.81897,14.81897,14.81897,14.81897,14.81897,14.81897,14.81897,14.81897,14.81897,14.81897,
14.81897,14.81897,14.81897,14.81897,14.81897,14.81897,14.81897,14.81897,14.81897,33.8551,14.81897,14.81897,14.81897,14.81897,15.86654,14.81897,14.81897,14.81897,14.81897,14.81897,14.81897,14.81897,14.81897,14.81897,14.81897,14.81897,14.81897,14.81897,14.81897,14.81897,
14.81897,14.81897,14.81897,14.81897,14.81897,14.81897,14.81897,14.81897,14.81897,14.81897,14.81897,14.81897,14.81897,14.81897,35.92738,14.81897,14.81897,14.81897,14.81897,14.81897,14.81897,14.81897,14.81897,14.81897,14.81897,14.81897,14.81897,14.81897,14.81897,14.81897,
14.81897,14.81897,14.81897,14.81897,14.81897,97.6699,81.30898,14.81897,17.00537,14.81897,14.81897,14.81897,14.81897,14.81897,14.81897,14.81897,14.81897,14.81897,14.81897,14.81897,14.81897,14.81897,14.81897,14.81897,14.81897,14.81897,14.81897,14.81897,14.81897,14.81897,
14.81897,14.81897,14.81897,14.81897,14.81897,14.81897,14.81897,14.81897,14.81897,14.81897,14.81897,14.81897,14.81897,14.81897,17.00537,14.81897,14.81897,14.81897,14.81897,14.81897,59.62851,14.81897,14.81897,14.81897,14.81897,14.81897,14.81897,50.99449,14.81897,14.81897,
14.81897,14.81897,14.81897,14.81897,14.81897,14.81897,14.81897,14.81897,14.81897,14.81897,17.00537,14.81897,13.01744,14.81897,14.81897,14.81897,14.81897,14.81897,14.81897,14.81897,14.81897,14.81897,14.81897,14.81897,14.81897,14.81897,14.81897,14.81897,14.81897,14.81897,
14.81897,14.81897,14.81897,14.81897,14.81897,14.81897,14.81897,14.81897,14.81897,14.81897,14.81897,14.81897,14.81897,14.81897,14.81897,14.81897,14.81897,14.81897,14.81897,14.81897,14.81897,14.81897,21.06006,14.81897,14.81897,14.81897,86.5887,14.81897,13.01744,14.81897,
14.81897,14.81897,14.81897,14.81897,14.81897,14.81897,14.81897,14.81897,14.81897,14.81897,14.81897,75.22869,13.01744,14.81897,14.81897,14.81897,14.81897,14.81897,14.81897,14.81897,14.81897,14.81897,14.81897,14.81897,14.81897,14.81897,13.01744,14.81897,14.81897,14.81897,
14.81897,14.81897,14.81897,14.81897,14.81897,14.81897,14.81897,14.81897,14.81897,14.81897,14.81897,14.81897,14.81897,14.81897,14.81897,14.81897,13.01744,14.81897,14.81897,14.81897,14.81897,14.81897,14.81897,14.81897,14.81897,13.01744,14.81897,14.81897,14.81897,14.81897,
14.81897,14.81897,14.81897,14.81897,14.81897,14.81897,14.81897,14.81897,14.81897,14.81897,14.81897,14.81897,14.81897,14.81897,14.81897,14.81897,14.81897,14.81897,14.81897,14.81897,14.81897,14.81897,14.81897,71.89931,14.81897,14.81897,14.81897,14.81897,14.81897,14.81897,
14.81897,14.81897,14.81897,14.81897,14.81897,14.81897,14.81897,14.81897,14.81897,14.81897,14.81897,14.81897,14.81897,14.81897,14.81897,44.0142,14.81897,14.81897,14.81897,14.81897,14.81897,14.81897,14.81897,14.81897,14.81897,14.81897,14.81897,14.81897,14.81897,14.81897,
14.81897,14.81897,22.35061,14.81897,14.81897,14.81897,14.81897,14.81897,14.81897,14.81897,14.81897,14.81897,14.81897,14.81897,14.81897,14.81897,14.81897,14.81897,14.81897,14.81897,14.81897,14.81897,14.81897,14.81897,14.81897,14.81897,14.81897,14.81897,14.81897,14.81897,
14.81897,14.81897,14.81897,14.81897,14.81897,14.81897,14.81897,14.81897,14.81897,14.81897,14.81897,97.83961,14.81897,14.81897,14.81897,14.81897,14.81897,14.81897,14.81897,14.81897,14.81897,14.81897,14.74605,14.81897,14.81897,49.24845,14.81897,14.81897,14.81897,14.81897,
14.81897,14.81897,14.81897,14.81897,14.81897,14.81897,14.81897,14.81897,14.81897,14.81897,14.74605,14.81897,56.32634,14.81897,14.81897,14.81897,14.81897,14.81897,14.81897,14.81897,14.81897,14.81897,14.81897,14.81897,14.81897,14.81897,14.81897,14.81897,14.81897,14.81897,
14.81897,14.81897,14.81897,14.81897,14.81897,14.81897,14.81897,14.81897,14.81897,14.81897,14.81897,14.81897,14.81897,14.81897,14.81897,14.81897,14.81897,14.81897,14.81897,23.92007,88.30434,14.81897,14.81897,14.81897,14.81897,14.81897,14.81897,19.01387,14.74605,14.81897,
14.81897,14.81897,64.49436,14.81897,14.81897,37.44339,14.81897,14.81897,14.81897,14.81897,14.81897,14.81897,14.81897,14.81897,14.81897,14.81897,14.81897,14.81897,14.81897,14.81897,14.81897,14.81897,14.81897,14.81897,14.81897,14.81897,14.81897,14.81897,14.81897,14.81897,
14.81897,14.81897,14.81897,14.81897,14.81897,37.44339,14.81897,21.63774,14.81897,14.81897,14.81897,14.81897,14.81897,14.81897,14.81897,14.81897,14.81897,14.81897,14.81897,14.81897,14.81897,14.81897,14.81897,14.81897,14.81897,14.81897,14.81897,14.81897,14.81897,14.81897,
14.81897,14.81897,14.81897,14.81897,14.81897,14.81897,14.81897,14.81897,14.81897,14.81897,46.67314,14.81897,14.81897,14.81897,14.81897,14.81897,14.81897,14.81897,14.81897,14.81897,14.81897,14.81897,14.81897,14.81897,14.81897,14.81897,96.57762,14.81897,14.81897,14.81897,
14.81897,14.81897,14.81897,14.81897,47.10672,14.81897,14.81897,14.81897,14.81897,14.81897,14.81897,14.81897,14.81897,14.81897,14.81897,14.81897,14.81897,14.81897,60.82563,14.81897,14.81897,14.81897,14.81897,14.81897,14.81897,14.81897,37.8835,14.81897,14.81897,14.81897,
14.81897,14.81897,14.81897,14.81897,14.81897,14.81897,14.81897,14.81897,66.45789,14.81897,14.81897,14.81897,14.81897,14.81897,14.81897,14.81897,14.81897,14.81897,14.81897,14.81897,14.81897,14.81897,14.81897,14.81897,14.81897,14.81897,14.81897,19.33413,14.81897,14.81897,
14.81897,14.81897,14.81897,14.81897,14.81897,14.81897,14.81897,14.81897,14.81897,14.81897,14.81897,14.81897,14.81897,14.81897,14.81897,78.72083,14.81897,14.81897,14.81897,14.81897,14.81897,14.81897,14.81897,89.94569,14.81897,14.81897,14.81897,14.81897,14.81897,14.81897,
14.81897,14.81897,14.81897,14.81897,14.81897,14.81897,14.81897,14.81897,14.81897,14.81897,14.81897,14.81897,14.81897,36.3473,14.81897,14.81897,21.63348,99.29621,14.81897,14.81897,14.81897,14.81897,14.81897,14.81897,14.81897,14.81897,14.81897,14.81897,14.81897,14.81897,
14.81897,14.81897,14.81897,14.81897,14.81897,14.81897,14.81897,14.81897,14.81897,20.49124,14.81897,84.74205,14.81897,14.81897,14.81897,14.81897,14.81897,14.81897,14.81897,14.81897,14.81897,14.81897,14.81897,14.81897,14.81897,14.81897,14.81897,14.81897,14.81897,14.81897,
14.81897,14.81897,14.81897,14.81897,14.81897,20.49124,14.81897,14.81897,14.81897,14.81897,14.81897,14.81897,14.81897,14.81897,14.81897,14.81897,14.81897,14.81897,14.81897,14.81897,14.81897,14.81897,14.81897,14.81897,14.81897,14.81897,14.81897,14.81897,14.81897,14.81897,
14.81897,14.81897,14.81897,14.81897,14.81897,14.81897,14.81897,14.81897,14.81897,14.81897,14.81897,14.81897,14.81897,14.81897,20.49124,14.81897,57.6633,14.81897,14.81897,14.81897,14.81897,14.81897,14.81897,14.81897,14.81897,14.81897,14.81897,14.81897,14.81897,14.81897,
14.81897,14.81897,14.81897,14.81897,14.81897,14.81897,14.81897,14.81897,14.81897,14.81897,14.81897,14.81897,20.49124,14.81897,14.81897,14.81897,14.81897,14.81897,14.81897,14.81897,14.81897,14.81897,14.81897,14.81897,14.81897,14.81897,14.81897,14.81897,14.81897,14.81897,
14.81897,14.81897,14.81897,14.81897,14.81897,14.81897,14.81897,14.81897,14.81897,14.81897,14.81897,14.81897,14.81897,14.81897,14.81897,87.08795,14.81897,14.81897,14.81897,14.81897,14.81897,14.81897,14.81897,14.81897,14.81897,14.81897,14.81897,14.81897,14.81897,14.81897,
14.81897,14.81897,14.81897,14.81897,14.81897,14.81897,14.81897,14.81897,14.81897,14.81897,14.81897,14.81897,14.81897,14.81897,14.81897,14.81897,14.81897,14.81897,14.81897,14.81897,14.81897,14.81897,14.81897,14.81897,14.81897,14.81897,14.81897,14.81897,14.81897,14.81897,
14.81897,14.81897,14.81897,14.81897,14.81897,14.81897,14.81897,14.81897,14.81897,14.81897,14.81897,14.81897,14.81897,14.81897,14.81897,14.81897,14.81897,14.81897,14.81897,25.77221,14.81897,14.81897,14.81897,14.81897,55.87214,14.81897,14.81897,14.81897,14.81897,14.81897,
14.81897,14.81897,14.81897,14.81897,14.81897,14.81897,14.81897,14.81897,14.81897,14.81897,14.81897,14.81897,14.81897,14.81897,14.81897,14.81897,14.81897,14.81897,14.81897,34.50782,14.81897,14.81897,14.81897,14.81897,14.81897,14.81897,14.81897,14.81897,14.81897,14.81897,
14.81897,14.81897,14.81897,14.81897,43.49909,14.81897,14.81897,14.81897,14.81897,98.06392,14.81897,16.48715,14.81897,14.81897,14.81897,14.81897,14.81897,14.81897,14.81897,14.81897,14.81897,62.63403,14.81897,14.81897,14.81897,14.81897,14.81897,14.81897,14.81897,50.41637,
14.81897,14.81897,14.81897,14.81897,14.81897,14.81897,14.81897,14.81897,14.81897,14.81897,50.51287,14.81897,14.81897,14.81897,14.81897,14.81897,14.81897,14.81897,14.81897,14.81897,14.81897,14.81897,14.81897,14.81897,14.81897,14.81897,14.81897,14.81897,14.81897,14.81897,
14.81897,14.81897,14.81897,14.81897,14.81897,14.81897,14.81897,14.81897,14.81897,14.81897,14.81897,14.81897,14.81897,14.81897,14.81897,14.81897,14.81897,27.21089,14.81897,14.81897,14.81897,14.81897,14.81897,14.81897,14.81897,14.81897,14.81897,14.81897,14.81897,14.81897,
14.81897,14.81897,14.81897,14.81897,14.81897,14.81897,14.81897,14.81897,14.81897,14.81897,14.81897,52.89945,24.07976,14.81897,14.81897,14.81897,14.81897,14.81897,14.81897,19.68994,14.81897,14.81897,14.81897,14.81897,16.83166,14.81897,14.81897,14.81897,14.81897,14.81897,
14.81897,14.81897,14.81897,14.81897,14.81897,14.81897,24.07976,14.81897,14.81897,14.81897,60.67949,14.81897,14.81897,14.81897,16.83166,14.81897,14.81897,14.81897,14.81897,14.81897,16.83166,14.81897,25.79494,14.81897,14.81897,24.07976,14.81897,14.81897,14.81897,14.81897,
14.81897,14.81897,24.07976,14.81897,14.81897,16.83166,14.81897,27.70325,14.81897,14.81897,14.81897,14.81897,24.07976,14.81897,14.81897,58.51067,14.81897,14.81897,16.83166,14.81897,14.81897,14.81897,14.81897,14.81897,14.81897,14.81897,14.81897,14.81897,14.81897,14.81897,
14.81897,14.81897,14.81897,14.81897,14.81897,14.81897,14.81897,14.81897,16.83166,14.81897,14.81897,24.28847,27.70325,14.81897,14.81897,14.81897,14.81897,16.83166,14.81897,16.83166,14.81897,14.81897,14.81897,14.81897,14.81897,14.81897,14.81897,14.81897,14.81897,14.81897,
14.81897,14.81897,14.81897,14.81897,27.70325,14.81897,14.81897,14.81897,14.81897,14.81897,16.83166,14.81897,78.00904,14.81897,14.81897,14.81897,14.81897,14.81897,16.83166,14.81897,14.81897,14.81897,14.81897,14.81897,14.81897,14.81897,63.68687,14.81897,14.81897,14.81897,
14.81897,14.81897,14.81897,16.83166,14.81897,14.81897,14.81897,14.81897,14.81897,14.81897,14.81897,14.81897,14.81897,14.81897,14.81897,14.81897,14.81897,14.81897,14.81897,14.81897,14.81897,14.81897,14.81897,14.81897,16.83166,14.81897,14.81897,14.81897,14.81897,14.81897,
14.81897,14.81897,14.81897,14.81897,16.83166,14.81897,14.81897,16.83166,14.81897,14.81897,14.81897,14.81897,14.81897,14.81897,14.81897,14.81897,14.81897,14.81897,14.81897,14.81897,14.81897,14.81897,14.81897,14.81897,14.81897,14.81897,14.81897,14.81897,14.81897,14.81897,
14.81897,14.81897,14.81897,14.81897,14.81897,14.81897,14.81897,14.81897,14.81897,14.81897,14.81897,14.81897,14.81897,14.81897,14.81897,14.81897,16.83166,14.81897,14.81897,14.81897,14.81897,14.81897,14.81897,14.81897,14.81897,14.81897,37.47708,14.81897,14.81897,16.83166,
14.81897,14.81897,14.81897,13.73738,14.81897,14.81897,14.81897,14.81897,14.81897,16.83166,14.81897,14.81897,14.81897,14.81897,14.81897,14.81897,14.81897,14.81897,14.81897,95.93727,14.81897,14.81897,14.81897,14.81897,14.81897,14.81897,14.81897,14.81897,14.81897,14.81897,
14.81897,14.81897,14.81897,14.81897,14.81897,14.81897,14.81897,14.81897,14.81897,14.81897,14.81897,14.81897,14.81897,14.81897,14.81897,49.82021,14.81897,14.81897,14.81897,14.81897,14.81897,14.81897,14.81897,16.83166,14.81897,14.81897,14.81897,14.81897,14.81897,14.81897,
14.81897,14.81897,14.81897,14.81897,14.81897,14.81897,14.81897,14.81897,14.81897,14.81897,14.81897,14.81897,14.81897,14.81897,14.81897,14.81897,14.81897,14.81897,14.81897,14.81897,14.81897,14.81897,14.81897,14.81897,14.81897,14.81897,14.81897,49.82021,14.81897,49.82021,
14.81897,14.81897,14.81897,24.61415,14.81897,14.81897,14.81897,14.81897,14.81897,14.81897,14.81897,14.81897,14.81897,14.81897,14.81897,14.81897,14.81897,14.81897,14.81897,14.81897,14.81897,14.81897,14.81897,22.57134,14.81897,14.81897,14.81897,14.81897,14.81897,14.81897,
14.81897,14.81897,14.81897,14.81897,14.81897,14.81897,14.81897,14.81897,14.81897,14.81897,14.81897,24.61415,14.81897,22.57134,14.81897,14.81897,14.81897,14.81897,14.81897,14.81897,14.81897,14.81897,14.81897,14.81897,14.81897,14.81897,14.81897,14.81897,14.81897,14.81897,
14.81897,14.81897,22.57134,14.81897,14.81897,14.81897,14.81897,14.81897,14.81897,14.81897,14.81897,14.81897,14.81897,14.81897,14.81897,14.81897,14.81897,14.81897,14.81897,14.81897,66.91541,14.81897,14.81897,14.81897,14.81897,14.81897,14.81897,14.81897,14.81897,14.81897,
14.81897,14.81897,14.81897,14.81897,14.81897,14.81897,14.81897,14.81897,14.81897,14.81897,14.81897,14.81897,14.81897,14.81897,14.81897,14.81897,14.81897,14.81897,14.81897,14.81897,14.81897,14.81897,14.81897,14.81897,14.81897,14.81897,14.81897,14.81897,14.81897,14.81897,
14.81897,14.81897,14.81897,14.81897,14.81897,14.81897,14.81897,14.81897,14.81897,14.81897,14.81897,14.81897,14.81897,14.81897,14.81897,14.81897,14.81897,14.81897,14.81897,14.81897,14.81897,14.81897,14.81897,14.81897,90.71159,14.81897,14.81897,14.81897,14.81897,14.81897,
14.81897,14.81897,64.37737,14.81897,14.81897,14.81897,14.81897,14.81897,14.81897,14.81897,14.81897,14.81897,14.81897,14.81897,14.81897,14.81897,14.81897,14.81897,14.81897,14.81897,14.81897,14.81897,14.81897,14.81897,14.81897,14.81897,14.81897,14.81897,14.81897,14.81897,
14.81897,14.81897,14.81897,14.81897,14.81897,14.81897,14.81897,14.81897,14.81897,14.81897,14.81897,14.81897,14.81897,14.81897,14.81897,14.81897,14.81897,14.81897,14.81897,14.81897,14.81897,14.81897,14.81897,14.81897,14.81897,14.81897,44.58297,14.81897,14.81897,14.81897,
14.81897,14.81897,14.81897,14.81897,44.58297,14.81897,14.81897,14.81897,14.81897,14.81897,14.81897,14.81897,14.81897,14.81897,14.81897,14.81897,37.42513,14.81897,14.81897,14.81897,14.81897,14.81897,14.81897,14.81897,14.81897,14.81897,14.81897,14.81897,14.81897,14.81897,
14.81897,14.81897,14.81897,14.81897,14.81897,14.81897,14.81897,14.81897,14.81897,14.81897,14.81897,14.81897,14.81897,14.81897,14.81897,14.81897,14.81897,14.81897,14.81897,14.81897,14.81897,14.81897,14.81897,14.81897,14.81897,14.81897,14.81897,14.81897,14.81897,14.81897,
14.81897,14.81897,14.81897,14.81897,14.81897,14.81897,14.81897,14.81897,14.81897,14.81897,14.81897,14.81897,14.81897,14.81897,14.81897,14.81897,14.81897,48.26166,14.81897,14.81897,55.436,14.81897,14.81897,14.81897,14.81897,14.81897,14.81897,14.81897,14.81897,14.81897,
14.81897,14.81897,14.81897,14.81897,14.81897,14.81897,14.81897,14.81897,14.81897,14.81897,14.81897,14.81897,14.81897,14.81897,14.81897,14.81897,14.81897,14.81897,14.81897,14.81897,14.81897,14.81897,14.81897,14.81897,14.81897,14.81897,14.81897,14.81897,14.81897,14.81897,
14.81897,14.81897,14.81897,14.81897,14.81897,14.81897,14.81897,14.81897,14.81897,14.81897,14.81897,14.81897,14.81897,14.81897,14.81897,14.81897,14.81897,14.81897,14.81897,14.81897,14.81897,14.81897,14.81897,14.81897,14.81897,14.81897,14.81897,14.81897,14.81897,14.81897,
14.81897,14.81897,14.81897,14.81897,14.81897,14.81897,14.81897,14.81897,14.81897,14.81897,14.81897,14.81897,14.81897,14.81897,14.81897,14.81897,14.81897,14.81897,14.81897,11.72615,14.81897,14.81897,14.81897,14.81897,14.81897,14.81897,14.81897,14.81897,13.29249,14.81897,
14.81897,14.81897,14.81897,14.81897,14.81897,14.81897,14.81897,14.81897,14.81897,14.81897,24.53943,14.81897,14.81897,13.29249,14.81897,14.81897,14.81897,14.81897,14.81897,14.81897,14.81897,14.81897,14.81897,14.81897,14.81897,14.81897,14.81897,14.81897,14.81897,14.81897,
24.53943,14.81897,14.81897,12.57403,14.81897,14.81897,13.29249,14.81897,14.81897,13.29249,14.81897,14.81897,14.81897,14.81897,14.81897,62.0216,14.81897,14.81897,14.81897,14.81897,14.81897,14.81897,14.81897,14.81897,14.81897,14.81897,14.81897,14.81897,14.81897,14.81897,
14.81897,14.81897,14.81897,14.81897,14.81897,14.81897,14.81897,14.81897,14.81897,14.81897,14.81897,14.81897,14.81897,14.81897,14.81897,14.81897,14.81897,14.81897,14.81897,14.81897,14.81897,14.81897,14.81897,14.81897,14.81897,14.81897,14.81897,14.81897,14.81897,14.81897,
14.81897,14.81897,14.81897,14.81897,14.81897,14.81897,14.81897,14.81897,14.81897,70.32738,14.81897,14.81897,14.81897,14.81897,14.81897,14.81897,14.81897,14.81897,14.81897,14.81897,14.81897,14.81897,14.81897,14.81897,14.81897,14.81897,14.81897,14.81897,14.81897,14.81897,
14.81897,14.81897,14.81897,14.81897,14.81897,14.81897,14.81897,14.81897,14.81897,14.81897,14.81897,46.76505,14.81897,14.81897,14.81897,14.81897,14.81897,14.81897,14.81897,74.17629,14.81897,14.81897,14.81897,14.81897,14.81897,14.81897,14.81897,14.81897,14.81897,14.81897,
14.81897,14.81897,14.81897,14.81897,14.81897,14.81897,14.81897,29.419,14.81897,14.81897,14.81897,14.81897,14.81897,14.81897,74.17629,14.81897,14.81897,14.81897,14.81897,14.81897,14.81897,64.16551,14.81897,14.81897,14.81897,14.81897,14.81897,14.81897,14.81897,14.81897,
14.81897,14.81897,14.81897,14.81897,14.81897,14.81897,14.81897,14.81897,14.81897,14.81897,14.81897,14.81897,14.81897,14.81897,14.81897,14.81897,14.81897,14.81897,14.81897,14.81897,14.81897,14.81897,14.81897,14.81897,14.81897,14.81897,14.81897,14.81897,14.81897,14.81897,
14.81897,14.81897,14.81897,14.81897,14.81897,14.81897,14.81897,14.81897,14.81897,95.5479,14.81897,14.81897,14.81897,14.81897,14.81897,14.81897,14.81897,14.81897,14.81897,14.81897,14.81897,66.62938,14.81897,14.81897,14.81897,14.81897,14.81897,14.81897,14.81897,14.81897,
14.81897,14.81897,14.81897,72.04425,14.81897,14.81897,14.81897,14.81897,14.81897,14.81897,34.97661,14.81897,14.81897,14.81897,14.81897,14.81897,14.81897,14.81897,14.81897,14.81897,14.81897,14.81897,14.81897,14.81897,14.81897,56.62021,14.81897,14.81897,14.81897,14.81897,
14.81897,14.81897,14.81897,14.81897,14.81897,14.81897,11.58614,14.81897,14.81897,14.81897,53.17431,14.81897,14.81897,23.74707,14.81897,14.81897,14.81897,14.81897,14.81897,14.81897,14.81897,14.81897,14.81897,14.81897,14.81897,14.81897,14.81897,14.81897,14.81897,14.81897,
14.81897,14.81897,14.81897,14.81897,14.81897,14.81897,14.81897,14.81897,64.12804,14.81897,14.81897,14.81897,14.81897,14.81897,14.81897,14.81897,14.81897,14.81897,14.81897,14.81897,14.81897,14.81897,14.81897,14.81897,14.81897,14.81897,14.81897,14.81897,25.87192,14.81897,
14.81897,14.81897,14.81897,14.81897,14.81897,14.81897,14.81897,14.81897,36.57099,14.81897,14.81897,14.81897,14.81897,54.03384,14.81897,14.81897,14.81897,60.54968,14.81897,14.81897,14.81897,43.88845,14.81897,14.81897,14.81897,14.81897,14.81897,14.81897,14.81897,14.81897,
14.81897,14.81897,14.81897,14.81897,14.81897,14.81897,14.81897,14.81897,14.81897,14.81897,14.81897,14.81897,14.81897,14.81897,14.81897,14.81897,14.81897,14.81897,14.81897,14.81897,14.81897,14.81897,14.81897,60.50642,14.81897,14.81897,14.81897,14.81897,14.81897,36.57099,
14.81897,14.81897,14.81897,14.81897,14.81897,14.81897,14.81897,14.81897,14.81897,14.81897,14.81897,14.81897,14.81897,14.81897,14.81897,14.81897,14.81897,14.81897,14.81897,14.81897,14.81897,14.81897,14.81897,14.81897,14.81897,64.38878,14.81897,14.81897,14.81897,14.81897,
14.81897,14.81897,14.81897,14.81897,14.81897,14.81897,14.81897,14.81897,14.81897,14.81897,14.81897,14.81897,14.81897,14.81897,14.81897,14.81897,14.81897,14.81897,14.81897,14.81897,14.81897,14.81897,14.81897,14.81897,14.81897,14.81897,14.81897,14.81897,14.81897,14.81897,
14.81897,14.81897,14.81897,14.81897,14.81897,14.81897,14.81897,14.81897,14.81897,14.81897,14.81897,14.81897,14.81897,14.81897,14.81897,14.81897,14.81897,14.81897,14.81897,97.06628,14.81897,14.81897,14.81897,14.81897,14.81897,14.81897,14.81897,14.81897,14.81897,14.81897,
14.81897,14.81897,14.81897,14.81897,14.81897,14.81897,14.81897,14.81897,14.81897,14.81897,14.81897,14.81897,14.81897,14.81897,14.81897,51.57101,14.81897,14.81897,14.81897,14.81897,14.81897,14.81897,14.81897,45.1207,14.81897,14.81897,14.81897,14.81897,14.81897,14.81897,
14.81897,14.81897,14.81897,14.81897,14.81897,14.81897,14.81897,14.81897,14.81897,14.81897,14.81897,14.81897,14.81897,14.81897,14.81897,14.81897,14.81897,14.81897,14.81897,14.81897,14.81897,86.55093,14.81897,14.81897,14.81897,55.64288,14.81897,14.81897,14.81897,14.81897,
14.81897,14.81897,14.81897,14.81897,14.81897,14.81897,14.81897,14.81897,14.81897,14.81897,14.81897,14.81897,14.81897,14.81897,14.81897,14.81897,14.81897,14.81897,14.81897,14.81897,14.81897,14.81897,14.81897,14.81897,14.81897,14.81897,14.81897,14.81897,14.81897,14.81897,
14.81897,14.81897,13.36384,64.43888,14.81897,29.18097,14.81897,14.81897,14.81897,14.81897,14.81897,14.81897,14.81897,14.81897,14.81897,14.81897,14.81897,14.81897,17.2104,14.81897,14.81897,14.81897,14.81897,34.38623,94.94854,14.81897,14.81897,14.81897,14.81897,14.81897,
14.81897,14.81897,14.81897,14.81897,14.81897,14.81897,14.81897,14.81897,14.81897,17.2104,14.81897,14.81897,14.81897,14.81897,14.81897,14.81897,14.81897,14.81897,14.81897,13.36384,14.81897,14.81897,14.81897,14.81897,14.81897,14.81897,14.81897,14.81897,13.36384,14.81897,
14.81897,14.81897,14.81897,14.81897,14.81897,14.81897,14.81897,14.81897,14.81897,14.81897,14.81897,14.81897,14.81897,14.81897,14.81897,14.81897,14.81897,24.92252,14.81897,14.81897,14.81897,14.81897,14.81897,14.81897,26.16984,14.81897,17.2104,14.81897,14.81897,14.81897,
14.81897,14.81897,14.81897,14.81897,14.81897,14.81897,14.81897,14.81897,14.81897,14.81897,14.81897,14.81897,14.81897,14.81897,14.81897,14.81897,14.81897,24.92252,14.81897,14.81897,22.31623,14.81897,14.81897,14.81897,14.81897,14.81897,14.81897,14.81897,14.81897,14.81897,
14.81897,14.81897,14.81897,14.81897,14.81897,14.81897,14.81897,14.81897,14.81897,31.68655,14.81897,14.81897,14.81897,14.81897,14.81897,14.81897,14.81897,14.81897,14.81897,14.81897,14.81897,14.81897,14.81897,14.81897,14.81897,14.81897,14.81897,14.81897,96.15527,14.81897,
14.81897,14.81897,14.81897,14.81897,14.81897,14.81897,14.81897,14.81897,14.81897,14.81897,14.81897,14.81897,14.81897,14.81897,14.81897,14.81897,14.81897,14.81897,14.81897,14.81897,14.81897,14.81897,14.81897,14.81897,14.81897,14.81897,14.81897,14.81897,14.81897,14.81897,
14.81897,14.81897,14.81897,14.81897,14.81897,14.81897,14.81897,14.81897,99.88781,14.81897,14.81897,14.81897,14.81897,14.81897,14.81897,14.81897,14.81897,14.81897,14.81897,14.81897,14.81897,14.81897,28.50383,14.81897,14.81897,14.81897,14.81897,14.81897,14.81897,14.81897,
14.81897,14.81897,14.81897,14.81897,14.81897,14.81897,14.81897,14.81897,14.81897,14.81897,14.81897,14.81897,14.81897,14.81897,14.81897,14.81897,14.81897,14.81897,14.81897,14.81897,14.81897,14.81897,14.81897,14.81897,14.81897,14.81897,14.81897,14.81897,14.81897,14.81897,
14.81897,14.81897,14.81897,14.81897,14.81897,14.81897,49.60144,14.81897,14.81897,14.81897,14.81897,14.81897,14.81897,14.81897,14.81897,14.81897,14.81897,14.81897,14.81897,14.81897,14.81897,14.81897,14.81897,35.89434,14.81897,14.81897,14.81897,14.81897,14.81897,14.81897,
14.81897,14.81897,14.81897,14.81897,14.81897,14.81897,14.81897,14.81897,14.81897,14.81897,14.81897,14.81897,14.81897,14.81897,14.81897,14.81897,14.81897,14.81897,14.81897,14.81897,43.66749,14.81897,14.81897,14.81897,14.81897,14.81897,14.81897,14.81897,14.81897,14.81897,
14.81897,14.81897,14.81897,14.81897,14.81897,14.81897,14.81897,14.81897,14.81897,14.81897,14.81897,14.81897,14.81897,14.81897,14.81897,14.81897,14.81897,14.81897,14.81897,14.81897,14.81897,14.81897,14.81897,14.81897,14.81897,14.81897,14.81897,14.81897,14.81897,14.81897,
14.81897,14.81897,14.81897,14.81897,86.77057,14.81897,14.81897,14.81897,14.81897,14.81897,14.81897,14.81897,14.81897,14.81897,14.81897,14.81897,14.81897,14.81897,14.81897,14.81897,14.81897,14.81897,14.81897,14.81897,14.81897,14.81897,14.81897,14.81897,14.81897,14.81897,
14.81897,14.81897,14.81897,14.81897,14.81897,14.81897,14.81897,14.81897,14.81897,14.81897,14.81897,14.81897,14.81897,14.81897,14.81897,14.81897,14.81897,14.81897,14.81897,14.81897,14.81897,57.65111,14.81897,14.81897,14.81897,14.81897,14.81897,14.81897,14.81897,14.81897,
14.81897,14.81897,14.81897,14.81897,14.81897,14.81897,14.81897,14.81897,14.81897,14.81897,14.81897,14.81897,14.81897,14.81897,14.81897,14.81897,14.81897,50.45529,14.81897,14.81897,11.947,14.81897,14.81897,14.81897,14.81897,14.81897,14.81897,14.81897,14.81897,14.81897,
14.81897,14.81897,14.81897,14.81897,14.81897,14.81897,14.81897,14.81897,14.81897,14.81897,14.81897,14.81897,14.81897,14.81897,14.81897,14.81897,14.81897,14.81897,14.81897,14.81897,14.81897,14.81897,14.81897,86.52847,14.81897,14.81897,14.81897,14.81897,14.81897,14.81897,
14.81897,14.81897,24.27383,14.81897,14.81897,14.81897,14.81897,14.81897,63.64833,14.81897,14.81897,91.28683,14.81897,14.81897,14.81897,14.81897,14.81897,14.81897,14.81897,14.81897,14.81897,14.81897,14.81897,14.81897,14.81897,14.81897,14.81897,14.81897,14.81897,14.81897,
14.81897,14.81897,14.81897,14.81897,14.81897,14.81897,14.81897,14.81897,14.81897,14.81897,14.81897,14.81897,14.81897,14.81897,14.81897,14.81897,14.81897,14.81897,14.81897,14.81897,14.81897,14.81897,14.81897,14.81897,14.81897,91.28683,14.81897,59.43284,14.81897,14.81897,
14.81897,14.81897,14.81897,14.81897,14.81897,14.81897,86.92661,14.81897,14.81897,14.81897,14.81897,14.81897,14.81897,14.81897,14.81897,14.81897,14.81897,14.81897,14.81897,14.81897,14.81897,14.81897,14.81897,14.81897,14.81897,14.81897,14.81897,14.81897,14.81897,14.81897,
14.81897,14.81897,14.81897,14.81897,14.81897,14.81897,14.81897,14.81897,14.81897,14.81897,14.81897,14.81897,14.81897,14.81897,14.81897,14.81897,14.81897,14.81897,72.14118,14.81897,14.81897,14.81897,14.81897,14.81897,14.81897,14.81897,14.81897,14.81897,14.81897,14.81897,
14.81897,14.81897,14.81897,14.81897,14.81897,14.81897,14.81897,14.81897,14.81897,14.81897,14.81897,14.81897,14.81897,14.81897,14.81897,14.81897,14.81897,14.81897,14.81897,14.81897,14.81897,14.81897,14.81897,14.81897,14.81897,14.81897,14.81897,14.81897,14.81897,14.81897,
14.81897,14.81897,14.81897,14.81897,14.81897,14.81897,14.81897,14.81897,14.81897,14.81897,14.81897,14.81897,14.81897,14.81897,14.81897,14.81897,14.81897,14.81897,14.81897,14.81897,14.81897,14.81897,14.81897,14.81897,14.81897,14.81897,14.81897,14.81897,14.81897,14.81897,
14.81897,14.81897,14.81897,14.81897,14.81897,14.81897,14.81897,14.81897,14.81897,14.81897,14.81897,14.81897,14.81897,14.81897,14.81897,14.81897,14.81897,14.81897,14.81897,14.81897,30.8401,60.01822,14.81897,14.81897,14.81897,14.81897,14.81897,14.81897,14.81897,14.81897,
14.81897,14.81897,14.81897,14.81897,14.81897,14.81897,14.81897,14.81897,14.81897,14.81897,14.81897,14.81897,14.81897,14.81897,14.81897,14.81897,14.81897,14.81897,14.81897,14.81897,14.81897,14.81897,14.81897,14.81897,14.81897,14.81897,14.81897,11.32434,14.81897,14.81897,
14.81897,14.81897,14.81897,14.81897,14.81897,14.81897,14.81897,14.81897,14.81897,14.81897,14.81897,14.81897,14.81897,38.37969,14.81897,14.81897,14.81897,14.81897,14.81897,14.81897,14.81897,14.81897,14.81897,14.81897,14.81897,14.81897,14.81897,14.81897,14.81897,14.81897,
14.81897,14.81897,14.81897,23.85303,36.66725,14.81897,14.81897,14.81897,14.81897,14.81897,14.81897,14.81897,17.76152,14.81897,14.81897,14.81897,14.81897,14.81897,14.81897,14.81897,60.31258,14.81897,14.81897,14.81897,14.81897,57.48211,14.81897,14.81897,14.81897,14.81897,
14.81897,14.81897,14.81897,14.81897,17.76152,50.49397,62.53913,14.81897,41.06705,49.64574,14.81897,14.81897,14.81897,14.81897,14.81897,14.81897,14.81897,14.81897,14.81897,14.81897,14.81897,14.81897,14.81897,14.81897,14.81897,14.81897,14.81897,14.81897,14.81897,14.81897,
14.81897,14.81897,14.81897,14.81897,14.81897,14.81897,14.81897,14.81897,14.81897,14.81897,14.81897,14.81897,14.81897,14.81897,14.81897,14.81897,14.81897,14.81897,14.81897,14.81897,14.81897,14.81897,14.81897,14.81897,14.81897,98.93279,17.76152,14.81897,14.81897,14.81897,
14.81897,14.81897,14.81897,48.49451,14.81897,14.81897,14.81897,14.81897,14.81897,14.81897,14.81897,14.81897,14.81897,14.81897,14.81897,14.81897,14.81897,14.81897,55.07249,14.81897,14.81897,14.81897,14.81897,14.81897,14.81897,14.81897,98.54487,14.81897,14.81897,14.81897,
14.81897,14.81897,14.81897,14.81897,14.81897,14.81897,14.81897,14.81897,20.50765,14.81897,14.81897,14.81897,14.81897,14.81897,14.81897,14.81897,14.81897,14.81897,14.81897,14.81897,14.81897,14.81897,14.81897,14.81897,14.81897,14.81897,14.81897,14.81897,14.81897,14.81897,
14.81897,14.81897,14.81897,14.81897,14.81897,14.81897,14.81897,14.81897,14.81897,14.81897,14.81897,14.81897,14.81897,14.81897,14.81897,14.81897,14.81897,14.81897,14.81897,14.81897,14.81897,14.81897,14.81897,14.81897,20.50765,14.81897,14.81897,14.81897,14.81897,14.81897,
14.81897,14.81897,14.81897,14.81897,14.81897,14.81897,14.81897,14.81897,14.81897,14.81897,14.81897,28.833,14.81897,14.81897,14.81897,14.81897,14.81897,14.81897,14.81897,14.81897,14.81897,14.81897,14.81897,14.81897,14.81897,14.81897,14.81897,14.81897,14.81897,60.06152,
14.81897,14.81897,14.81897,14.81897,87.70615,14.81897,55.08797,14.81897,14.81897,14.81897,14.81897,14.81897,14.81897,14.81897,14.81897,14.81897,14.81897,14.81897,14.81897,14.81897,14.81897,14.81897,14.81897,14.81897,14.81897,14.81897,14.81897,14.81897,14.81897,14.81897,
14.81897,14.81897,14.81897,14.81897,14.81897,14.81897,14.81897,14.81897,14.81897,14.81897,14.81897,14.81897,14.81897,14.81897,14.81897,14.81897,14.81897,14.81897,14.81897,14.81897,15.80885,14.81897,14.81897,14.81897,14.81897,14.81897,14.81897,14.81897,14.81897,59.54203,
14.81897,14.81897,14.81897,14.81897,14.81897,14.81897,14.81897,14.81897,15.80885,14.81897,14.81897,14.81897,14.81897,14.81897,14.81897,14.81897,14.81897,14.81897,21.12875,14.81897,14.81897,14.81897,14.81897,14.81897,14.81897,14.81897,14.81897,14.81897,14.81897,14.81897,
14.81897,14.81897,14.81897,14.81897,14.81897,14.81897,14.81897,14.81897,14.81897,21.12875,14.81897,14.81897,14.81897,14.81897,14.81897,14.81897,14.81897,14.81897,14.81897,14.81897,14.81897,14.81897,14.81897,14.81897,14.81897,14.81897,14.81897,14.81897,14.81897,14.81897,
14.81897,14.81897,14.81897,14.81897,14.81897,14.81897,14.81897,14.81897,14.81897,14.81897,14.81897,14.81897,14.81897,14.81897,14.81897,14.81897,14.81897,14.81897,14.81897,14.81897,14.81897,14.81897,14.81897,14.81897,14.81897,14.81897,14.81897,14.81897,14.81897,14.81897,
14.81897,14.81897,14.81897,14.81897,14.81897,14.81897,14.81897,14.81897,14.81897,14.81897,14.81897,14.81897,14.81897,14.81897,14.81897,14.81897,14.81897,14.81897,14.81897,14.81897,14.81897,14.81897,14.81897,14.81897,14.81897,14.81897,14.81897,14.81897,14.81897,14.81897,
14.81897,14.81897,14.81897,14.81897,14.81897,14.81897,14.81897,14.81897,14.81897,14.81897,14.81897,14.81897,14.81897,14.81897,14.81897,14.81897,14.81897,14.81897,14.81897,39.68324,14.81897,14.81897,14.81897,14.81897,14.81897,14.81897,14.81897,14.81897,14.81897,14.81897,
14.81897,14.81897,14.81897,14.81897,14.81897,14.81897,14.81897,14.81897,14.81897,14.81897,14.81897,14.81897,14.81897,14.81897,14.81897,14.81897,14.81897,14.81897,14.81897,14.81897,14.81897,14.81897,14.81897,14.81897,14.81897,14.81897,14.81897,14.81897,14.81897,14.81897,
14.81897,14.81897,14.81897,14.81897,14.81897,14.81897,14.81897,14.81897,14.81897,14.81897,14.81897,66.55324,14.81897,14.81897,14.81897,14.81897,14.81897,14.81897,14.81897,14.81897,14.81897,14.81897,14.81897,14.81897,14.81897,14.81897,14.81897,14.81897,14.81897,80.93024,
14.81897,14.81897,14.81897,14.81897,14.81897,14.81897,14.81897,14.81897,14.81897,14.81897,14.81897,14.81897,14.81897,14.81897,14.81897,14.81897,14.81897,14.81897,14.81897,14.81897,14.81897,14.81897,14.81897,14.81897,14.81897,14.81897,14.81897,14.81897,14.81897,14.81897,
14.81897,14.81897,14.81897,14.81897,14.81897,14.81897,14.81897,14.81897,14.81897,14.81897,14.81897,14.81897,14.81897,14.81897,14.81897,14.81897,14.81897,14.81897,14.81897,14.81897,14.81897,14.81897,14.81897,14.81897,14.81897,14.81897,14.81897,14.81897,14.81897,14.81897,
14.81897,14.81897,14.81897,14.81897,14.81897,14.81897,14.81897,14.81897,14.81897,14.81897,14.81897,14.81897,14.81897,14.81897,14.81897,14.81897,14.81897,14.81897,14.81897,14.81897,14.81897,14.81897,14.81897,14.81897,14.81897,14.81897,14.81897,14.81897,14.81897,14.81897,
14.81897,14.81897,14.81897,14.81897,14.81897,14.81897,14.81897,14.81897,14.81897,14.81897,14.81897,14.81897,14.81897,14.81897,14.81897,14.81897,14.81897,14.81897,14.81897,14.81897,14.81897,14.81897,14.81897,14.81897,14.81897,14.81897,14.81897,14.81897,14.81897,14.81897,
14.81897,14.81897,14.81897,14.81897,14.81897,14.81897,14.81897,10.87403,26.9679,14.81897,14.81897,14.81897,14.81897,14.81897,14.81897,14.81897,14.81897,14.81897,14.81897,14.81897,14.81897,14.81897,14.81897,14.81897,14.81897,14.81897,14.81897,14.81897,14.81897,14.81897,
14.81897,14.81897,14.81897,14.81897,14.81897,14.81897,14.81897,14.81897,14.81897,14.81897,14.81897,14.81897,14.81897,14.81897,14.81897,14.81897,14.81897,14.81897,14.81897,14.81897,14.81897,14.81897,14.81897,14.81897,14.81897,14.81897,14.81897,14.81897,14.81897,14.81897,
14.81897,14.81897,14.81897,14.81897,14.81897,14.81897,14.81897,14.81897,14.81897,14.81897,14.81897,14.81897,62.59919,14.81897,14.81897,14.81897,14.81897,14.81897,14.81897,14.81897,14.81897,14.81897,14.81897,14.81897,14.81897,14.81897,14.81897,14.81897,14.81897,14.81897,
14.81897,14.81897,14.81897,14.81897,14.81897,14.81897,14.81897,14.81897,14.81897,14.81897,14.81897,14.81897,14.81897,14.81897,14.81897,14.81897,14.81897,14.81897,14.81897,14.81897,14.81897,14.81897,14.81897,14.81897,14.81897,14.81897,14.81897,14.81897,14.81897,14.81897,
14.81897,14.81897,14.81897,14.81897,14.81897,14.81897,14.81897,14.81897,14.81897,14.81897,14.81897,14.81897,41.47863,14.81897,14.81897,14.81897,14.81897,14.81897,14.81897,14.81897,14.81897,14.81897,14.81897,14.81897,14.81897,14.81897,69.70459,51.48956,14.81897,14.81897,
14.81897,14.81897,14.81897,14.81897,14.81897,14.81897,14.81897,14.81897,14.81897,14.81897,14.81897,14.81897,14.81897,14.81897,14.81897,87.4703,14.81897,14.81897,14.81897,14.81897,14.81897,14.81897,14.81897,14.81897,77.15968,14.81897,14.81897,14.81897,14.81897,14.81897,
14.81897,14.81897,14.81897,14.81897,14.81897,14.81897,14.81897,14.81897,14.81897,53.54118,14.81897,14.81897,14.81897,14.81897,14.81897,14.81897,14.81897,14.81897,14.81897,14.81897,14.81897,87.4703,14.81897,14.81897,14.81897,14.81897,14.81897,14.81897,14.81897,14.81897,
14.81897,14.81897,14.81897,14.81897,14.81897,14.81897,65.5956,14.81897,14.81897,14.81897,14.81897,14.81897,14.81897,14.81897,14.81897,14.81897,14.81897,14.81897,14.81897,14.81897,14.81897,14.81897,14.81897,14.81897,14.81897,14.81897,14.81897,14.81897,14.81897,14.81897,
14.81897,14.81897,14.81897,14.81897,14.81897,14.81897,14.81897,14.81897,14.81897,14.81897,14.81897,14.81897,65.5956,14.81897,14.81897,14.81897,14.81897,14.81897,14.81897,14.81897,14.81897,14.81897,14.81897,14.81897,14.81897,14.81897,14.81897,14.81897,14.81897,14.81897,
14.81897,14.81897,14.81897,14.81897,14.81897,14.81897,14.81897,14.81897,14.81897,14.81897,14.81897,14.81897,14.81897,14.81897,14.81897,14.81897,14.81897,14.81897,11.45672,14.81897,14.81897,14.81897,14.81897,14.81897,14.81897,14.81897,14.81897,14.81897,14.81897,14.81897,
14.81897,14.81897,14.81897,14.81897,14.81897,14.81897,14.81897,14.81897,14.81897,14.81897,14.81897,14.81897,14.81897,14.81897,14.81897,14.81897,14.81897,14.81897,17.24328,14.81897,14.81897,14.81897,14.81897,14.81897,14.81897,14.81897,14.81897,14.81897,14.81897,14.81897,
17.24328,14.81897,14.81897,14.81897,90.31252,14.81897,14.81897,14.81897,17.24328,14.81897,14.81897,17.24328,14.81897,17.24328,14.81897,14.81897,14.81897,14.81897,14.81897,14.81897,14.81897,14.81897,14.81897,14.81897,14.81897,14.81897,14.81897,14.81897,14.81897,14.81897,
14.81897,14.81897,14.81897,17.24328,14.81897,14.81897,14.81897,14.81897,14.81897,14.81897,12.14208,14.81897,14.81897,14.81897,14.81897,14.81897,17.24328,14.81897,14.81897,14.81897,17.24328,14.81897,14.81897,14.81897,14.81897,14.81897,14.81897,14.81897,14.81897,14.81897,
14.81897,14.81897,14.81897,14.81897,17.24328,12.14208,14.81897,17.24328,17.24328,14.81897,14.81897,14.81897,14.81897,14.81897,14.81897,14.81897,14.81897,14.81897,14.81897,14.81897,14.81897,14.81897,85.89632,14.81897,14.81897,14.81897,14.81897,17.24328,14.81897,14.81897,
14.81897,14.81897,17.24328,14.81897,14.81897,14.81897,14.81897,17.24328,14.81897,14.81897,14.81897,17.24328,14.81897,14.81897,14.81897,14.81897,14.81897,14.81897,14.81897,14.81897,14.81897,14.81897,14.81897,14.81897,17.24328,14.81897,85.89632,14.81897,17.24328,14.81897,
14.81897,14.81897,17.24328,14.81897,14.81897,14.81897,14.81897,17.24328,17.24328,14.81897,14.81897,42.36902,17.24328,17.24328,14.81897,14.81897,14.81897,14.81897,17.24328,17.24328,14.81897,14.81897,14.81897,17.24328,14.81897,14.81897,14.81897,14.81897,14.81897,14.81897,
14.81897,14.81897,14.81897,14.81897,14.81897,14.81897,14.81897,14.81897,14.81897,14.81897,14.81897,14.81897,14.81897,14.81897,14.81897,17.24328,14.81897,14.81897,14.81897,14.81897,14.81897,14.81897,14.81897,14.81897,14.81897,14.81897,17.24328,14.81897,14.81897,94.73491,
14.81897,14.81897,14.81897,14.81897,14.81897,14.81897,14.81897,14.81897,14.81897,14.81897,14.81897,14.81897,14.81897,14.81897,51.8115,14.81897,14.81897,14.81897,14.81897,14.81897,14.81897,14.81897,14.81897,14.81897,14.81897,14.81897,14.81897,14.81897,14.81897,14.81897,
14.81897,14.81897,14.81897,14.81897,14.81897,14.81897,14.81897,14.81897,14.81897,14.81897,14.81897,14.81897,14.81897,14.81897,14.81897,14.81897,14.81897,14.81897,14.81897,14.81897,14.81897,14.81897,14.81897,14.81897,14.81897,14.81897,14.81897,14.81897,14.81897,14.81897,
14.81897,14.81897,37.00456,14.81897,14.81897,14.81897,14.81897,14.81897,14.81897,14.81897,92.57889,14.81897,14.81897,14.81897,14.81897,97.17573,14.81897,14.81897,14.81897,14.81897,14.81897,14.81897,14.81897,14.81897,14.81897,14.81897,14.81897,14.81897,14.81897,14.81897,
14.81897,14.81897,14.81897,14.81897,14.81897,14.81897,14.81897,14.81897,14.81897,14.81897,14.81897,14.81897,14.81897,14.81897,14.81897,14.81897,14.81897,14.81897,14.81897,14.81897,14.81897,14.81897,37.00456,14.81897,14.81897,38.15301,14.81897,14.81897,14.81897,14.81897,
14.81897,14.81897,99.81728,14.81897,14.81897,14.81897,14.81897,14.81897,45.27736,14.81897,14.81897,14.81897,14.81897,14.81897,14.81897,14.81897,14.81897,14.81897,14.81897,14.81897,14.81897,14.81897,14.81897,14.81897,14.81897,14.81897,14.81897,14.81897,14.81897,14.81897,
14.81897,14.81897,14.81897,14.81897,14.81897,14.81897,14.81897,14.81897,14.81897,14.81897,14.81897,14.81897,14.81897,14.81897,14.81897,14.81897,14.81897,14.81897,14.81897,14.81897,14.81897,14.81897,14.81897,14.81897,14.81897,14.81897,14.81897,14.81897,14.81897,14.81897,
14.81897,14.81897,14.81897,14.81897,14.81897,14.81897,14.81897,14.81897,14.81897,69.327,14.81897,14.81897,14.81897,14.81897,14.81897,14.81897,14.81897,14.81897,14.81897,14.81897,14.81897,14.81897,14.81897,14.81897,14.81897,14.81897,14.81897,14.81897,14.81897,14.81897,
14.81897,14.81897,14.81897,14.81897,14.81897,14.81897,14.81897,14.81897,14.81897,14.81897,14.81897,14.81897,14.81897,14.81897,14.81897,14.81897,14.81897,14.81897,14.81897,14.81897,14.81897,14.81897,14.81897,14.81897,14.81897,14.81897,14.81897,14.81897,14.81897,14.81897,
14.81897,14.81897,14.81897,14.81897,14.81897,14.81897,14.81897,14.81897,14.81897,14.81897,14.81897,14.81897,14.81897,14.81897,14.81897,14.81897,14.81897,14.81897,14.81897,14.81897,14.81897,14.81897,14.81897,14.81897,14.81897,14.81897,14.81897,14.81897,14.81897,14.81897,
