0
0.4079015
0.4083643
0.4084239
0.4083311
0.4083064
0.4082561
0.4082551
0.4083771
0.4084502
0.4086261
0.408277
0.4082627
0.4083084
0.4083883
0.4083294
0.408355
0.4081711
0.4083553
0.4082426
0.4082637
0.4083382
0.4083005
0.408217
0.4083271
0.4084009
0.4082113
0.4082842
0.4082214
0.4083346
0.4082167
0.4082012
0.4082596
0.4082561
0.4080251
0.4083212
0.4085065
0.4081481
0.4082403
0.4082626
0.4083085
0.4082935
0.408355
0.408433
0.4084091
0.4084225
0.4085151
0.4085194
0.4084086
0.4083486
0.4084952
0.4082128
0.408246
0.4083736
0.4084138
0.4085123
0.408329
0.408059
0.4083297
0.4083182
0.4084364
0.407839
0.4082913
0.4082743
0.4083548
0.4084944
0.4084328
0.4083405
0.4083706
0.408323
0.4082756
0.4083124
0.4083394
0.4084146
0.4085223
0.4087797
0.4079951
0.4081653
0.4082675
0.4081659
0.4078756
0.4083597
0.408314
0.408233
0.4083388
0.4081987
0.4082785
0.4084269
0.408337
0.4085504
0.4083998
0.4081787
0.408294
0.4082987
0.4084088
0.4084216
0.4083636
0.4081669
0.4082731
0.4082157
0.408216
0.4084947
0.4080636
0.4084203
0.4081844
0.4083721
0.4083868
0.4083433
0.4083878
0.408347
0.4083761
0.4087937
0.408457
0.4081556
0.4083407
0.4082106
0.4083889
0.4080543
0.408087
0.4081691
0.4081916
0.4081888
0.4083551
0.4084086
0.4086205
0.4084162
0.4084226
0.4085296
0.4084378
0.4083824
0.4084141
0.408456
0.4084155
0.4083709
0.4084367
0.4082442
0.4082249
0.4086358
0.4082562
0.4083227
0.4081748
0.4081811
0.4083185
0.4083542
0.4082937
0.4081268
0.4082211
0.4081634
0.408196
0.4081077
0.4082915
0.4081633
0.4082052
0.4082318
0.4083346
0.4083981
0.4081054
0.4084691
0.408279
0.4083888
0.4083521
0.4083662
0.4081688
0.4081484
0.4083086
0.4084012
0.4083029
0.4083008
0.4083804
0.4083582
0.4083916
0.4083999
0.4084294
0.4084107
0.408385
0.4084468
0.4083559
0.4084605
0.4083396
0.4084558
0.4084117
0.4084851
0.4085044
0.4084662
0.4083928
0.4083404
0.4083192
0.4082219
0.4080277
0.4080625
0.4082808
0.4082373
0.4082153
0.4082343
0.4081019
0.4081937
0.4083581
0.4083293
0.4082952
0.4083159
0.4081623
0.4083188
0.4082518
0.4082986
0.4082137
0.4085149
0.4085035
0.4080765
0.4084794
0.4085836
0.408204
0.4083042
0.4084085
0.408288
0.4084118
0.4083351
0.4083822
0.4083354
0.4084695
0.4085087
0.4083932
0.4084008
0.4084304
0.4083663
0.4082691
0.4083726
0.4083712
0.4084032
0.4084035
0.4084291
0.4082884
0.4084203
0.4083433
0.4083346
0.408322
0.4082859
0.4083884
0.4083835
0.4082456
0.4082588
0.4083862
0.4083487
0.4082935
0.4083888
0.408013
0.4083446
0.4080942
0.4083331
0.4081552
0.4082206
0.4082104
0.4081669
0.4082323
0.4084372
0.4079323
0.4082602
0.40818
0.4083107
0.4082416
0.408208
0.4078988
0.4083063
0.4083712
0.4086632
0.4081864
0.4080382
0.4081986
0.408418
0.4083735
0.4084596
0.4084255
0.40836
0.4082345
0.4083093
0.4082071
0.4085889
0.408211
0.4080952
0.4080298
0.408197
0.4082126
0.4080315
0.4083702
0.408614
0.4084449
0.408327
0.408629
0.4082184
0.4082081
0.4085011
0.4083694
0.4086219
0.4080829
0.4084466
0.4084394
0.4081042
0.4083751
0.4082363
0.4082054
0.4081744
0.4083843
0.408373
0.4081927
0.4085548
0.4081811
0.4082905
0.4083201
0.4082359
0.4079041
0.4083794
0.4084557
0.4082826
0.4081357
0.4082323
0.4082033
0.4085556
0.4085112
0.4082835
0.4078919
0.4080916
0.4082379
0.4084367
0.4083988
0.4078499
0.4082377
0.4082835
0.4081688
0.4079902
0.4082277
0.4081657
0.4081817
0.4081191
0.4081685
0.40863
0.4082602
0.4080229
0.4081113
0.4082819
0.4083208
0.4084762
0.4084175
0.4085295
0.4082442
0.4082114
0.4085933
0.4082631
0.4082264
0.4079873
0.4081391
0.4083864
0.4081911
0.4084601
0.4083289
0.4084238
0.4083453
0.4083188
0.4081057
0.4081582
0.4081473
0.4079939
0.4084448
0.4082457
0.4083484
0.408436
0.4083012
0.4084528
0.4081541
0.4082057
0.408546
0.4084082
0.4083619
0.4082513
0.4083522
0.4082482
0.4082871
0.4082526
0.4081673
0.4081375
0.4085498
0.4085453
0.4080814
0.408169
0.4080332
0.4082157
0.4085678
0.4079727
0.4079166
0.4082293
0.4085009
0.4081956
0.4085804
0.4084058
0.4083858
0.4083643
0.4082818
0.4089094
0.4090464
0.4094895
0.4100283
0.4100743
0.4100216
0.4099742
0.4098906
0.4099747
0.4090908
0.4092639
0.4101858
0.4088324
0.4102001
0.4087386
0.4090456
0.4100833
0.4101502
0.4092353
0.4101244
0.4101482
0.4100104
0.4101987
0.4099392
0.4102291
0.410126
0.4100596
0.410042
0.4100539
0.4101288
0.4093052
0.409027
0.4090746
0.4091528
0.410146
0.4101582
0.4099519
0.4093901
0.410021
0.4100669
0.4090925
0.4101069
0.4099272
0.4101191
0.4100986
0.4100584
0.4100782
0.4102669
0.4099925
0.4100544
0.4101836
0.4100817
0.4100805
0.4099083
0.4090286
0.4100429
0.4090836
0.4101787
0.4091783
0.409213
0.4090379
0.4088194
0.4091377
0.4092816
0.4089846
0.4090111
0.4092322
0.408945
0.4089065
0.4088409
0.4089002
0.4089015
0.4088918
0.4087775
0.4101422
0.4090084
0.4092709
0.4091713
0.4098758
0.4105378
0.410505
0.4105457
0.41063
0.4104962
0.4105828
0.4105173
0.4105291
0.4102987
0.4103426
0.4104169
0.4104767
0.4104559
0.4103826
0.4106432
0.4105928
0.4103259
0.4107062
0.4104549
0.410507
0.4106629
0.4104424
0.4105718
0.4106612
0.410663
0.4106743
0.410213
0.4106201
0.4107631
0.4105245
0.4102965
0.4100024
0.409973
0.410522
0.4103793
0.4102864
0.4105053
0.4104104
0.4105666
0.410432
0.4104327
0.4104246
0.4103932
0.4106232
0.4104339
0.4100256
0.410451
0.4103943
0.4100243
0.4102948
0.4104899
0.4104013
0.4104523
0.4104125
0.4106463
0.4105138
0.4103434
0.4104407
0.4106185
0.4102707
0.410612
0.4105898
