-2.2116E-07
-2.2116E-07
-2.2116E-07
-2.2116E-07
-1.201959E-06
5.752576E-05
-8.606294E-07
-2.832821E-06
0.0001236061
-1.881504E-06
-5.294278E-06
0.0001879674
-3.400899E-06
-8.694071E-06
0.0002480528
-5.498063E-06
-1.318305E-05
0.0003052516
-8.314557E-06
-3.506624E-07
-3.506624E-07
-3.506624E-07
-1.930787E-06
0.0001322235
1.352416E-05
-4.375159E-06
0.0002362107
3.049208E-05
-8.076119E-06
0.0003298118
4.528435E-05
-1.325777E-05
0.0004337338
5.827953E-05
-2.013941E-05
0.0005500742
6.966903E-05
-5.426467E-07
-5.426467E-07
-5.426467E-07
-3.870422E-06
0.000284226
6.200171E-05
-8.123166E-06
0.0004475286
0.0001169332
-1.43777E-05
0.0005799906
0.0001638686
-2.291426E-05
0.0007140609
0.0002074549
-3.423812E-05
0.0008736261
0.0002504354
-7.641449E-07
-7.641449E-07
-7.641449E-07
-7.071839E-06
0.0006482193
0.0001576632
-1.383688E-05
0.0009302574
0.0002557038
-2.349108E-05
0.001166257
0.000336824
-3.645377E-05
0.001386303
0.0004094969
-5.327788E-05
0.001624374